NA NA NA NA NA NA NA NA NA NA NA NA NA NA NA NA NA NA NA
NA NA NA NA NA NA NA NA NA NA NA NA NA NA NA NA NA NA NA
NA NA NA NA NA NA NA NA NA NA NA NA NA NA NA NA NA NA NA
NA NA NA NA NA NA NA NA NA NA NA NA NA NA NA NA NA NA NA
NA NA NA NA NA NA NA NA NA NA NA NA NA NA NA NA NA NA NA
NA NA NA NA NA NA NA NA NA NA NA NA NA NA NA NA NA NA NA
NA NA NA NA NA NA NA NA NA NA NA NA NA NA NA NA NA NA NA
NA NA NA NA NA NA NA NA NA NA NA NA NA NA NA NA NA NA NA
NA NA NA NA NA NA NA NA NA NA NA NA NA NA NA NA NA NA NA
NA NA NA NA NA NA NA NA NA NA NA NA NA NA NA NA NA NA NA
NA NA NA NA NA NA NA NA NA NA NA NA NA NA NA NA NA NA NA
NA NA NA NA NA NA NA NA NA NA NA NA NA NA NA NA NA NA NA
NA NA NA NA NA NA NA NA NA NA NA NA NA NA NA NA NA NA NA
NA NA NA NA NA NA NA NA NA NA NA NA NA NA NA NA NA NA NA
NA NA NA NA NA NA NA NA NA NA NA NA NA NA NA NA NA NA NA
NA NA NA NA NA NA NA NA NA NA NA NA NA NA NA NA NA NA NA
NA NA NA NA NA NA 0.306277565276582 0.518945833106715 0.416576897447152 0.504727047034311 0.335461279931342 0.473647358444415 0.283347416335307 0.141644301933901 0.397548319959056 0.735741443601359 0.419520914936699 0.745899235350897 0.308465249312679
NA NA NA NA NA NA 0.419879227587688 0.383868353774879 0.316182676389378 0.341336617242527 0.317660043965163 0.438329164636515 0.254399656899167 0.565662625908008 0.78021769354738 0.323009334678297 0.702582202175047 0.777851584619012 0.456816830731657
NA NA NA NA NA NA 0.604253925095013 0.505890435454261 0.502331365646974 0.438369262844647 0.413154968663608 0.424345697327872 0.363229564281698 0.582926737479422 0.388145165462771 0.278789211696828 0.718816589302641 0.575034817190957 NA
NA NA NA NA NA NA 0.925602200043648 0.304120657193184 0.765142517253464 0.273249169502473 0.457701506110545 0.634484470851228 0.545397362230617 0.34474814298677 0.738710276871223 0.551722159963115 0.423873282675089 NA NA
NA NA NA NA NA NA 0.777786305650752 0.352092824517403 0.566333868786971 0.372848844176488 0.297348925807777 0.333280902220897 0.332801016043127 0.480527228759879 0.386771606874776 0.312239143516619 NA NA NA
NA NA NA NA NA NA 0.831559152010078 0.59035860120248 0.596747685802201 0.455765306073172 0.456644593475945 0.362110653365888 0.73529688582992 0.25485044987971 0.359140761475326 0.199273322907607 0.57581522013474 NA NA
NA NA NA NA NA NA 0.721646291346983 0.579756951569061 0.850305732348732 0.570243383850238 0.482016632953702 0.260440308210289 0.494105657452815 0.512434394287595 0.367983012050699 0.148125697532437 0.146546070661028 NA NA
NA NA NA NA NA NA 0.87055101463742 0.881337771828732 0.883996416440409 0.735754001182272 0.405329072895044 0.599724977754424 0.277506250298445 0.635365156294865 0.589437805802172 0.39329153085848 0.615560163775349 0.258838994542698 NA
NA NA NA NA NA NA 1.10327167300454 1.23911785903778 1.06059674328981 0.945499313749839 0.507379599254029 0.56092946236269 0.118000795543253 0.552586367266923 0.572825169549496 0.586245982866557 0.358892280753109 0.4789883667275 NA
NA NA NA NA NA NA 1.40942316820212 1.18139566646733 0.656815671198269 0.986288318037167 0.485270986447405 0.915003181962017 0.61781826255305 0.54389329958352 0.526261310278172 0.342095193265553 0.363690793594628 0.140875772792932 NA
NA NA NA NA NA NA 1.26008165586566 1.3897372377794 0.9045304344772 1.10755802415276 0.834434121133414 0.678615209608968 0.758907864231942 0.633640843798196 0.567476837503578 0.574804346270071 0.0213181182926974 0.467704312677637 NA
NA NA NA NA NA NA 1.27508819681384 1.20408912642178 1.0186561041892 1.10256305395896 0.917044998147103 0.684095427030032 0.625802446706889 0.497649813819246 0.288583806385072 0.654075693236799 0.200822888312863 0.0274618918369466 NA
NA NA NA NA NA NA 1.42074758295469 1.1601269533758 0.895064768570671 0.64564989795745 1.16083972659809 0.945260120472574 0.952726841340997 0.754985351913116 0.534986169327009 0.498463801196277 0.262556249397087 0.128816834027211 NA
NA NA NA NA NA NA 1.16041844825896 0.976196105111999 0.870238983450005 0.90835928457284 0.748960324429596 1.07486284490528 0.82893191614112 0.695278980769247 0.670385867390794 0.262005261038535 0.419761739049566 0.740565944003508 NA
NA NA NA NA NA NA 1.24828762469096 1.17184129015177 0.69526643968717 1.01827726993797 0.697223238523995 0.900026965522473 1.15134402373976 0.930094013316469 0.61932120935244 0.32160658298377 0.585761691516873 0.593194860273872 NA
NA NA NA NA NA NA 1.2246510514014 1.00091169813912 1.03576943154834 0.896284500897219 0.926419589227988 1.04426237156099 0.999126876504171 0.924223449160344 0.686285476360222 0.606373738387273 0.588268395740211 NA NA
NA NA NA NA NA NA 1.09339053438621 0.845773171147916 0.778711174484574 0.853907087232515 1.17555237851255 1.20451249748264 1.01641823046945 0.933031557157914 0.978097263127336 0.647849580263927 0.811632583628038 NA NA
NA NA NA NA NA NA 0.987468990751477 0.984497365923151 0.789344604100961 0.863558989789628 1.40360162943936 1.09473204051714 0.75265073393857 0.739047793585395 0.815607718779842 0.444524802944773 0.475597331650362 NA NA
NA NA NA NA NA NA 0.693546291616167 1.09142291857483 0.982465374315786 1.06768325061467 1.21632434052631 1.09524880069102 0.895473081853611 1.02424400681037 0.758580069889239 0.639237095596796 0.57320631291033 0.484358599648996 NA
NA NA NA NA NA NA 0.915372344951697 1.07644505622268 0.949200138423691 1.24988509846424 0.844443296075017 1.04875393010259 0.903188888228134 1.01225626447091 0.968422678423862 0.264036747704737 0.546586865052703 0.565459745310757 NA
NA NA NA NA NA NA 1.11058155842719 0.764428332043643 0.539455023902322 0.914252595061215 1.17850112474673 1.23953682721353 1.07078939343437 0.798695272844566 0.786281844015898 0.483564266541912 0.755483930438505 0.568656584058625 0.608214947568311
NA NA NA NA NA NA 0.790733004616085 0.73401377675419 1.1199519503801 0.987746813170995 1.01793197053972 1.01687687713485 0.994552304718364 0.977134086697243 0.808107433476685 0.894790528638843 0.889841067822351 0.510850186706892 0.524725795304081
NA NA NA NA NA NA 1.10842075317869 0.778894199811765 0.972885833174112 1.04974966991076 1.15775427932281 1.09229607169187 0.770268931490849 0.855088799327081 0.59555070710783 0.780440809015714 0.42509039853596 0.324118638647662 0.462051669988588
NA NA NA NA NA NA 0.892298140531512 0.969078356086307 0.890618009193113 1.266244134277 1.38106233931167 1.11389343079319 1.16181999561984 1.18954959755364 0.911229660008014 0.490700138776047 0.766858196971703 0.660581289868506 0.599047288399758
NA NA NA NA NA NA 0.7620817412941 0.878628163445883 0.84351572350241 1.2106061024275 0.990796745109114 0.833903829432424 1.0463811560914 0.943098123267975 1.04197984793661 0.441514868943917 0.644611926769058 0.632312755985591 NA
NA NA NA NA NA NA 0.858256953907952 1.06143713747627 0.870482441277046 0.887437158682914 1.20567806072398 1.32289057452036 0.708286827797989 1.18762430094296 0.616912605977556 0.580418444345277 0.443204601985857 0.23248983839753 NA
NA NA NA NA NA NA 1.1049463768962 1.14100220500722 1.24132801066335 1.16301497080221 1.16138895625586 0.884674321661308 1.21050913271965 1.10344375439264 0.732826926577937 1.01374020411838 0.618909844991908 0.796211194045857 NA
NA NA NA NA NA NA 0.921808023623914 0.748980670277791 0.781797176513854 1.18548010926155 1.06777159587102 1.22484742390467 1.18146668104654 0.81587104095095 0.888036987799901 0.661191465078008 0.636105440736818 0.80569977800109 NA
NA NA NA NA NA NA 0.79532645399554 0.890379524997068 1.01345645359472 1.04408043978137 1.09396017484036 1.19769594831312 1.11169600677478 1.14207952936269 0.939618681220924 0.754885761872981 0.683252432377345 0.382044844073433 NA
NA NA NA NA NA NA 1.02516250271645 0.837990145627326 0.742274069158832 1.2050118174462 1.29588308754314 1.27202477621297 1.09683677329578 0.781412770358305 0.457558604133162 0.822447858605736 0.360217225556961 0.863663812488185 NA
NA NA NA NA NA NA 0.731026267755519 0.9478724822936 1.11577801726427 1.15958480173321 0.998948128898499 1.2840076421064 0.779810116275842 0.880564502298216 0.665410784510883 0.483808866913388 0.661750297287668 0.385374042575373 NA
NA NA NA NA NA NA 0.895342379638748 0.925654478935501 0.995651402998506 1.13220778515676 1.34094107171768 1.29545779169095 1.08880508761857 1.18059717930405 0.431381139496598 0.805515847456943 0.445635932719943 0.380598813241713 NA
NA NA NA NA NA NA 0.901451740583622 1.14227772781273 1.01628321536859 1.34164684165215 1.24933656396936 1.1264704294619 1.02961804737239 1.10690625152384 0.944752511461067 0.567927739268052 0.559004619598479 0.71087443169792 NA
NA NA NA NA NA NA 1.08299910301913 0.839806178702507 1.05799862464271 1.15012746909459 1.48810724770387 0.958049649035821 1.19872843519475 1.0200795441424 0.868258476184203 0.50531781888734 0.240778755596767 NA NA
NA NA NA NA NA NA 0.686389658435521 0.677898601557116 1.23684215463925 1.60535981302683 1.36563270105793 1.32110529048789 1.39335558604137 0.898930187254539 0.694221048100426 0.783641475776795 NA NA NA
NA NA NA NA NA NA 0.847366152720374 0.785109581434487 1.17997523198086 1.26758987500463 1.17492645737278 1.3113700561528 1.160168884634 1.07042701494079 1.10269885651737 0.88106395676383 NA NA NA
NA NA NA NA NA NA 0.844961392568795 0.877795588471584 1.10435269048928 1.20219011008885 1.09980655024666 1.38552027713243 1.17540725314541 1.03770226845783 0.849131477945118 0.818292854336602 NA NA NA
NA NA NA NA NA NA 0.738165488365785 0.770633143685193 1.37415184870068 1.38089787929566 1.53139705839812 1.27656711511719 1.08052344818668 1.06856648683616 0.854925885256205 0.797744469514924 NA NA NA
NA NA NA NA NA NA 0.917875048186975 1.17764971937935 1.03095775220646 1.04401129617505 1.35604469695533 1.44736529647372 1.3268846698853 0.908964913826194 0.829166963141334 0.877904742653878 0.938389099610798 0.82275642815394 NA
NA NA NA NA NA NA 1.14443967488466 0.931292092943488 1.28273928672821 1.41861439672873 1.13500962356908 1.21411241118222 1.19677298903039 0.725119558462698 0.81637660473493 0.802738929578563 0.993273328035652 0.975285634799663 NA
NA NA NA NA NA NA 1.0290283968106 1.1788305849338 1.06985366616075 1.1287904203784 1.29385137248594 1.09029195551239 0.818303547863402 0.939898478458965 1.02970052138106 0.835489061569823 1.04325463717624 0.963307953482979 0.672204157156532
NA NA NA NA NA NA 0.601884571769985 1.1009375715371 1.05180296037437 1.37327425824653 1.61751070919035 1.4385914865551 1.21174541718293 1.11644213970076 1.008487159088 0.882755587999653 0.73772016255458 0.744618790068688 0.74267005648779
NA NA NA NA NA NA 1.203618122856 1.08735574424591 1.07251636979749 1.27782338151434 0.982391498353178 1.29478112274946 1.16845648887649 1.11866176622813 0.905780113172076 0.792703760922791 0.741431259795854 0.49023126808626 0.880810281074096
NA NA NA NA NA NA 1.24123325000594 1.42000485170906 1.24569812127083 1.41079932095477 0.958580216735315 1.36489498876148 1.22907987092985 1.23980662363609 1.13740485128527 0.931959069098067 0.933169432947271 0.81353319639203 NA
NA NA NA NA NA NA 1.29196806779249 1.05314565787056 1.25018449117009 1.34747459820694 0.956523112138108 1.3388151253973 1.05961460604107 1.03241303946031 1.08536712222223 0.888616918526173 0.520493915121798 0.700315074654836 0.844259697882901
NA NA NA NA NA NA 1.13385521000457 1.44990476018074 1.22882056275308 1.10083523651617 1.13236139945773 1.03988714687955 1.09692844455772 1.04215356448607 0.651541361744721 1.2723763592207 1.01768699284036 0.541827374935513 0.525129910479324
NA NA NA NA NA NA 1.07021887955949 1.06754725066075 0.967093953733568 1.08935123299291 1.04086227101603 1.29809146171451 1.15666095874036 0.976397437330273 0.999970517249834 0.676993737069297 0.996053528630025 0.719387649481071 0.908097917260002
NA NA NA NA NA NA 1.43603133036354 1.13240907082821 1.09360588784275 1.58179352960626 1.54910161452615 1.33263704956202 1.34085075541901 1.00819504597575 0.903769421468497 1.03040990319459 0.864030074833925 0.977706198521992 1.03053081431292
NA NA NA NA NA NA 1.30321152700807 1.32277367771682 1.49520189428382 1.4208312957767 1.33107574472241 0.951073981173728 1.00681508507872 0.978896416307515 0.828782800914483 1.02081086433877 0.787741137469078 1.01511906270008 1.0493130776054
NA NA NA NA NA NA 1.26991074586599 1.34993878470123 1.20914159076832 1.52423163162193 1.38198337639113 1.30817122599915 1.08502693868125 0.935773336939968 1.10383757496723 0.848286912093685 0.868902343898831 1.12239727146865 1.21998324839237
NA NA NA NA NA NA 1.58914184478692 1.4800782125999 1.35357112214201 1.34565933008552 1.28668995221913 1.40872354843867 1.42914203515548 1.28281007423122 1.0233004791004 1.20159654597644 1.11974667282154 0.746766882347343 1.15704083388691
NA NA NA NA NA NA 1.36752153260901 1.31776893011273 1.08242802458432 1.211691983065 1.53557880068656 1.35834325562561 1.41706340678857 1.07572930016305 0.955282830029525 0.792026751131153 0.874478909799144 1.15708192758166 0.858650034798338
NA NA NA NA NA NA 1.61094360475826 1.25568294078939 1.36016681210996 1.20897730602918 1.18732960511155 1.49220585790173 1.45599820925764 0.982398105883821 1.25368796981155 0.902764046003092 0.714744450393027 1.05728135866042 0.842160687243183
NA NA NA NA NA NA 1.55455820189309 1.11798982518896 1.6122643249659 1.31419601499302 1.42633090197851 1.12484931354476 1.68551502194027 1.21872489058036 1.13136904571067 0.699251609418836 0.732296462434182 0.803811270425156 1.05341542812421
NA NA NA NA NA NA 1.67980363476037 1.20408475235596 1.24733646748468 1.45871689936759 1.38221826809241 1.27836176425714 1.45306352922513 1.37989355756941 1.22992908967839 0.936145431230674 0.749640809515301 1.10545514595396 1.05399082141383
NA NA NA NA NA NA 1.38841889866032 1.35860324654002 1.52230686049696 1.45086985867736 1.41914865512012 1.73548156358347 1.24646060673703 1.21502259949413 0.984805835426914 0.95039927376866 1.27140629933787 0.983729173809998 NA
NA NA NA NA NA NA 1.38623556587317 1.32495946613733 1.00247815320504 1.15229296056438 1.53362121583262 1.57227880919934 1.51014560903815 1.3801207406772 1.23122385644179 0.631466569517767 0.611354368471079 NA NA
NA NA NA NA NA NA 1.35247093147326 1.44419976376078 1.40882316398916 1.50100336851443 1.64176689606893 1.33828681585183 1.42567798887781 1.11670076880574 1.06627124303664 1.19499451699602 0.769930976195956 NA NA
NA NA NA NA NA NA 1.69502872296358 1.19224767823649 1.39536908398923 1.35440805808003 1.38234919680268 1.55387676227332 1.21795262513227 1.12932148621336 1.09657636486511 1.12220394637 NA NA NA
NA NA NA NA NA NA 1.17988167659585 1.35044410199063 1.46638344145379 1.71267816220224 1.40892256795988 1.50342157950412 1.53846793469959 1.56449384618258 1.02278253831343 1.13958606330601 NA NA NA
NA NA NA NA NA NA 1.68615641561924 1.34526283778737 1.31922767343588 1.47729827115372 1.44824430958454 1.71360203095208 1.33491180638939 1.14857765897039 1.14394558031203 1.3572111052196 NA NA NA
NA NA NA NA NA NA 1.4178771456881 1.55407691783015 1.52015278127738 1.45669167915463 1.45326138852085 1.61979481286701 1.44685023202829 1.28194451071136 1.09603464559112 0.800941226306998 NA NA NA
NA NA NA NA NA NA 1.46851994129408 1.39015892977345 1.43819169426687 1.35437231231154 1.25997461682237 1.05956560793819 1.76251858069383 1.17963000798086 NA NA NA NA NA
NA NA NA NA NA NA 1.39314772054479 1.5508863224031 1.58156783157682 1.67989941495806 1.63824040946102 1.30483704353248 1.47150354390956 1.29686244828792 NA NA NA NA NA
NA NA NA NA NA NA 1.50223963965774 1.10010559588778 1.50170678648161 1.5351743994692 1.35897509942222 1.51963372624602 1.32003858955941 1.42863120992911 NA NA NA NA NA
NA NA NA NA NA NA 1.43165166436232 1.23834678033771 1.38311416654276 1.50514886624049 1.47131796660913 1.71078731276804 1.50040208977315 1.46879976331273 NA NA NA NA NA
NA NA NA NA NA NA 1.63941934345966 1.4270610761823 1.65114584333278 1.69822149548638 1.74900226146584 1.53400941244178 NA NA NA NA NA NA NA
NA NA NA NA NA NA 1.69598146677025 1.59366500794466 1.53223398039109 1.67107762714507 1.29249672939308 1.4035232720816 NA NA NA NA NA NA NA
NA NA NA NA NA NA 1.63914453721914 1.519778904041 1.57672002048169 1.6540063268081 1.50410664498979 1.50757666578514 NA NA NA NA NA NA NA
NA NA NA NA NA NA 1.66841682150678 1.53299918266924 1.53640327695608 1.44025227281117 1.41094828718752 1.26053900451306 NA NA NA NA NA NA NA
NA NA NA NA NA NA 1.7648274667747 1.62744368868802 1.48224167410635 1.58565568548547 1.84629198357399 1.46731491155448 NA NA NA NA NA NA NA
NA NA NA NA NA NA 1.80408114856113 1.56036640792929 1.9371768440279 1.4363096166277 1.62960639215345 1.40887154038658 NA NA NA NA NA NA NA
NA NA NA NA NA NA 1.47607810711969 1.65499540437516 1.31603442069402 1.65127769144803 1.76290129295099 1.45341680442729 NA NA NA NA NA NA NA
NA NA NA NA NA NA NA NA NA NA NA NA NA NA NA NA NA NA NA
NA NA NA NA NA NA NA NA NA NA NA NA NA NA NA NA NA NA NA
NA NA NA NA NA NA NA NA NA NA NA NA NA NA NA NA NA NA NA
NA NA NA NA NA NA NA NA NA NA NA NA NA NA NA NA NA NA NA
NA NA NA NA NA NA NA NA NA NA NA NA NA NA NA NA NA NA NA
NA NA NA NA NA NA NA NA NA NA NA NA NA NA NA NA NA NA NA
NA NA NA NA NA NA NA NA NA NA NA NA NA NA NA NA NA NA NA
NA NA NA NA NA NA NA NA NA NA NA NA NA NA NA NA NA NA NA
NA NA NA NA NA NA NA NA NA NA NA NA NA NA NA NA NA NA NA
NA NA NA NA NA NA NA NA NA NA NA NA NA NA NA NA NA NA NA
NA NA NA NA NA NA NA NA NA NA NA NA NA NA NA NA NA NA NA
