NA NA NA NA NA NA NA NA NA NA NA NA NA NA NA NA NA NA NA
NA NA NA NA NA NA NA NA NA NA NA NA NA NA NA NA NA NA NA
NA NA NA NA NA NA NA NA NA NA NA NA NA NA NA NA NA NA NA
NA NA NA NA NA NA NA NA NA NA NA NA NA NA NA NA NA NA NA
NA NA NA NA NA NA NA NA NA NA NA NA NA NA NA NA NA NA NA
NA NA NA NA NA NA NA NA NA NA NA NA NA NA NA NA NA NA NA
NA NA NA NA NA NA NA NA NA NA NA NA NA NA NA NA NA NA NA
NA NA NA NA NA NA NA NA NA NA NA NA NA NA NA NA NA NA NA
NA NA NA NA NA NA NA NA NA NA NA NA NA NA NA NA NA NA NA
NA NA NA NA NA NA NA NA NA NA NA NA NA NA NA NA NA NA NA
NA NA NA NA NA NA NA NA NA NA NA NA NA NA NA NA NA NA NA
NA NA NA NA NA NA NA NA NA NA NA NA NA NA NA NA NA NA NA
NA NA NA NA NA NA NA NA NA NA NA NA NA NA NA NA NA NA NA
NA NA NA NA NA NA NA NA NA NA NA NA NA NA NA NA NA NA NA
NA NA NA NA NA NA NA NA NA NA NA NA NA NA NA NA NA NA NA
NA NA NA NA NA NA NA NA NA NA NA NA NA NA NA NA NA NA NA
NA NA NA NA NA NA 0.64788071672813 0.370613220829029 0.450775155238751 0.460223055984379 0.469439005003104 0.467443932616192 0.414907846686095 0.784523845781577 0.18234560012139 0.5522247252968 0.736986325164969 0.485417324352451 0.709314392118711
NA NA NA NA NA NA 0.327995231250189 0.414512440368553 0.415239035077613 0.159006170260926 0.165021762341291 0.636255224990106 0.315117060946923 0.493443743416459 0.54968703781122 0.326830406095809 0.495685453773483 0.191025292693846 0.78179435777485
NA NA NA NA NA NA 0.487188615349296 0.186922468189379 0.74712977768862 0.498347559377678 0.467009211432151 0.243743405710167 0.413363069775681 0.915737752979805 0.532099452654935 0.304533092100947 0.590714379596613 0.26597365435379 NA
NA NA NA NA NA NA 0.817264210551714 0.793327785395634 0.629251907604567 0.290616962582006 0.301057156961483 0.164134266706949 0.29672250400284 0.293012846333894 0.73284875321909 0.519060246197869 0.554148100994625 NA NA
NA NA NA NA NA NA 0.691850660807365 0.295613608146667 0.432366372306625 0.501475690350586 0.532959819057092 0.110323276687874 0.3807802989848 0.530209816320893 0.821378441536755 0.154064233147417 NA NA NA
NA NA NA NA NA NA 1.11638078777649 0.697103044072411 0.70526787173276 0.454578736311259 0.444908355290802 0.259238692815344 0.557493470116898 0.600281236724452 0.51485346212449 0.135531219941908 0.712689364164591 NA NA
NA NA NA NA NA NA 0.660327234464548 0.507654550324427 0.629373355565886 0.770903401815768 0.643181226618858 0.521588553153944 0.441781599955414 0.400007377821011 0.554323503925481 0.471638963468092 0.670046899702295 NA NA
NA NA NA NA NA NA 1.06318269454329 0.963967816095631 0.699080329417803 0.558176214932328 0.317042125430427 0.443251036550936 0.586344417212732 0.445523128003797 0.515611047337742 0.650639322327611 0.533734731255329 0.531321484058008 NA
NA NA NA NA NA NA 1.32945368879809 0.777761448688591 0.952993265954637 0.8665043888172 0.334791421003233 0.784238080279596 0.327513390355087 0.838914012780408 0.568786984133051 0.388768345540993 0.543159723625692 0.271642621910803 NA
NA NA NA NA NA NA 1.40869150279243 1.30148375132507 0.881262288144755 0.710044466247915 0.792083867932528 0.857061417901023 0.916012697510609 0.656654329004823 0.383427842542349 0.643660185639808 0.352032124053424 0.396292252488694 NA
NA NA NA NA NA NA 1.18182672195322 1.22799140877961 0.785554492917196 1.06859948645938 0.937479277537692 0.927265333900126 0.630798255578016 0.636760310412928 0.316928854884 0.509060389311183 0.492501761811348 0.546085521165936 NA
NA NA NA NA NA NA 1.28481543835695 0.830575033095589 1.1315555584182 1.14000730742768 1.09514759485771 0.777223440852288 0.655861155896695 0.709365081633262 0.734888863386268 0.480077585626675 0.612925906184533 0.506658952601461 NA
NA NA NA NA NA NA 0.986101393470437 0.977545267023802 0.760661671112307 0.948940334855498 0.867653088573521 1.04958587030149 0.889328805856795 0.950056820322806 0.597130453521878 0.502061371009617 0.52114243175707 0.574331783732002 NA
NA NA NA NA NA NA 1.13665931330803 0.874504529766818 0.931207081920236 0.889679528406794 1.16913118219779 1.15782806246477 0.728874245731285 0.528848568017436 0.535073179269818 0.756332941116611 0.299135854066267 0.462992197067386 NA
NA NA NA NA NA NA 1.24923626921169 0.859277791368372 0.876494204713773 1.15559016830073 0.875825885238618 1.09362871879285 0.82543183146572 0.791757750630671 0.873183606152541 0.322155252752332 0.604315361033052 0.337054399985273 NA
NA NA NA NA NA NA 1.28675401935521 0.757563415974747 0.839726875380332 0.771250898071288 1.02711872214319 0.928120047833059 1.02246231140039 1.18377408253654 0.726282523869646 0.441013583505014 0.389850153363903 NA NA
NA NA NA NA NA NA 1.00618193036682 1.05743817297813 0.833256670418633 0.818806705860352 0.973065272138187 0.874697654967891 0.972667410146125 0.870724714307873 0.826347622243975 0.442120310544422 0.623881271439043 NA NA
NA NA NA NA NA NA 1.26104680865986 1.05057116710424 1.05209897615047 0.976912458787361 0.836577755273669 0.771587889499844 1.14913484941319 0.575518229646417 1.03307302950816 0.417887783477674 0.599282463435483 NA NA
NA NA NA NA NA NA 0.811147928868347 0.755499493270823 0.94881781400667 0.949055313098002 1.06494781734208 1.01237860031437 1.28330731124162 1.21774176631615 0.957958240595943 0.49278548448842 0.51619160130124 0.29721935631361 NA
NA NA NA NA NA NA 1.0203619466374 1.11458808931686 0.694256606035109 1.057175561571 0.826776885583436 1.1674458428685 0.88579106239612 0.69728401717651 0.851476617239715 0.552480576885582 0.332027802633955 0.583954469562661 NA
NA NA NA NA NA NA 0.779831554497434 0.805014398927247 0.936377869859393 1.27127004612154 1.23199030525037 0.918967738983194 1.10465233254479 1.0318148765533 1.18199594013457 0.667460216130905 0.528409706750168 0.778924495876676 0.597016817638373
NA NA NA NA NA NA 1.3078751643077 0.648353184152545 1.04987848183059 0.900831675727022 1.19928737067655 0.745651037043395 0.949385175626459 0.873625859733487 0.661538449388108 0.44724816930947 0.484876615386141 0.0914803103322499 0.480276568020829
NA NA NA NA NA NA 0.759237206812622 0.884211260006013 1.01648958543791 1.08446116561553 1.15879440440037 0.904074791090514 1.16199118502044 0.95150108000949 0.80753625171381 0.517376589968911 0.567034459831682 0.365551131602415 0.638235236689301
NA NA NA NA NA NA 0.962639989689496 0.785010077656942 0.898639254645096 1.35081762135096 0.832933792568623 1.17616189499224 0.929548830622896 1.19234127810069 0.838100531622081 0.764289895374213 0.348130722200702 0.698483618184327 0.280398863659283
NA NA NA NA NA NA 1.00326467395812 0.845818674376497 0.815900152898374 1.00744772135122 1.19413160247157 0.81649978693251 1.07324505040409 0.694621172157546 0.780323733869795 0.577003039877199 0.15022117504662 0.346352458078353 NA
NA NA NA NA NA NA 1.03894597583231 0.969092574900071 0.840727850092982 1.18649027887111 1.05600219471018 1.10692106085523 1.00492838014842 1.00663894945368 0.758133376231946 0.781326486950645 0.589486835325275 0.306427988569027 NA
NA NA NA NA NA NA 0.809324534105401 0.810373946005999 0.901244042716043 0.684828294743422 1.05228021153719 1.18527778819901 1.06818475876815 0.950563096632804 0.85044441899259 0.451338741459635 0.60797585072141 0.586195074990566 NA
NA NA NA NA NA NA 0.553382342494662 1.00571225671853 1.20994323612133 1.38068434929976 1.04095831741524 1.35426603526791 1.01894190384981 1.2027236150149 0.887113980098019 0.694027335062617 0.920206137374848 0.613646990376589 NA
NA NA NA NA NA NA 0.922740066085605 0.686734874918036 0.788573476415479 1.13970709460057 1.35698981778391 0.978117254515659 0.916066270037816 1.01592191764641 0.583598756266446 0.633474258032448 0.53987317181738 0.647512158514906 NA
NA NA NA NA NA NA 0.770402183438734 0.971648753220695 1.09790481767145 1.34348600305611 1.17823545809615 0.966920403403333 1.08229478031985 0.911926127800937 0.71062339206786 0.698839579246616 0.482647583548363 0.461468387164145 NA
NA NA NA NA NA NA 1.2249061939058 1.00826052343316 1.0592385818714 1.01876032329563 1.07842296962504 1.27753030247605 0.989312712296861 0.819097602005188 1.07679826454633 0.577520480761701 0.530657966141213 0.443008070136201 NA
NA NA NA NA NA NA 0.721169137205753 0.741373127935595 1.29011589503628 1.10606265163997 0.965894206042138 1.19719065482872 0.94117513713546 0.818473970694505 0.590063686516021 0.610263149235241 0.366382376182389 0.626193923381268 NA
NA NA NA NA NA NA 0.951676963313747 1.14907423814046 1.20810239848071 1.15900743904563 1.02791728187409 1.3141703402479 1.16665279973312 0.80156333334893 0.767690275989554 0.945420496419036 0.545494035911806 0.621519272474259 NA
NA NA NA NA NA NA 0.643185419116996 0.918531563972532 1.18773481507584 1.01007168004989 1.40215673643866 1.54499975293615 1.33364611059529 0.939662378601142 0.47857296986326 0.667999691722313 0.918864311160305 NA NA
NA NA NA NA NA NA 1.05653939617717 0.999861038671608 1.13574364837692 0.942916641723597 1.16567102493657 1.47439354050768 1.21618017805008 1.0080008609809 0.989588889794641 0.563553753573902 NA NA NA
NA NA NA NA NA NA 0.976464266753622 0.897287534076238 1.25663699680269 1.53219672705963 1.36190884370927 1.03137092329192 1.15483872733702 1.08791560109039 0.770938262336709 0.618795370424337 NA NA NA
NA NA NA NA NA NA 0.681602371556689 0.883779129694942 0.937772507778527 1.27381162786379 1.14594783908508 1.41442728400011 1.33101011657347 0.858714347634942 0.691271390654631 0.668138471906399 NA NA NA
NA NA NA NA NA NA 0.758186157277349 0.822091786687204 1.19501225107398 1.4421898816179 1.27709472489278 1.25439463984129 1.28791154763489 0.807538911393764 0.868545753162363 0.73902168285 NA NA NA
NA NA NA NA NA NA 0.810119931624259 1.04005461879905 1.14696985908856 1.37461122195227 0.846953093081367 1.05133097424609 1.06467420924871 0.752643007709275 0.812385529176964 1.07264856944535 0.84483087553993 0.793340556143659 NA
NA NA NA NA NA NA 0.836283804872623 1.13924628598574 0.86178471550586 1.35079803825556 1.56623616318371 1.4253687004106 1.31133830030625 1.03716294177157 1.13409301077642 0.753904850818483 0.91484569236984 0.62453001996022 NA
NA NA NA NA NA NA 0.998932711173985 0.964595516129548 0.863752770328102 1.1724979500346 1.62122928674654 1.30980093352823 1.19309507945689 0.830760839285544 0.826644851199906 1.08928209577918 0.727442671799675 0.446289403003121 0.616754422087822
NA NA NA NA NA NA 0.838526649892925 1.16755138255042 1.10168456472787 1.08857837678173 1.31947089202925 1.29067413529978 1.07377902388063 0.748127694863775 0.885598338703695 0.950587915690691 0.786756753257749 0.976853288666009 0.489843473248644
NA NA NA NA NA NA 0.940362125828922 0.985555777822946 1.1153603427381 1.27355044194907 1.4343516092302 1.23484653958008 1.33234347678946 1.04154257365346 0.910200568728807 0.947155876348467 0.593162168499866 0.589739010155072 0.748174518931994
NA NA NA NA NA NA 1.05002995478808 1.00838515036692 1.26445527926423 1.16340633820781 0.971451843309518 1.24855977545988 1.22584860257096 1.17595067485654 0.920581859953512 0.889390019252335 0.71332996819873 1.04907776056191 NA
NA NA NA NA NA NA 0.804139452713295 1.2089492180874 1.3140545978887 1.26401546165381 1.35287886181395 1.23973804274401 1.2688543732031 1.29720310741091 0.877113182514114 0.849554322370115 0.950275258878401 0.920350450911079 0.887296889835385
NA NA NA NA NA NA 1.23202727194757 1.25135576316418 1.31260225875663 1.38056299766942 1.23574924952038 1.32880567684085 0.993382974071972 1.00958316021751 0.910953597070205 0.713123745191141 0.869022788224492 0.852993764631756 0.77334972063254
NA NA NA NA NA NA 1.26241605699933 1.35988566171677 1.00540763749392 1.27114559783925 1.50740188313927 1.14956227223372 1.25095987306244 1.07821014542519 0.992294727402605 0.855188212159173 0.951353610460533 0.761373455333766 1.15319899412617
NA NA NA NA NA NA 1.08303152879653 1.31930199092342 1.10046453135665 1.35075129850663 1.17673357371904 1.06608428273879 1.33631180513677 0.999397665628302 1.23230467390026 0.772538312283505 1.2032546478446 1.17563661381739 1.0086758031805
NA NA NA NA NA NA 1.38233659140425 1.36715847528916 1.23711190797575 1.49774877222151 1.47435825178862 1.56320258915642 1.24637257759276 1.09359098858139 0.964372741580877 0.794538470765138 1.15393767826163 0.66796551900814 0.772828719935936
NA NA NA NA NA NA 1.67509901680663 1.09535038408401 1.07390496560784 1.34392947821485 1.18311607120463 1.45821984296524 1.28833869111208 1.19057758008037 0.723166951964566 0.783474423661267 0.705454374853187 0.669214690678726 0.737598276435993
NA NA NA NA NA NA 1.48488745153975 1.64053727223103 1.37107035287974 1.29930834016211 1.32626735957167 1.42404015811816 1.21714253691959 1.10674565726076 0.952653963453657 0.882011938263395 0.80730485560069 0.971375395633991 0.812425371343105
NA NA NA NA NA NA 1.22999574316038 1.13160730741831 1.28227252994602 1.30781950100892 1.19645849367251 1.28126272676468 1.38425548115879 1.18241673320637 0.77501655916963 1.28936982522897 0.783535249352347 0.872343259035145 0.856226099082739
NA NA NA NA NA NA 1.49287488295203 1.27338201272528 1.51475124143402 1.22941421011692 1.35180698371662 1.27706208859294 1.19195140176037 0.640033452106865 1.0308519703034 0.807953984003698 0.918929535160181 0.938790979037507 1.19894524455699
NA NA NA NA NA NA 1.54518641613736 0.995436878439414 1.40598971460558 1.38288306757903 1.49066053325487 1.33681417813078 1.34050270640816 0.975725833187275 0.876538206658241 0.973734217922273 0.910983991423911 0.798953212682769 0.895086537381623
NA NA NA NA NA NA 1.79312948117243 1.29634923285227 1.50262271521713 1.74044986646951 1.43380645698221 1.19810133385887 1.21782904909775 1.07815870662989 1.1637710702267 1.18048726825185 0.919954083245653 0.901936713643065 0.792149555076257
NA NA NA NA NA NA 1.66145413025916 1.49414649025535 1.55258557067377 1.16560974800429 1.4988569799049 1.31330978252866 1.42839027371621 1.15680847903044 1.04536604632771 1.14885935469001 1.00363897754783 1.04237534057359 NA
NA NA NA NA NA NA 1.40092810062767 1.36983095578608 1.36096543062469 1.35960672948288 1.56244888284897 1.21809777383077 1.52900533708869 1.10959928791632 0.664306762639034 1.05749762237287 1.1009870456701 NA NA
NA NA NA NA NA NA 1.42865372445035 1.57628939053815 1.08436606732943 1.5361438788692 1.53142249856586 1.5127646891642 1.3075187577926 1.39661472158497 1.17995072246916 0.907370308177241 1.0133247119667 NA NA
NA NA NA NA NA NA 1.36013432154001 0.937319321648624 1.55031696223316 1.50842721332528 1.43136636249122 1.71780885794629 1.5377198841618 1.39505601770944 0.944533320962097 0.853124481318679 NA NA NA
NA NA NA NA NA NA 1.84494971811365 1.23701355716408 1.25445260169401 1.51890023890371 1.20048552085761 1.37515077849191 1.46990779830546 0.856562388719563 0.64350186961911 0.869113267382898 NA NA NA
NA NA NA NA NA NA 1.59419730115158 1.63535856687755 1.3485350456623 0.996421131551742 1.63057119330552 1.69643969892969 1.22261780820609 1.47755347968277 1.3319370298707 1.47682732527534 NA NA NA
NA NA NA NA NA NA 1.84045386302847 1.42208715297554 1.4054468900934 1.62926137073231 1.36768979962678 1.59814461191677 1.38990616143209 1.43056189062821 1.07434712698721 1.29985298478206 NA NA NA
NA NA NA NA NA NA 1.72384805171469 1.68514189667152 1.35172981192592 1.6180467560171 1.5208035197795 1.36802798971101 1.47750301401592 1.33461129532182 NA NA NA NA NA
NA NA NA NA NA NA 1.55034094873557 1.45366252387065 1.48989670541776 1.37251068610472 1.5483284418134 1.5227321361579 1.56873092478051 1.49343975240412 NA NA NA NA NA
NA NA NA NA NA NA 1.40757791118144 1.47837601196175 1.51778769020124 1.47879106898643 1.52346028979441 1.37982091991499 1.42736895846649 1.66707626780279 NA NA NA NA NA
NA NA NA NA NA NA 1.64097496139219 1.4387834132458 1.57877717370197 1.5557300214401 1.75916823622484 1.47544586348188 1.0444911139043 1.63598765713924 NA NA NA NA NA
NA NA NA NA NA NA 1.62457802568923 1.52357596930435 1.49218566324266 1.42991394076441 1.72778386409148 1.77429942741244 NA NA NA NA NA NA NA
NA NA NA NA NA NA 1.53721578338814 1.69510737537098 1.54386378464338 1.84782926745599 1.49057634441959 1.45321260274647 NA NA NA NA NA NA NA
NA NA NA NA NA NA 1.54373551654652 1.44515073778827 1.73818120935448 1.83092829256609 1.45308827692498 1.5178566718703 NA NA NA NA NA NA NA
NA NA NA NA NA NA 1.34040615239385 1.45731241259505 1.61093897295573 1.28167190998681 1.78961236976913 1.5992282840074 NA NA NA NA NA NA NA
NA NA NA NA NA NA 1.71096606765223 1.7816040482242 1.81057600817776 1.2876836700583 1.81188316803071 1.74246189582976 NA NA NA NA NA NA NA
NA NA NA NA NA NA 1.39596304975305 1.68343204908081 1.52433023067043 1.54435302175512 1.70469639806396 1.4939963353729 NA NA NA NA NA NA NA
NA NA NA NA NA NA 1.43372843676915 1.6260057166626 1.68528340746883 1.3968301207254 1.48346385403714 1.7454024714558 NA NA NA NA NA NA NA
NA NA NA NA NA NA NA NA NA NA NA NA NA NA NA NA NA NA NA
NA NA NA NA NA NA NA NA NA NA NA NA NA NA NA NA NA NA NA
NA NA NA NA NA NA NA NA NA NA NA NA NA NA NA NA NA NA NA
NA NA NA NA NA NA NA NA NA NA NA NA NA NA NA NA NA NA NA
NA NA NA NA NA NA NA NA NA NA NA NA NA NA NA NA NA NA NA
NA NA NA NA NA NA NA NA NA NA NA NA NA NA NA NA NA NA NA
NA NA NA NA NA NA NA NA NA NA NA NA NA NA NA NA NA NA NA
NA NA NA NA NA NA NA NA NA NA NA NA NA NA NA NA NA NA NA
NA NA NA NA NA NA NA NA NA NA NA NA NA NA NA NA NA NA NA
NA NA NA NA NA NA NA NA NA NA NA NA NA NA NA NA NA NA NA
NA NA NA NA NA NA NA NA NA NA NA NA NA NA NA NA NA NA NA
