core_p	age_p	d13_p	dep_p	lat_p	lon_p	count	range
BT4	6.9677	0.33	1000.0	-4.0	10.0	1	no
CH69_K09	5.432666666666667	0.8046666666666666	4100.0	41.75	-47.34999999999999	30	no
CH73-139	4.7421927358490565	0.72	2209.0	54.63	343.65	4	no
CHN82-24	6.063950364963505	1.09	3427.0	41.72	327.15	5	no
DSDP552	7.753304452054797	1.29	2311.0	56.04	336.78	1	no
EN066-10	4.771719047619048	0.8233333333333334	3527.0	6.64	338.1	3	no
EN066-16	5.525665935672515	0.8333333333333334	3160.0	5.45	338.86	3	no
EN066-21	4.343115068493151	0.83	3792.0	4.23	339.37	1	no
EN066-26	4.819945454545454	0.6799999999999999	4745.0	3.09	339.98	2	no
EN066-29	3.7045363636363633	0.7233333333333333	5105.0	2.46	340.24	3	no
EN066-32	4.5170086757990875	0.89	4998.0	2.47	340.27	3	no
EN066-36	4.499600519681557	0.6825	4095.0	4.31	339.79	4	no
EN066-38	3.442313636363636	1.11	2937.0	4.92	339.5	3	no
EN066-44	4.2991	1.045	3423.0	5.26	338.29	2	no
EW9209-1JPC	5.068980856870835	0.686	4056.0	5.91	315.8	5	no
GEOB1028-5	4.875	0.64	2209.0	-20.1	9.19	4	no
GEOB2109-1	6.666666666499999	1.23	2504.0	-27.91	-45.88	2	no
GEOB4403-2	5.19827586225	0.61375	4503.0	6.130000000000001	-43.44	8	no
GIK11944-2	5.17578187767681	1.225	1765.0	35.65	351.94	2	no
GIK12328-5	4.688230916254241	0.8885714285714287	2778.0	21.150000000000002	341.42999999999995	7	no
GIK12347-2	5.301654389814883	0.8785714285714287	2576.0	15.83	342.13999999999993	7	no
GIK12379-3	4.660568529222865	0.9583333333333331	2136.0	23.139999999999997	342.25	12	no
GIK12392-1	5.243535666214423	1.0166666666666666	2573.0	25.17	343.15000000000003	9	no
GIK13519-1	6.002023809523811	1.07	2862.0	5.67	340.15	1	no
GIK15612-2	4.172386409736308	1.115	3050.0	44.36	333.46	2	no
GIK15669	5.3105875	1.1233333333333333	2022.0	34.89	352.18	3	no
GIK15672	4.819314477564711	1.0899999999999999	2460.0	34.86	351.87000000000006	3	no
GIK16004	6.494918493150685	1.17	1512.0	29.98	349.35	1	no
GIK16030	5.3487965759868485	0.8233333333333333	1516.0	21.24	341.94	3	no
GIK16402	5.430051417375524	0.6842857142857142	4202.0	14.42	339.46	7	no
GIK16867	4.757087200239807	0.40249999999999997	3891.0	-2.2	5.1	4	no
GIK17049-6	6.2345411976611835	0.9177777777777778	3331.0	55.26	333.27	9	no
GIK17051	6.216437282051283	0.883	2295.0	56.15999999999998	328.01000000000005	10	no
GIK17055-1	4.991035135135135	1.32	2558.0	48.22	332.94	2	no
GIK23414-9	4.921993423088123	1.1675	2196.0	53.54	339.71	4	no
GIK23415-9	4.848303477643894	1.0941666666666667	2472.0	53.179999999999986	340.84999999999997	12	no
GIK23416-4	5.079538420633063	0.8433333333333334	3616.0	51.57	340.0	3	no
GIK23417-1	4.963171644281148	0.8270000000000002	3850.0	50.67000000000001	340.57000000000005	10	no
GIK23418-8	4.859642510713063	1.05375	2841.0	52.550000000000004	339.67	8	no
GIK23419	5.160219074074074	1.2740000000000002	1487.0	54.959999999999994	340.23999999999995	10	no
GIK23519	5.677408805787315	1.1047058823529412	1893.0	64.79999999999998	330.4	17	no
GeoB1032	5.182920101958904	0.9033333333333333	2505.0	-22.92	6.04	3	no
GeoB1034	4.450750191570881	0.54	3772.0	-21.74	5.419999999999999	3	no
GeoB1035	5.892451794871795	0.5825	4453.0	-21.59	5.03	4	no
GeoB1041	5.008863296565274	0.796	4033.0	-3.4799999999999995	352.4	5	no
GeoB1101	6.013588516746411	0.88	4588.0	1.66	349.02	2	no
GeoB1105	4.730132995145839	1.022	3225.0	-1.67	347.57	5	no
GeoB1112	5.233363902439025	0.952	3125.0	-5.78	349.25	5	no
GeoB1115	6.606281951871656	0.885	2945.0	-3.56	347.44	2	no
GeoB1117	4.974824258474577	0.48500000000000004	3984.0	-3.82	345.1	2	no
GeoB1118	5.02132305764411	0.27	4675.0	-3.56	343.57	3	no
GeoB1211	4.740188666004635	0.4266666666666666	4084.0	-24.48	7.53	3	no
GeoB1214	5.155090476190477	0.6425000000000001	3210.0	-24.69	7.24	4	no
GeoB1710	5.322194746676113	0.48250000000000004	2987.0	-23.43	11.7	4	no
GeoB4216	5.189188071990204	1.025	2324.0	30.63	347.6	2	no
GeoB4240	4.623263262715481	0.9975	1358.0	28.89	346.77	4	no
GeoB7920-2	4.617817980965762	0.89	2278.0	20.75	341.42	16	no
GeoB9508-5	4.921702498093058	0.8569565217391305	2384.0	14.5	342.0500000000001	23	no
GeoB9526	4.985442112960333	0.62	3223.0	12.44	341.94	12	no
IODP-U1308	5.356017953115536	0.9258333333333332	3883.0	49.88	335.76000000000005	12	no
KF13	5.385772352024921	1.0350000000000001	2690.0	37.58	328.16	4	no
KNR110-50	6.8406009090909095	0.5239999999999999	3995.0	4.87	316.79	5	no
KNR110-55	3.55240049833887	0.2814285714285714	4556.0	4.95	317.11000000000007	7	no
KNR110-58	5.481203720930234	0.738	4341.0	4.79	316.96	5	no
KNR110-66	4.654671965628357	0.7457142857142856	3547.0	4.56	316.61999999999995	7	no
KNR110-71	6.8528317808219175	1.076	3164.0	4.36	316.3	5	no
KNR110-75	5.31868484848485	1.1166666666666665	3063.0	4.34	316.59000000000003	3	no
KNR110-82	5.124251515151516	1.0866666666666667	2816.0	4.34	316.51	3	no
KNR110-91	5.375878625954199	0.84	3810.0	4.76	316.69	2	no
KNR140-37JPC	4.965026307666666	0.6572222222222222	3000.0	31.41415	-75.25807000000002	18	no
KNR159-36	5.06490738674187	1.0993636363636363	1268.0	-27.509999999999994	313.5299999999999	11	no
KNR31-GPC5	3.701408823537169	0.6171428571428573	4583.0	33.690000000000026	302.3700000000001	35	no
M35003-4	4.8302887830687835	1.0693333333333335	1299.0	12.090000000000002	298.7600000000001	15	no
MD02-2588	5.53640625	0.6733333333333335	2907.0	-41.2	25.5	3	no
MD03-2698	4.257062894534257	0.735	4602.0	38.24	349.61	2	no
MD07-3076	5.047976728586171	-0.08647058823529413	3770.0	-44.070000000000014	345.79	17	no
MD95-2040	5.052280827136657	0.9500000000000001	2465.0	40.57999999999999	350.13999999999993	6	no
MD95_2042	5.70875	0.9687500000000001	3146.0	37.799833	-10.1665	8	no
MD96-2080	5.294117647	0.7949999999999999	2488.0	-36.2667	19.475	2	no
MD99-2334	5.715050526808862	0.9326666666666666	3146.0	37.800000000000004	349.83	12	no
NA87-22	4.613700175029615	1.1324999999999998	2161.0	55.480000000000004	345.32000000000005	8	no
NO79-28	5.898686666666667	0.6	3625.0	45.63	337.25	3	no
ODP1087	5.191752612125774	0.3333333333333333	1372.0	-31.459999999999997	15.31	3	no
ODP1089	4.8718083234612966	0.24699999999999997	4621.0	-40.94	9.89	10	no
ODP1090_TTN057-6	4.835373528336381	0.12200000000000003	3702.0	-42.91	8.9	5	no
ODP659	4.9371515635395875	1.0733333333333333	3082.0	18.08	338.97	3	no
ODP925	6.804487786259542	1.23	3040.0	4.2	316.51	1	no
ODP926	6.376092462311557	1.23	3598.0	3.72	317.09000000000003	1	no
ODP927	4.623616666666667	0.88	3326.0	5.46	315.52	1	no
ODP928	5.784842857142857	0.99	4012.0	5.46	316.25	2	no
ODP929	6.293486005366427	0.54	4369.0	5.98	316.26	2	no
ODP980	6.098984505781838	0.9890476190476191	2168.0	55.489999999999995	345.3000000000001	21	no
ODP982	5.303521034482758	0.925	1134.0	57.51	344.15	4	no
ODP983	5.167222489963931	1.0722222222222224	1984.0	60.39999999999999	336.35999999999996	18	no
ODP984	3.870186522929373	1.061818181818182	1650.0	61.0	336.0	11	no
PS2082	3.5837704144620814	-0.020000000000000018	4610.0	-43.22	11.74	3	no
PS2498	4.306812196382429	0.06000000000000001	3783.0	-44.15	345.77	5	no
RC13-228	4.547736666666666	0.5466666666666666	3204.0	-22.33	11.199999999999998	3	no
RC13-229	3.7894764285714286	0.2978571428571429	4194.0	-25.5	11.299999999999999	7	no
RC16-119	4.6359670781893	1.0933333333333333	1567.0	-27.7	313.48	3	no
RC16-84	4.5099833333333335	1.3193333333333332	2438.0	-26.7	316.67	3	no
SO82_5-2	4.025888888888889	1.24	1416.0	59.19	329.1	2	no
SU90-03	4.782096491228071	1.29	2475.0	40.05	328.0	3	no
SU90-39	5.032143232382846	0.7533333333333334	3955.0	52.5	338.0	3	no
U1308	4.870666666666667	0.9533333333333331	3871.0	49.877759999999995	-24.238110000000002	15	no
V22-197	5.43055342824415	0.8414285714285714	3167.0	14.17	341.42	7	no
V23-81	5.160018829004162	1.0125	2393.0	54.25	343.17	4	no
V24-253	4.6323	1.3013333333333332	2069.0	-26.95	315.33	3	no
V25-59	4.527847212387292	0.89	3824.0	1.37	326.52	3	no
V26-176	5.515305190820951	0.959	3942.0	36.050000000000004	287.61999999999995	10	no
V28-127	5.394302557302339	0.7743333333333333	3237.0	11.65	279.87	3	no
V28-14	6.126188888888889	0.8	1855.0	64.78	330.43	2	no
V29-135	6.510979310344827	0.65	2675.0	-19.7	8.88	1	no
V29-202	5.956744442556267	1.0928571428571427	2658.0	61.0	339.0	14	no
V30-49	3.9512377442359905	0.9179999999999999	3093.0	18.43	338.92	5	no
