    0.0400     3.0967 
    0.0771     3.5368 
    0.1141     3.9374 
    0.1512     4.3037 
    0.1883     4.6243 
    0.2253     4.9946 
    0.2624     5.3847 
    0.2995     5.6764 
    0.4477     7.1175 
    0.5960     8.7671 
    0.7443    10.5006 
    0.8925    11.9000 
    1.0037    12.7239 
    1.1149    13.8339 
    1.2261    14.8608 
    1.3373    15.9334 
    1.4485    17.2527 
    1.5597    18.5059 
    1.6709    19.5801 
    1.7821    20.4282 
    1.8933    21.6039 
    2.0045    22.9096 
    2.1157    24.1215 
    2.2269    25.5251 
    2.3381    27.1528 
    2.4493    28.9123 
    2.5605    30.4539 
    2.7088    32.4162 
    2.7459    32.8333 
    2.7829    33.2511 
    2.8200    33.6694 
    2.8571    34.0166 
    2.8941    34.3492 
    2.9312    34.6653 
    2.9683    34.9928 
    3.0053    35.3356 
    3.0424    35.6444 
    3.0795    35.9396 
    3.1165    36.2916 
    3.1536    36.6445 
    3.3389    38.1406 
    3.5243    40.3067 
    3.6725    42.6509 
    3.8208    44.6481 
    3.9320    45.8647 
    4.0432    46.8652 
    4.1544    47.8384 
    4.2656    49.1370 
    4.3768    50.5969 
    4.4880    52.0567 
    4.5992    53.5973 
    4.7104    55.2194 
    4.8216    56.7450 
    4.9328    58.0485 
    5.0440    59.2651 
    5.1552    60.3016 
    5.2664    61.0830 
    5.3776    61.7708 
    5.4888    62.3273 
    5.6000    62.8140 
