 0.0000     1.0300
 0.0200     1.2100
 0.0400     1.1600
 0.0600     1.2100
 0.0800     1.1200
 0.1000     1.0500
 0.1200     1.1500
 0.1400     1.2200
 0.1600     1.0800
 0.1800     1.1000
 0.2000     1.2300
 0.2200     1.1200
 0.2400     1.2400
 0.2600     1.0700
 0.2800     1.0900
 0.3000     1.2800
 0.3200     1.0800
 0.3400     1.0700
 0.3600     1.1700
 0.3800     1.1900
 0.4000     1.2300
 0.4200     1.2200
 0.4400     1.1400
 0.4600     1.1600
 0.4800     1.2300
 0.5000     1.2100
 0.5200     1.2700
 0.5400     1.3200
 0.5600     1.2600
 0.5800     1.5000
 0.6000     1.1700
 0.6200     1.2000
 0.6400     1.1300
 0.6600     1.4600
 0.6800     1.6200
 0.7000     1.6000
 0.7200     1.8200
 0.7400     1.8900
 0.7600     1.7700
 0.7800     1.6500
 0.7810     1.6000
 0.8000     1.4000
 0.8200     1.3600
 0.8200     1.8100
 0.8210     1.5900
 0.8400     1.5600
 0.8600     1.5400
 0.8610     1.6400
 0.9000     1.3600
 1.0000     1.5900
 1.1000     1.4400
 1.2000     1.4500
 1.2000     1.6100
 1.3000     1.3500
 1.6000     1.6000 
 1.9000     0.6500
 