 0.0000     2.4600
 0.0400     2.6200
 0.0800     2.5700
 0.1000     2.7500
 0.1400     2.7200
 0.1900     2.5900
 0.2200     2.7600
 0.2600     2.8800
 0.3000     3.2300
 0.3400     3.3500
 0.3800     3.4700
 0.4200     3.5400
 0.4600     3.8200
 0.5000     4.2400
 0.5500     4.2000
 0.5800     4.3600
 0.6200     4.3200
 0.6600     4.2500
 0.7000     4.2500
 0.7400     4.3000
 0.7800     3.7100
 0.8200     3.4000
 0.8800     4.1400
 0.9000     3.9400
 0.9400     3.4100
 0.9800     2.7400