    0.0500     6.9677 
    0.1052     8.2398 
    0.1420     8.9236 
    0.1972    10.0139 
    0.2708    11.2089 
    0.2892    11.4220 
    0.3628    12.0959 
    0.4180    12.5529 
    0.5100    13.1695 
    0.6020    13.8630 
    0.6572    14.5192 
    0.7308    15.6266 
    0.8228    17.0103 
    0.8412    17.3316 
    0.8596    17.6427 
    0.9332    18.9986 
    0.9884    19.9953 
    1.0436    20.8094 
    1.0988    21.5508 
    1.1724    22.4963 
    1.1908    22.6918 
    1.2828    24.0469 
    1.3748    24.9532 
    1.4484    25.6467 
    1.5220    26.4203 
    1.5956    27.2270 
    1.6876    28.4259 
    1.7060    28.7891 
    1.7612    30.2283 
    1.7980    30.9200 
    1.8348    31.7000 
    1.8900    33.0000 
