    0.0000     1.2294 
    0.0149     1.3343 
    0.0298     1.4393 
    0.0447     1.5442 
    0.0596     1.6491 
    0.0745     1.7653 
    0.0894     1.8898 
    0.1639     2.3880 
    0.2384     2.8859 
    0.3129     3.3815 
    0.3278     3.5036 
    0.3874     4.0606 
    0.4470     4.5342 
    0.4619     4.6301 
    0.4768     4.7265 
    0.4917     4.8376 
    0.5066     4.9488 
    0.5215     5.0600 
    0.5364     5.1712 
    0.5513     5.2787 
    0.5662     5.3837 
    0.6258     5.9188 
    0.6854     6.4936 
    0.7450     7.1457 
    0.8046     7.7471 
    0.8195     7.8538 
    0.8344     7.9504 
    0.8493     8.0470 
    0.8642     8.1437 
    0.9387     8.5147 
    0.9834     8.6946 
    1.0132     8.7809 
    1.0877     8.9537 
    1.1324     9.0441 
    1.1771     9.1499 
    1.2218     9.2558 
    1.2665     9.3617 
    1.3112     9.4675 
    1.3559     9.5691 
    1.4304     9.7700 
    1.5049     9.9654 
    1.5794    10.1355 
    1.6539    10.3056 
    1.7284    10.4790 
    1.8029    10.6524 
    1.8774    10.8491 
    1.9519    11.0535 
    2.0264    11.2675 
    2.1009    11.4897 
    2.1307    11.6007 
    2.1754    11.8170 
    2.2350    12.1416 
    2.2797    12.3746 
    2.3095    12.4911 
    2.3840    12.7309 
    2.4585    12.9806 
    2.5330    13.2270 
    2.5628    13.3430 
    2.6373    13.6910 
    2.6820    13.9537 
    2.7416    14.3567 
    2.7565    14.5033 
    2.8012    15.0849 
    2.8310    15.5117 
    2.8757    16.1254 
    2.9204    16.5917 
    2.9651    16.9924 
    2.9949    17.2392 
    3.0247    17.5553 
    3.0545    17.8993 
    3.0694    18.1455 
    3.0992    18.7396 
    3.1290    19.3336 
    3.1588    19.8850 
    3.1886    20.5237 
    3.2184    21.2866 
    3.2482    22.0094 
    3.2780    22.6680 
    3.2929    23.0547 
    3.3227    23.7145 
    3.3525    24.3035 
    3.3823    24.6674 
    3.3972    24.8033 
    3.4717    25.2793 
    3.4866    25.3820 
    3.5462    25.9027 
    3.5909    26.4089 
    3.6207    26.7931 
    3.6654    27.4571 
    3.6803    27.7400 
    3.7101    28.6191 
    3.7399    29.4328 
    3.7697    30.0964 
    3.7846    30.3575 
    3.8293    30.8018 
    3.8442    30.9081 
    3.9187    31.2544 
    3.9336    31.3442 
    3.9485    31.4415 
    3.9634    31.5388 
    3.9783    31.6361 
    3.9932    31.7334 
    4.0081    31.8253 
    4.0230    31.9168 
    4.0379    32.0083 
    4.0528    32.0998 
    4.0677    32.1853 
    4.0826    32.2651 
    4.0975    32.3448 
    4.1124    32.4246 
    4.1273    32.5045 
    4.1422    32.5860 
    4.1571    32.6674 
    4.2167    33.1416 
    4.2614    33.5282 
    4.2912    33.8083 
    4.3359    34.3255 
    4.3806    34.7821 
    4.4253    35.1823 
    4.4402    35.3450 
    4.4551    35.5591 
    4.4849    36.0244 
    4.4998    36.1921 
    4.5296    36.4997 
    4.5743    36.9144 
    4.6339    37.4005 
    4.6488    37.4945 
    4.7233    37.8585 
    4.7829    38.1839 
    4.8425    38.5493 
    4.8574    38.6879 
    4.8723    38.9652 
    4.9021    39.5489 
    4.9319    40.1301 
    4.9468    40.4420 
    4.9766    41.0020 
    5.0064    41.5670 
    5.0362    42.1320 
    5.0660    42.6970 
    5.0958    43.2620 
    5.1107    43.4880 
    5.1256    43.7140 
    5.1554    44.0530 
    5.1703    44.1660 
    5.2150    44.3920 
    5.2448    44.5050 
    5.3193    44.7310 
    5.3491    44.8440 
    5.3789    44.9570 
    5.4534    45.2960 
    5.5279    45.6350 
    5.6024    45.9740 
    5.6471    46.2000 
    5.6620    46.3090 
    5.6993    46.6948 
    5.7365    47.0807 
    5.8855    48.2381 
    5.9973    49.0098 
    6.1835    50.1672 
    6.2580    50.5531 
    6.3325    50.9389 
    6.4070    51.3247 
    6.4815    51.7105 
    6.5560    52.0964 
    6.7423    53.2538 
    6.9285    54.4113 
    7.1147    55.5688 
    7.2265    56.3405 
    7.3755    57.4979 
    7.4128    57.8838 
    7.4873    59.0412 
    7.5245    59.8129 
    7.5618    60.5845 
    7.5990    61.3562 
    7.6363    62.1278 
    7.7108    63.2853 
    7.8225    64.8286 
    7.9715    66.7577 
    8.0087    67.1436 
    8.0460    67.5294 
    8.0832    67.9152 
    8.1205    68.3010 
    8.1578    68.6869 
    8.1950    69.0727 
    8.2323    69.4585 
    8.2695    69.8443 
    8.3067    70.2302 
    8.3440    70.6160 
    8.3812    71.0018 
    8.5675    72.5451 
    8.7538    74.0884 
    8.7910    74.4742 
    8.9027    76.0175 
    9.0518    78.2320 
    9.0890    78.6938 
    9.1263    79.1557 
    9.1635    79.6176 
    9.2007    80.0796 
    9.2380    80.5415 
    9.3870    82.8509 
    9.4987    84.6985 
    9.6105    85.8093 
    9.7223    86.7765 
    9.8340    87.9781 
    9.9458    89.5214 
   10.0575    91.0647 
   10.1692    92.6080 
   10.2437    93.7655 
   10.3555    95.6946 
   10.3927    96.4663 
   10.4300    97.2379 
   10.5045    99.1670 
   10.5417    99.9123 
   10.5790   100.5629 
   10.6162   101.2142 
   10.6535   101.8654 
   10.7280   103.4926 
   10.7652   104.1430 
   10.8770   105.8441 
   10.9515   106.9125 
   11.0632   108.3375 
   11.1005   108.7006 
   11.2867   110.1742 
   11.4730   111.8297 
   11.5102   112.2444 
   11.5475   112.6580 
   11.6965   114.7315 
   11.7337   115.1451 
   11.7710   115.5598 
   11.8082   115.9745 
   11.8455   116.3892 
   11.8827   116.8038 
   11.9200   117.2175 
   11.9572   117.6321 
   11.9945   118.0468 
   12.0317   118.4615 
   12.0690   118.8762 
   12.2552   120.5339 
   12.2925   120.9486 
   12.3670   122.1916 
   12.4042   123.0209 
   12.4787   125.0933 
   12.5160   126.3374 
   12.5532   127.5804 
   12.5905   128.8244 
   12.6277   130.0330 
   12.6650   131.1900 
   12.7022   132.3480 
   12.7395   133.5050 
   12.7767   134.6630 
   12.8140   135.8200 
   12.8885   137.7500 
   12.9257   138.5210 
   13.0002   139.6790 
   13.0375   140.0640 
   13.1492   140.8360 
   13.2610   141.6080 
   13.4472   142.7650 
   13.6335   143.9230 
   13.8197   145.0800 
   13.9315   145.8520 
   14.0805   147.0090 
   14.2667   148.5530 
   14.4530   150.0960 
   14.6392   151.6390 
   14.6765   152.0250 
   14.7137   152.4110 
   14.7510   152.7970 
   14.7882   153.1830 
   14.8255   153.5680 
   14.8627   153.9540 
