0	0.70	1.05
5	0.99	1.06
11	1.34	0.91
20	1.87	1.19
21	1.95	0.89
25	2.27	0.85
28	2.51	1.13
30	2.67	1.09
32	2.83	0.61
33	2.91	0.74
37	3.36	0.77
41	3.81	0.26
44	4.14	0.74
45	4.25	0.82
47	4.48	0.80
50	4.81	0.95
52	5.04	0.75
55	5.23	1.03
58	5.43	0.81
60	5.56	0.82
63	5.76	1.06
65	5.89	1.06
68	6.08	0.54
70	6.21	0.49
73	6.41	1.13
75	6.54	0.94
76	6.61	1.18
83	7.06	0.99
85	7.19	0.81
88	7.35	1.09
90	7.45	-0.45
93	7.60	0.39
95	7.71	0.99
98	7.86	0.71
100	7.96	1.04
105	8.22	0.87
107	8.32	0.88
110	8.47	0.55
113	8.63	0.69
115	8.73	0.61
118	8.88	0.89
120	8.98	0.78
123	9.14	0.96
126	9.29	0.30
130	9.50	0.59
158	10.18	-0.61
178	10.74	0.92
180	10.85	-0.29
183	11.00	0.49
187	11.21	0.70
190	11.36	0.42
195	11.62	0.57
198	11.77	0.67
200	11.88	0.90
203	12.03	0.48
205	12.13	0.37
208	12.29	0.34
210	12.39	0.50
218	12.88	0.52
220	13.03	0.59
223	13.26	0.31
225	13.42	0.57
228	13.65	0.25
230	13.80	0.69
233	13.93	0.27
235	14.01	0.79
238	14.14	0.69
240	14.22	0.69
245	14.43	0.69
248	14.55	0.43
253	14.76	0.28
258	14.97	0.43
260	15.06	-0.79
275	15.68	0.11
300	17.74	-0.11
301	17.92	0.03
305	18.63	0.01
308	19.16	-0.09
310	19.52	-0.03
313	20.05	0.01
315	20.41	-0.09
318	20.94	0.05
320	21.30	0.07
323	21.67	0.13
325	21.92	0.06
326	22.05	0.06
330	22.54	-0.14
333	22.92	-0.06
346	24.54	0.08
348	24.79	0.07
358	26.03	-0.03
361	26.41	0.12
365	26.91	0.06
366	27.21	0.23
370	28.43	-0.07
378	29.63	0.00
380	29.93	0.04
383	30.39	-0.03
385	30.69	0.02
388	31.14	-0.54
390	31.44	0.51
393	31.71	0.30
395	31.89	0.20
401	32.44	0.06
405	32.80	0.28
408	33.08	0.54
410	33.26	0.16
413	33.53	0.10
415	33.71	0.11
420	34.17	0.12
421	34.26	0.53
425	34.62	0.32
428	34.90	0.04
430	35.08	0.58
433	35.14	0.25
435	35.19	0.07
438	35.26	0.18
440	35.30	0.66
445	35.41	0.20
454	35.61	0.30
465	36.77	0.44
468	37.09	0.63
473	37.62	0.08
475	37.83	-0.06
476	37.90	-0.26
480	38.19	0.04
486	38.62	0.59
493	39.48	0.17
495	39.85	0.42
500	40.79	0.21
503	41.35	0.44
505	41.73	0.36
508	42.29	0.77
510	42.66	0.39
513	42.99	0.61
515	43.20	0.49
520	43.74	-0.08
521	43.85	0.45
525	44.28	0.60
528	44.61	0.93
530	44.82	0.37
535	45.37	0.48
538	45.53	0.38
540	45.64	0.10
541	45.70	0.59
545	45.92	0.76
550	46.20	0.64
553	46.36	0.55
555	46.47	0.50
560	46.75	0.69
563	46.92	0.09
565	47.03	0.44
567	47.14	0.20
570	47.31	0.85
575	47.58	0.55
580	47.86	0.76
583	48.03	0.62
610	49.52	0.24
617	49.91	0.29
618	49.97	0.40
621	50.13	0.26
622	50.19	0.47
625	50.50	0.08
627	50.70	0.46
630	51.01	0.70
633	51.32	0.60
635	51.53	0.75
653	53.39	0.23
670	55.15	0.90
675	55.67	-0.91
690	56.97	0.51
705	58.05	0.23
710	58.41	-0.01
715	58.78	0.02
720	59.14	0.07
725	59.50	0.32
730	59.86	0.42
733	60.08	-0.51
740	60.58	-0.33
747	61.09	0.16
755	61.67	-0.85
760	62.03	-0.45
767	62.81	-0.26
773	63.65	-0.09
786	65.46	-0.29
790	66.02	-0.86
815	69.50	-0.28
818	69.92	-0.58
832	71.87	0.40
840	72.99	0.11
841	73.13	0.43
845	73.68	0.03
849	74.17	0.96
858	75.02	0.76
860	75.21	0.66
877	76.81	0.62
885	77.57	1.07
886	77.66	-1.06
895	78.51	1.12
906	79.55	0.42
920	80.87	-0.17
925	81.34	-0.52
929	81.72	0.15
935	82.28	-1.40
940	82.75	-0.44
945	83.23	-0.71
950	83.70	-0.08
955	84.17	0.82
960	84.64	0.51
965	85.11	-0.12
970	85.58	-0.28
975	86.19	0.50
978	86.66	0.61
984	87.58	1.04
992	88.82	0.56
1000	90.06	0.66
1005	90.83	0.81
1010	91.60	1.18
1015	92.38	0.73
1020	93.15	0.85
1025	93.92	1.16
1035	95.47	1.11
1055	98.56	0.47
1060	99.33	0.80
1065	100.11	0.64
1070	100.88	0.79
1075	101.65	0.94
1080	102.42	1.12
1085	103.20	0.21
1090	103.97	0.82
1100	105.52	0.55
1105	106.28	-0.09
1110	107.05	-0.56
1115	107.81	0.02
1120	108.57	0.23
1121	108.73	0.35
1125	109.34	-0.24
1130	110.10	-0.87
1135	110.86	-0.05
1140	111.63	0.06
1145	112.34	-0.13
1151	113.11	0.78
1160	114.26	0.39
1165	114.89	0.89
1170	115.53	0.95
1175	116.17	0.75
1180	116.81	1.00
1182	117.06	0.80
1190	118.08	0.54
1202	119.61	0.86
1206	120.12	0.78
1208	120.38	0.26
1210	120.63	0.56
1215	121.27	0.61
1218	121.65	0.75
1219	121.78	0.57
1223	122.29	0.66
1224	122.42	0.42
1226	122.67	0.80
1230	123.18	0.73
1238	124.20	0.61
1240	124.46	0.64
1241	124.59	0.49
1245	125.10	0.55
1248	125.48	0.53
1250	125.73	0.68
1255	126.37	0.52
1260	127.01	0.71
1261	127.14	0.46
1270	128.28	0.35
1271	128.41	-0.04
1275	128.92	0.45
1277	129.40	0.09
1280	130.53	-0.28
1285	132.41	-0.24
1286	132.79	-0.37
1295	136.03	-0.25
1298	136.62	-0.25
1304	137.81	-0.10
1305	138.01	-0.52
1310	139.00	-0.24
1315	139.99	0.04
1318	140.58	-0.51
1321	141.18	-0.54
1325	141.97	-0.56
1328	142.57	-0.21
1335	143.95	-0.23
1338	144.55	-0.11
1340	144.94	-0.35
