    0.5565     0.0178 
    0.6625     1.7524 
    0.7685     3.4491 
    0.8745     4.8612 
    1.0070     6.9311 
    1.0335     7.5124 
    1.1130     9.2753 
    1.1660    10.5520 
    1.2455    12.4971 
    1.2720    13.0561 
    1.3780    14.8349 
    1.5105    16.5018 
    1.6430    17.7241 
    1.7755    19.3592 
    1.9080    21.1254 
    2.0405    22.9953 
    2.1730    24.6956 
    2.3055    26.2589 
    2.3585    26.8453 
    2.4115    27.4527 
    2.4645    28.1835 
    2.5970    29.6505 
    2.7295    30.7733 
    2.8620    31.6203 
    2.9945    32.4199 
    3.1270    33.2532 
    3.1800    33.6703 
    3.3125    34.9633 
    3.3920    35.8107 
    3.4980    37.1202 
    3.6040    38.5045 
    3.7100    40.1649 
    3.8160    41.6791 
    3.9485    43.7368 
    4.0810    45.7946 
    4.2135    47.8523 
    4.3460    49.9100 
    4.4785    51.9678 
    4.5050    52.4822 
    4.5315    52.9966 
    4.5580    53.5111 
    4.5845    54.0255 
    4.6110    54.5399 
    4.6375    55.0544 
    4.6640    55.5688 
    4.6905    56.0832 
    4.7170    56.5977 
    4.8230    59.1698 
    4.9025    61.2276 
    4.9555    62.7709 
    5.0085    64.3142 
    5.0615    65.8575 
    5.1145    67.4008 
    5.1675    68.9441 
    5.2205    70.4874 
    5.2735    72.0307 
    5.3265    73.5740 
    5.4060    76.1461 
    5.4325    77.3081 
    5.4855    80.3875 
    5.5385    83.4668 
    5.5650    84.6985 
    5.5915    85.4870 
    5.6180    86.1317 
    5.6445    86.7765 
    5.6710    87.4637 
    5.7240    90.0358 
    5.7505    91.5791 
    5.7770    93.1224 
    5.8035    94.6657 
    5.8300    96.2090 
    5.8565    97.7523 
    5.8830    99.2956 
    5.9095   100.6718 
    5.9360   101.9733 
    5.9625   103.2758 
    5.9890   104.5774 
    6.0155   105.9623 
    6.0420   107.3872 
    6.0950   109.8065 
    6.1215   110.8618 
    6.1745   112.5205 
    6.2010   113.0727 
    6.3335   115.2837 
    6.4660   117.4946 
    6.5985   119.7045 
    6.6250   120.2578 
    6.7045   122.4687 
    6.7575   124.1264 
    6.8370   126.8896 
    6.9165   129.6470 
    6.9695   131.1900 
    7.0490   133.2480 
    7.1550   135.8200 
    7.1815   136.3350 
    7.2080   136.8490 
    7.2345   137.3640 
    7.2610   137.8780 
    7.2875   138.3930 
    7.3140   138.9070 
    7.3405   139.4210 
    7.3670   139.9360 
    7.3935   140.4500 
    7.4200   140.9650 
    7.4465   141.4790 
    7.5525   144.0510 
    7.6320   146.1090 
    7.7115   148.1670 
    7.7910   150.2250 
    7.8705   152.2820 
