    0.0342     0.0000 
    0.0625     2.2054 
    0.0908     3.7657 
    0.1191     5.0614 
    0.1474     6.7830 
    0.1758     8.2488 
    0.2182    10.2353 
    0.2324    10.9488 
    0.2607    12.8690 
    0.2749    13.9302 
    0.2890    15.3244 
    0.3032    16.5806 
    0.3315    18.4800 
    0.3598    19.6145 
    0.3740    19.9636 
    0.4448    21.5739 
    0.4590    21.9245 
    0.5156    23.5336 
    0.5722    26.1039 
    0.6289    29.1916 
    0.6430    29.6997 
    0.6572    30.1947 
    0.6714    30.8565 
    0.6855    31.5852 
    0.6997    32.0018 
    0.7138    32.4218 
    0.7280    32.8964 
    0.7422    33.0588 
    0.7563    33.0198 
    0.7705    33.3674 
    0.7846    33.7321 
    0.7988    34.1185 
    0.8130    34.5680 
    0.8271    35.1021 
    0.8413    35.7227 
    0.8979    39.2241 
    0.9546    43.5716 
    1.0112    47.2691 
    1.0678    52.1521 
    1.1245    57.2985 
    1.1811    60.6458 
    1.2378    62.4302 
    1.2944    63.9952 
    1.3510    66.1041 
    1.3652    66.4603 
    1.4360    68.1871 
    1.5068    71.3050 
    1.5776    75.7991 
    1.6484    81.6149 
    1.7192    83.6223 
    1.7900    85.1869 
    1.8608    86.5061 
    1.8750    86.9507 
    1.9316    89.7537 
    1.9882    95.1031 
    2.0024    96.2405 
    2.0166    97.2971 
    2.0307    98.2342 
    2.0449    99.1078 
    2.0590    99.8585 
    2.1298   102.8610 
    2.2006   105.5542 
    2.2714   108.5701 
    2.3422   112.8546 
    2.3564   114.2494 
    2.4130   121.3433 
    2.4697   128.1951 
    2.4838   129.3643 
    2.5263   131.6332 
    2.5546   132.6399 
    2.6254   134.7119 
    2.6962   136.5607 
    2.7246   136.9846 
    2.7954   137.7342 
    2.8662   139.4443 
    2.9370   142.1144 
    2.9794   143.1349 
    3.0219   144.0243 
    3.0786   145.5030 
    3.1352   147.3728 
    3.1918   150.0275 
