    0.0200     0.0178 
    0.0474     2.1776 
    0.0748     4.1900 
    0.1022     5.9687 
    0.1159     6.7763 
    0.1570     8.6388 
    0.1844     9.6292 
    0.2255    10.8753 
    0.2803    12.7719 
    0.2940    13.1971 
    0.3625    14.9996 
    0.4310    16.5962 
    0.4858    17.4814 
    0.5269    18.2832 
    0.5543    18.6858 
    0.6228    19.4834 
    0.6913    20.2558 
    0.7598    21.2910 
    0.8283    22.2761 
    0.8968    23.1455 
    0.9653    24.0367 
    1.0338    24.8503 
    1.0612    25.2546 
    1.1297    26.4092 
    1.1708    27.2918 
    1.2256    28.9729 
    1.2393    29.4982 
    1.2804    31.0960 
    1.3215    32.6038 
    1.3352    33.2532 
    1.3626    34.8719 
    1.3763    35.4465 
    1.3900    36.0872 
    1.4311    37.7537 
    1.4585    38.9778 
    1.4996    40.5216 
    1.5544    42.4507 
    1.5681    42.8366 
    1.5818    43.2224 
    1.5955    43.6082 
    1.6092    43.9940 
    1.6229    44.3799 
    1.6366    44.7657 
    1.6503    45.1515 
    1.6640    45.5373 
    1.6777    45.9232 
    1.6914    46.3090 
    1.7462    48.2381 
    1.8010    50.1672 
    1.8421    51.7105 
    1.8695    52.8680 
    1.9106    54.7971 
    1.9517    56.7263 
    1.9654    57.4979 
    1.9791    58.2696 
    2.0065    60.1987 
    2.0202    60.9703 
    2.0476    62.1278 
    2.1024    64.0570 
    2.1161    64.4428 
    2.1709    65.6003 
    2.2120    66.3719 
    2.2394    66.7577 
    2.2668    67.1436 
    2.2942    67.5294 
    2.3627    68.6869 
    2.4038    69.4585 
    2.4586    70.6160 
    2.5271    72.1593 
    2.5408    72.5451 
    2.5545    72.9309 
    2.5682    73.3168 
    2.5819    73.7026 
    2.5956    74.0884 
    2.6093    74.4742 
    2.6230    74.8601 
    2.6367    75.2459 
    2.6504    75.6317 
    2.7052    77.7700 
    2.7600    80.0796 
    2.8148    82.3891 
    2.8696    84.6985 
    2.9244    86.0511 
    2.9381    86.2929 
    3.0066    87.2601 
    3.0751    88.7498 
    3.1436    90.2931 
    3.2121    91.8364 
    3.2806    93.3797 
    3.3491    94.9230 
    3.3628    95.3088 
    3.3765    95.6946 
    3.3902    96.0804 
    3.4450    98.0096 
    3.4998    99.9123 
    3.5409   101.2142 
    3.5683   102.1901 
    3.5957   103.1670 
    3.6231   104.1430 
    3.6642   105.4876 
    3.7190   107.2690 
    3.7327   107.6255 
    3.7464   107.9810 
    3.7601   108.3375 
    3.8286   109.8065 
    3.8971   111.4151 
    3.9656   113.0727 
    4.0341   114.7315 
    4.0478   115.1451 
    4.1026   117.2175 
    4.1437   118.8762 
    4.1711   120.1192 
    4.1848   120.9486 
    4.2122   123.0209 
    4.2396   125.0933 
    4.2670   127.1657 
    4.2944   129.2380 
    4.3218   131.1900 
    4.3492   133.1200 
    4.3629   133.8910 
    4.3903   135.0490 
    4.4314   136.5920 
    4.4451   136.9780 
    4.4588   137.3640 
    4.5273   138.9070 
    4.5821   140.0640 
    4.6232   140.8360 
    4.6917   141.9940 
    4.7602   143.1510 
    4.8287   144.3090 
    4.8972   145.4660 
    4.9383   146.2380 
    4.9931   147.3950 
    5.0479   148.5530 
    5.1027   149.7100 
    5.1575   150.8680 
    5.2123   152.0250 
    5.2671   153.1830 
