    0.1437     0.0178 
    0.1727     4.1900 
    0.2019     8.0013 
    0.2164     9.2753 
    0.2455    11.2309 
    0.2601    11.9782 
    0.3037    13.5932 
    0.3328    14.5012 
    0.4056    16.2832 
    0.4783    17.4814 
    0.5074    18.2832 
    0.5365    19.0926 
    0.5656    19.8603 
    0.6383    22.7020 
    0.6674    23.5960 
    0.7402    25.2546 
    0.8129    26.8453 
    0.8857    28.9729 
    0.9148    29.9533 
    0.9876    32.0440 
    1.0312    33.2532 
    1.0894    35.1450 
    1.1622    37.7537 
    1.1767    38.5045 
    1.1912    39.3755 
    1.2058    40.1649 
    1.2204    40.9074 
    1.2349    41.6791 
    1.2494    42.4507 
    1.2640    43.2224 
    1.2786    43.9940 
    1.2931    44.7657 
    1.3077    45.5373 
    1.3222    46.3090 
    1.3368    47.0807 
    1.3949    50.9389 
    1.4386    54.0255 
    1.4677    56.3405 
    1.4968    58.6554 
    1.5405    62.5136 
    1.5841    66.3719 
    1.6278    70.2302 
    1.6714    74.0884 
    1.6860    75.6317 
    1.7005    77.3081 
    1.7151    79.1557 
    1.7442    83.7748 
    1.7733    86.7765 
    1.8023    90.2931 
    1.8315    94.1513 
    1.8605    98.0096 
    1.8897   101.5398 
    1.9188   104.7942 
    1.9333   106.1996 
    1.9624   108.3375 
    2.0061   111.4151 
    2.0497   114.7315 
    2.1079   118.8762 
    2.1661   123.0209 
    2.2243   127.1657 
    2.2825   131.1900 
    2.2971   131.9620 
    2.3552   134.2770 
    2.3989   135.8200 
    2.4716   138.1350 
    2.5444   140.4500 
    2.6172   142.7650 
    2.6899   145.0800 
    2.7626   147.3950 
    2.8354   149.7100 
    2.9082   152.0250 
