    0.0100     6.2247 
    0.0880     6.6120 
    0.1659     7.0567 
    0.5557     8.8704 
    0.9455    10.7375 
    1.0235    11.1641 
    1.2574    12.3962 
    1.4133    13.4968 
    1.6472    15.2916 
    1.8810    17.4253 
    2.0370    18.6656 
    2.1929    19.7432 
    2.4268    20.9838 
    2.7386    23.2068 
    2.8166    23.5740 
    3.2064    25.4923 
    3.5182    27.1644 
    3.7521    28.3847 
    3.9860    29.5227 
    4.2198    30.5542 
    4.4537    31.6271 
    4.6876    32.7260 
    4.9994    34.3041 
    5.3113    35.6360 
    5.7011    37.5290 
    5.7790    38.1101 
    5.8570    38.5236 
    5.9350    39.3579 
    6.0129    40.2651 
    6.0909    41.3231 
    6.1688    42.4215 
    6.2468    43.4004 
    6.3248    44.2902 
    6.4027    45.1348 
    6.4807    45.9690 
    6.5586    46.6427 
    6.6366    47.3101 
    6.7146    48.0191 
    6.7925    48.9089 
    6.8705    49.8878 
    6.9484    50.8888 
    7.0264    51.8899 
    7.1044    52.9021 
    7.1823    54.0144 
    7.2603    55.1267 
    7.3382    56.2028 
    7.4162    57.1593 
    7.4942    58.0485 
    7.8840    60.8953 
    8.1958    62.2300 
    8.5076    63.1802 
    8.8195    64.0778 
    9.1313    65.1623 
    9.4432    66.4536 
    9.7550    67.5439 
   10.0668    68.9371 
   10.3007    70.3866 
   10.5346    72.0550 
   10.7685    73.8047 
   11.0024    76.5491 
   11.3142    81.6674 
   11.6260    83.3723 
   11.9379    84.9308 
   12.3277    86.2715 
   12.4056    86.6061 
   12.4836    86.9406 
   12.5616    87.2561 
   12.6395    87.7007 
   12.7175    88.2012 
   12.7954    88.7089 
   12.8734    89.2428 
   13.1852    91.3379 
   13.4191    93.3449 
   13.6530    95.8531 
   14.0428    99.8578 
   14.1208   100.6085 
   14.1987   101.3588 
   14.5106   105.0386 
   14.8224   108.4710 
   15.1342   113.6046 
   15.2122   114.9994 
   15.2902   116.7924 
   15.3681   118.4768 
   15.4461   119.8216 
   15.5240   121.0164 
   15.6020   122.0933 
   15.6800   123.1688 
   15.7579   124.2696 
   15.8359   125.4644 
   16.2257   131.2263 
   16.5375   134.3184 
   16.8494   137.3107 
   17.2392   138.4842 
   17.3171   138.7609 
   17.3951   139.3049 
   17.4730   140.1943 
   17.5510   141.0842 
   17.6290   141.9743 
   17.7069   142.8644 
   17.7849   143.4396 
   17.8628   143.8849 
   17.9408   144.3296 
   18.0188   144.7743 
   18.3306   147.3409 
   18.6424   151.8372 
