    0.0400     4.2991 
    0.0512     6.5348 
    0.0624     8.7932 
    0.0680     9.6153 
    0.0736    10.3730 
    0.0848    11.6293 
    0.0904    12.0767 
    0.1128    13.5627 
    0.1296    14.6810 
    0.1408    15.2801 
    0.1688    16.2877 
    0.1968    16.9931 
    0.2248    17.8165 
    0.2360    18.3253 
    0.2528    19.3123 
    0.2752    20.8829 
    0.2808    21.4965 
    0.3032    24.2218 
    0.3200    26.1283 
    0.3312    27.7995 
    0.3424    29.8117 
    0.3592    31.9743 
    0.3760    33.8530 
    0.3928    35.7970 
    0.4096    37.7691 
    0.4264    40.2147 
    0.4432    42.5400 
    0.4600    44.8900 
    0.4768    47.2400 
    0.4936    49.5900 
    0.5048    51.0000 
