    0.0400     2.2447 
    0.0456     2.7628 
    0.0512     3.2789 
    0.0568     3.7878 
    0.0624     4.1998 
    0.0680     4.5962 
    0.0736     5.0384 
    0.0792     5.4851 
    0.0848     5.9324 
    0.0904     6.4081 
    0.0960     6.9339 
    0.1016     7.4693 
    0.1072     7.9273 
    0.1352     9.5087 
    0.1632    11.0571 
    0.1688    11.5113 
    0.1744    11.9626 
    0.1800    12.4344 
    0.1856    12.9397 
    0.1912    13.4395 
    0.1968    13.9525 
    0.2024    14.5253 
    0.2080    15.1290 
    0.2136    15.6984 
    0.2192    16.1857 
    0.2248    16.5748 
    0.2304    16.9057 
    0.2360    17.2500 
    0.2416    17.6888 
    0.2472    18.1978 
    0.2528    18.6906 
    0.2584    19.1864 
    0.2640    19.6504 
    0.2696    20.1239 
    0.2752    20.7158 
    0.2808    21.3420 
    0.2864    21.9433 
    0.2920    22.5057 
    0.2976    23.0360 
    0.3032    23.5849 
    0.3088    24.1077 
    0.3144    24.5772 
    0.3200    25.1249 
    0.3256    25.5524 
    0.3312    25.9880 
    0.3368    26.5375 
    0.3424    27.0602 
    0.3480    27.6399 
    0.3536    28.3481 
    0.3592    29.0644 
    0.3648    29.6696 
    0.3704    30.2177 
    0.3760    30.7049 
    0.3816    31.1047 
    0.3872    31.4811 
    0.3928    31.8771 
    0.3984    32.2432 
    0.4040    32.5766 
    0.4096    32.9332 
    0.4152    33.3686 
    0.4208    33.7411 
    0.4264    34.1794 
    0.4320    34.5895 
    0.4376    34.9299 
    0.4432    35.2621 
    0.4488    35.6833 
    0.4544    36.0502 
    0.4600    36.4462 
    0.4656    36.8766 
    0.4712    37.2873 
    0.4768    37.6725 
    0.4824    38.0853 
    0.4880    38.5873 
    0.4936    39.1369 
    0.4992    39.6203 
    0.5048    40.1043 
    0.5104    40.5400 
    0.5160    41.0100 
    0.5216    41.4800 
    0.5272    41.9500 
    0.5328    42.4200 
    0.5384    42.8900 
    0.5440    43.3600 
    0.5496    43.8300 
    0.5552    44.3000 
    0.5776    46.6500 
    0.6000    49.0000 
