    0.0400     3.3448 
    0.0704     5.4479 
    0.0932     7.3462 
    0.1160     8.9079 
    0.1388    10.4268 
    0.1616    12.0672 
    0.1844    13.9875 
    0.2072    16.1432 
    0.2376    18.0344 
    0.2452    18.5132 
    0.2528    18.9855 
    0.2604    19.4476 
    0.2680    19.8881 
    0.2756    20.3677 
    0.2832    20.9943 
    0.2908    21.5738 
    0.2984    22.1467 
    0.3060    22.6602 
    0.3364    25.1612 
    0.3668    27.5648 
    0.3744    28.2227 
    0.3820    28.9134 
    0.3896    29.5276 
    0.3972    30.0560 
    0.4048    30.5544 
    0.4124    30.9685 
    0.4200    31.3089 
    0.4276    31.6964 
    0.4352    32.0634 
    0.4428    32.3914 
    0.4504    32.7136 
    0.4580    33.0935 
    0.4656    33.4865 
    0.4732    33.8623 
    0.4808    34.2758 
    0.4884    34.6599 
    0.4960    34.9797 
    0.5036    35.2974 
    0.5112    35.7117 
    0.5188    36.0573 
    0.5264    36.4371 
    0.5340    36.8490 
    0.5416    37.2457 
    0.5492    37.6161 
    0.5568    37.9965 
    0.5644    38.4524 
    0.5720    39.0045 
    0.5796    39.4629 
    0.5872    39.9397 
    0.5948    40.3620 
    0.6024    40.8000 
    0.6100    41.2500 
    0.6176    41.7000 
    0.6252    42.1500 
    0.6328    42.6000 
    0.6404    43.0500 
    0.6480    43.5000 
    0.6556    43.9500 
    0.6632    44.4000 
    0.6708    44.8500 
    0.6784    45.3000 
    0.6860    45.7500 
    0.6936    46.2000 
    0.7012    46.6500 
    0.7088    47.1000 
    0.7164    47.5500 
    0.7240    48.0000 
