    0.0400     2.2447 
    0.0664     4.2577 
    0.0928     6.0682 
    0.1192     8.1069 
    0.1456     9.7575 
    0.1720    11.3933 
    0.1984    13.3882 
    0.2248    15.7201 
    0.2314    16.1347 
    0.2644    17.3340 
    0.2974    18.9432 
    0.3304    20.6044 
    0.3634    22.5830 
    0.3964    24.3169 
    0.4294    25.8953 
    0.4624    27.7024 
    0.4954    29.9058 
    0.5284    31.3778 
    0.5614    32.5982 
    0.5944    33.9090 
    0.6274    35.1632 
    0.6340    35.4748 
    0.6406    35.8351 
    0.6472    36.1147 
    0.6538    36.4553 
    0.6604    36.8121 
    0.6670    37.1625 
    0.6736    37.4870 
    0.6802    37.8013 
    0.6868    38.1642 
    0.6934    38.5873 
    0.7000    39.0554 
