    0.0300     1.6936 
    0.0592     4.2784 
    0.0884     6.6405 
    0.1176     8.9652 
    0.1249     9.4160 
    0.1322     9.8597 
    0.1395    10.2439 
    0.1468    10.6225 
    0.1833    12.5117 
    0.2198    14.7524 
    0.2563    16.7678 
    0.2928    18.5915 
    0.3001    19.1124 
    0.3293    22.0132 
    0.3366    22.5940 
    0.3439    23.1586 
    0.3804    25.3111 
    0.3877    25.7656 
    0.3950    26.2861 
    0.4023    26.8496 
    0.4096    27.4333 
    0.4169    28.1286 
    0.4242    28.8908 
    0.4315    29.5631 
    0.4388    30.1426 
    0.4461    30.6673 
    0.4753    32.6379 
    0.5045    34.7451 
    0.5337    36.7522 
    0.5410    37.1958 
    0.5775    39.1267 
    0.6140    41.1000 
    0.6213    41.5950 
    0.6286    42.0900 
    0.6359    42.5850 
    0.6432    43.0800 
    0.6505    43.5750 
    0.6578    44.0700 
    0.6651    44.5650 
    0.6724    45.0600 
    0.6797    45.5550 
    0.6870    46.0500 
    0.6943    46.5450 
    0.7016    47.0400 
    0.7089    47.5350 
    0.7162    48.0300 
    0.7235    48.5250 
    0.7308    49.0200 
    0.7381    49.5150 
    0.7454    50.0100 
    0.7527    50.5050 
    0.7600    51.0000 
