    0.0300     2.2447 
    0.0498     4.7235 
    0.0630     6.1652 
    0.0762     7.8076 
    0.0960     9.4909 
    0.1224    11.6391 
    0.1290    12.1148 
    0.1620    14.2788 
    0.1950    16.5257 
    0.2280    18.2523 
    0.2610    20.2981 
    0.2940    22.8258 
    0.3270    25.0704 
    0.3600    27.1267 
    0.3930    29.8827 
    0.4260    31.7395 
    0.4590    33.3293 
    0.4920    34.9797 
    0.5250    36.6186 
    0.5316    37.0793 
    0.5580    39.5138 
    0.5844    42.0000 
    0.6108    44.5000 
    0.6372    47.0000 
    0.6636    49.5000 
    0.6900    52.0000 
