    0.0400     2.2447 
    0.0546     3.4636 
    0.0692     4.4859 
    0.0838     5.5222 
    0.0984     6.6299 
    0.1130     7.8503 
    0.1276     8.7626 
    0.1495    10.0406 
    0.1714    11.2655 
    0.2006    13.1497 
    0.2079    13.5319 
    0.2152    13.9409 
    0.2225    14.3826 
    0.2298    14.8627 
    0.2371    15.3304 
    0.2444    15.7636 
    0.2517    16.1517 
    0.2590    16.4662 
    0.2663    16.7363 
    0.3028    18.0126 
    0.3393    19.5538 
    0.3758    21.3034 
    0.4123    23.0827 
    0.4488    24.7095 
    0.4853    26.1984 
    0.5218    28.0033 
    0.5583    30.0445 
    0.5948    31.4122 
    0.6313    32.5694 
    0.6678    33.7971 
    0.6751    34.1421 
    0.6824    34.4675 
    0.6897    34.7594 
    0.6970    35.0221 
    0.7043    35.2833 
    0.7116    35.6169 
    0.7408    37.2041 
    0.7700    39.0045 
