    0.0476     3.3448 
    0.0780     5.5873 
    0.1084     8.0641 
    0.1388    10.0858 
    0.1692    12.2179 
    0.1996    14.9276 
    0.2300    17.1678 
    0.2604    19.5924 
    0.2680    20.0726 
    0.2756    20.6601 
    0.2832    21.3034 
    0.2908    21.9179 
    0.2984    22.4946 
    0.3060    23.0360 
    0.3440    25.1612 
    0.3820    27.1517 
    0.4200    29.8117 
    0.4276    30.3679 
    0.4352    30.8366 
    0.4428    31.2181 
    0.4504    31.6189 
    0.4580    32.0148 
    0.4656    32.3702 
    0.4732    32.7136 
    0.4808    33.1218 
    0.4884    33.5337 
    0.4960    33.9463 
    0.5036    34.3804 
    0.5112    34.7665 
    0.5188    35.1068 
    0.5264    35.4843 
    0.5340    35.9068 
    0.5416    36.2738 
    0.5492    36.7108 
    0.5568    37.1459 
    0.5644    37.5436 
    0.5720    37.9374 
    0.5796    38.4156 
    0.5872    39.0045 
    0.5948    39.4934 
    0.6024    40.0031 
    0.6100    40.4448 
    0.6176    40.9200 
    0.6252    41.4000 
    0.6328    41.8800 
    0.6404    42.3600 
    0.6480    42.8400 
    0.6556    43.3200 
    0.6632    43.8000 
    0.6708    44.2800 
    0.6784    44.7600 
    0.6860    45.2400 
    0.7240    47.1600 
    0.7620    49.0800 
    0.8000    51.0000 
