    0.0400     2.2447 
    0.0664     4.5538 
    0.0928     6.8136 
    0.1192     8.9461 
    0.1456    10.8763 
    0.1522    11.3048 
    0.1588    11.7533 
    0.1654    12.1973 
    0.1720    12.6745 
    0.1786    13.1828 
    0.1852    13.6551 
    0.1918    14.1856 
    0.1984    14.7719 
    0.2050    15.3556 
    0.2116    15.8832 
    0.2182    16.3217 
    0.2248    16.6801 
    0.2314    17.0077 
    0.2578    19.2815 
    0.2842    21.9942 
    0.3106    24.5652 
    0.3172    25.1067 
    0.3238    25.5247 
    0.3304    25.9509 
    0.3370    26.4790 
    0.3436    26.9937 
    0.3502    27.5522 
    0.3832    30.0907 
    0.4162    31.7556 
    0.4492    33.1972 
    0.4558    33.5809 
    0.4624    33.9835 
    0.4888    35.8638 
    0.5086    37.4288 
    0.5218    38.7591 
    0.5416    41.1000 
    0.5614    43.4000 
    0.5812    45.7000 
    0.6010    48.0000 
