    0.0100     2.7959 
    0.0200     3.1219 
    0.0299     3.4463 
    0.0399     3.7673 
    0.0498     4.0408 
    0.0598     4.2867 
    0.0698     4.5385 
    0.0797     4.8012 
    0.0947     5.2843 
    0.1096     5.7472 
    0.1245     6.2328 
    0.1395     6.7643 
    0.1544     7.3503 
    0.1694     7.8495 
    0.1843     8.2708 
    0.1992     8.6701 
    0.2042     8.8215 
    0.2142     9.2399 
    0.2241     9.6927 
    0.2341    10.1024 
    0.2441    10.4782 
    0.2540    10.8871 
    0.2590    11.0661 
    0.2739    11.5457 
    0.2839    11.8313 
    0.2988    12.2158 
    0.3188    12.7331 
    0.3387    13.2732 
    0.3586    13.7929 
    0.3785    14.3800 
    0.3835    14.5085 
    0.4034    14.8938 
    0.4184    15.1441 
    0.4433    15.5180 
    0.4532    15.6309 
    0.4781    15.8463 
    0.4881    15.9539 
    0.5030    16.1543 
    0.5080    16.2384 
    0.5279    16.6359 
    0.5478    16.9873 
    0.5678    17.3779 
    0.5877    17.8622 
    0.5927    17.9701 
    0.5976    18.0779 
    0.6225    18.4986 
    0.6425    18.8090 
    0.6574    19.0183 
    0.6723    19.2276 
    0.6972    19.5210 
    0.7221    19.8092 
    0.7470    20.1136 
    0.7719    20.4610 
    0.7968    20.8745 
    0.8217    21.2660 
    0.8466    21.6484 
    0.8715    22.0260 
    0.8964    22.3864 
    0.9114    22.6050 
    0.9313    22.9391 
    0.9512    23.2859 
    0.9761    23.7484 
    0.9811    23.8640 
    0.9861    23.9796 
    0.9911    24.0763 
    0.9960    24.1704 
    1.0010    24.2646 
    1.0060    24.3587 
    1.0110    24.4528 
    1.0160    24.5676 
    1.0209    24.6867 
    1.0259    24.8058 
    1.0309    24.9248 
    1.0359    25.0439 
    1.0409    25.1403 
    1.0458    25.2303 
    1.0508    25.3202 
    1.0558    25.4102 
    1.0608    25.5001 
    1.0658    25.5914 
    1.0707    25.6831 
    1.0757    25.7748 
    1.0807    25.8666 
    1.0857    25.9583 
    1.0907    26.0663 
    1.0956    26.1821 
    1.1205    26.6413 
    1.1454    27.0801 
    1.1703    27.5698 
    1.1952    28.1443 
    1.2201    28.7565 
    1.2401    29.2047 
    1.2600    29.5749 
    1.2799    29.9255 
    1.2998    30.2685 
    1.3197    30.5835 
    1.3397    30.8629 
    1.3596    31.1009 
    1.3795    31.3278 
    1.3994    31.5836 
    1.4193    31.8334 
    1.4393    32.0739 
    1.4592    32.2926 
    1.4791    32.5023 
    1.4990    32.7165 
    1.5189    32.9530 
    1.5389    33.2331 
    1.5588    33.4826 
    1.5787    33.7162 
    1.5986    33.9919 
    1.6185    34.2636 
    1.6385    34.5224 
    1.6584    34.7523 
    1.6783    34.9633 
    1.6982    35.1731 
    1.7181    35.4000 
    1.7430    35.7752 
    1.7480    35.8538 
    1.7530    35.9247 
    1.7580    35.9957 
    1.7630    36.0666 
    1.7679    36.1376 
    1.7729    36.2202 
    1.7779    36.3101 
    1.7829    36.3999 
    1.7879    36.4898 
    1.7928    36.5796 
    1.7978    36.6702 
    1.8028    36.7614 
    1.8078    36.8527 
    1.8128    36.9439 
    1.8177    37.0351 
    1.8377    37.4512 
    1.8576    37.8512 
    1.8775    38.3289 
    1.8974    38.9210 
    1.9024    39.0361 
    1.9273    39.4394 
    1.9522    39.8577 
    1.9771    40.2414 
    2.0020    40.6150 
    2.0269    41.0110 
    2.0518    41.4070 
    2.0568    41.5060 
    2.0767    42.0010 
    2.0966    42.4960 
    2.1165    42.9910 
    2.1365    43.4860 
    2.1564    43.9810 
    2.1763    44.4760 
    2.1962    44.9710 
    2.2161    45.4660 
    2.2361    45.9610 
    2.2560    46.4560 
    2.2759    46.9510 
    2.3167    47.7020 
    2.4332    49.7332 
    2.5497    51.7644 
    2.6662    53.7956 
    2.6895    54.3034 
    2.7827    56.8424 
    2.8526    58.8736 
    2.8992    60.3970 
    2.9225    60.9048 
    3.0157    62.4282 
    3.0856    63.4438 
    3.2021    64.9672 
    3.3186    66.4906 
    3.4351    68.0140 
    3.5050    69.0296 
    3.5982    70.5530 
    3.6215    71.0608 
    3.7147    73.5998 
    3.7846    75.6310 
    3.8545    77.8914 
    3.9244    80.3231 
    3.9943    82.7548 
    4.0875    85.4159 
    4.1108    85.7341 
    4.2273    87.0070 
    4.3438    88.8338 
    4.4603    90.8650 
    4.5768    92.8962 
    4.6001    93.4040 
    4.6933    95.9430 
    4.7632    97.9742 
    4.8098    99.4976 
    4.8564   100.8253 
    4.9030   102.1100 
    4.9496   103.3956 
    5.0195   105.1191 
    5.1127   107.4639 
    5.1360   107.9330 
    5.1593   108.4021 
    5.2758   110.3558 
    5.3923   112.5377 
    5.4156   113.0835 
    5.4855   115.2654 
    5.5554   117.9931 
    5.5787   119.0846 
    5.6253   121.8123 
    5.6719   124.5400 
    5.7185   127.2677 
    5.7651   129.9660 
    5.8117   132.5050 
    5.8583   135.0440 
    5.8816   136.0590 
    5.9282   137.5830 
    5.9515   138.0900 
    6.0447   139.6140 
    6.1146   140.6290 
    6.1845   141.6450 
    6.2544   142.6610 
    6.3243   143.6760 
    6.3942   144.6920 
    6.4641   145.7070 
    6.5340   146.7230 
    6.6272   148.2460 
    6.7204   149.7700 
    6.8136   151.2930 
    6.9068   152.8170 
