    0.0100     6.1652 
    0.0511     6.6510 
    0.0922     7.1987 
    0.1470     7.9017 
    0.2155     8.6632 
    0.2292     8.8391 
    0.2429     9.0149 
    0.2566     9.2286 
    0.2703     9.4441 
    0.2840     9.6509 
    0.2977     9.8553 
    0.3114    10.0406 
    0.3251    10.2138 
    0.3388    10.3884 
    0.3525    10.5649 
    0.4210    11.3933 
    0.4895    12.2901 
    0.5032    12.5272 
    0.5169    13.0281 
    0.5306    13.5114 
    0.5443    14.0225 
    0.5717    14.8887 
    0.5854    15.1793 
    0.6402    15.9811 
    0.6539    16.2027 
    0.6950    17.0732 
    0.7224    17.6701 
    0.7361    17.9145 
    0.8046    18.8904 
    0.8457    19.3703 
    0.9142    20.0521 
    0.9416    20.2879 
    1.0101    20.9247 
    1.0786    21.5223 
    1.1060    21.8162 
    1.1745    22.6381 
    1.2156    23.1645 
    1.2704    23.9702 
    1.2841    24.1933 
    1.3389    25.3974 
    1.3937    26.5836 
    1.4485    28.0033 
    1.4622    28.3637 
    1.5307    29.6578 
    1.5992    30.6767 
    1.6677    31.4381 
    1.6814    31.6361 
    1.6951    31.8285 
    1.7088    32.0148 
    1.7225    32.1938 
    1.7362    32.3561 
    1.7499    32.5189 
    1.7636    32.6847 
    1.8184    33.6517 
    1.8595    34.4762 
    1.9006    35.1562 
    1.9280    35.7496 
    1.9554    36.2828 
    1.9965    37.3123 
    2.0376    38.3220 
    2.0650    39.1267 
    2.1061    40.0767 
    2.1609    41.1900 
    2.1746    41.4200 
    2.1883    41.6500 
    2.2020    41.8800 
    2.2705    42.8000 
    2.3390    43.7200 
    2.4241    45.0629 
    2.5472    47.0407 
    2.5719    47.5352 
    2.5965    48.0297 
    2.6211    48.5241 
    2.6458    49.0186 
    2.6704    49.5131 
    2.6950    50.0075 
    2.7197    50.5020 
    2.8428    52.4799 
    2.9414    53.9633 
    3.0399    55.4467 
    3.1138    56.4356 
    3.1631    56.9301 
    3.2862    57.9190 
    3.4094    58.9079 
    3.5326    59.8969 
    3.6557    60.8858 
    3.7296    61.3803 
    3.8528    62.3692 
    3.9760    63.3581 
    4.0252    63.8526 
    4.1484    65.3360 
    4.2223    66.3249 
    4.3208    67.8083 
    4.4440    69.7862 
    4.4686    70.2807 
    4.4933    70.7751 
    4.5672    72.7530 
    4.6164    74.2364 
    4.6903    76.7499 
    4.7642    79.7098 
    4.8381    82.6696 
    4.9120    85.3294 
    4.9613    86.2590 
    5.0352    87.5870 
    5.0598    88.0815 
    5.0845    88.5759 
    5.1091    89.0704 
    5.1337    89.5649 
    5.1584    90.0593 
    5.1830    90.5538 
    5.2076    91.0483 
    5.2323    91.5427 
    5.2569    92.0372 
    5.2815    92.5317 
    5.3062    93.0261 
    5.4047    95.4985 
    5.4786    97.4763 
    5.5525    99.4542 
    5.6264   101.1720 
    5.7003   102.8405 
    5.7742   104.5091 
    5.8481   106.2892 
    5.9220   108.1158 
    5.9959   109.9908 
    6.0452   111.5590 
    6.0944   113.1522 
    6.1683   115.8090 
    6.1930   116.8705 
    6.2422   119.5273 
    6.2669   121.1205 
    6.2915   122.7148 
    6.3161   124.3080 
    6.3408   125.9012 
    6.3654   127.4955 
    6.3900   129.0887 
    6.4393   131.5950 
    6.4886   134.0670 
    6.5132   135.0560 
    6.5625   136.5390 
    6.6364   138.5170 
    6.7349   140.9890 
    6.7595   141.4840 
    6.7842   141.9780 
    6.8088   142.4730 
    6.8334   142.9670 
    6.8581   143.4620 
    6.8827   143.9560 
    6.9073   144.4510 
    6.9320   144.9450 
    6.9566   145.4400 
    6.9812   145.9340 
    7.0059   146.4290 
    7.0305   146.9230 
    7.0551   147.4170 
    7.0798   147.9120 
    7.1044   148.4060 
    7.1290   148.9010 
    7.1537   149.3950 
    7.1783   149.8900 
    7.2029   150.3840 
    7.2276   150.8790 
    7.2522   151.3730 
    7.2768   151.8680 
    7.3015   152.3620 
    7.3261   152.8570 
    7.3507   153.3510 
    7.3754   153.8460 
