    0.0100     2.2447 
    0.0146     2.6065 
    0.0192     2.9676 
    0.0237     3.3278 
    0.0283     3.6828 
    0.0329     4.0018 
    0.0375     4.1830 
    0.0512     4.6444 
    0.0650     5.1700 
    0.0787     5.6810 
    0.0879     5.9993 
    0.0970     6.3312 
    0.1108     6.8074 
    0.1245     7.3282 
    0.1382     7.7768 
    0.1474     8.0626 
    0.1611     8.5149 
    0.1657     8.6892 
    0.1703     8.9401 
    0.1749     9.2290 
    0.1795     9.5341 
    0.1840     9.8258 
    0.1886    10.0896 
    0.1932    10.3371 
    0.1978    10.5890 
    0.2024    10.8669 
    0.2069    11.1650 
    0.2115    11.4877 
    0.2161    11.8048 
    0.2207    12.1173 
    0.2253    12.4557 
    0.2298    12.8058 
    0.2344    13.0476 
    0.2436    13.3941 
    0.2527    13.7358 
    0.2665    14.2457 
    0.2711    14.3839 
    0.2894    14.8098 
    0.3077    15.2264 
    0.3260    15.6283 
    0.3306    15.7473 
    0.3352    15.9852 
    0.3398    16.2894 
    0.3443    16.5609 
    0.3489    16.7913 
    0.3535    17.0270 
    0.3627    17.4774 
    0.3672    17.6817 
    0.3764    18.0350 
    0.3810    18.1542 
    0.4039    18.6150 
    0.4222    18.9599 
    0.4359    19.1913 
    0.4588    19.5179 
    0.4817    19.8379 
    0.4909    19.9500 
    0.5001    20.0622 
    0.5230    20.2864 
    0.5367    20.4346 
    0.5504    20.5869 
    0.5733    20.8915 
    0.5825    21.0401 
    0.6054    21.4628 
    0.6191    21.7432 
    0.6375    22.1605 
    0.6604    22.6585 
    0.6649    22.7792 
    0.6695    22.9043 
    0.6741    23.0321 
    0.6924    23.6708 
    0.7107    24.2509 
    0.7245    24.7194 
    0.7382    25.2028 
    0.7565    25.7033 
    0.7749    26.2683 
    0.7932    26.8904 
    0.7978    27.0116 
    0.8161    27.4076 
    0.8298    27.6814 
    0.8390    27.8349 
    0.8481    28.0064 
    0.8710    28.3493 
    0.8939    28.6864 
    0.9031    28.8516 
    0.9260    29.3348 
    0.9397    29.5939 
    0.9535    29.8529 
    0.9718    30.2327 
    0.9947    30.6866 
    1.0176    31.0655 
    1.0222    31.1482 
    1.0268    31.2310 
    1.0313    31.3144 
    1.0359    31.4086 
    1.0405    31.5028 
    1.0451    31.5970 
    1.0497    31.6912 
    1.0542    31.7827 
    1.0588    31.8713 
    1.0771    32.2925 
    1.0955    32.6824 
    1.1138    33.1443 
    1.1321    33.6051 
    1.1504    34.0934 
    1.1687    34.5762 
    1.1733    34.6628 
    1.1962    34.9739 
    1.2191    35.2828 
    1.2237    35.3694 
    1.2283    35.4731 
    1.2329    35.5768 
    1.2374    35.6804 
    1.2420    35.7841 
    1.2466    35.8680 
    1.2512    35.9464 
    1.2558    36.0248 
    1.2603    36.1032 
    1.2649    36.1861 
    1.2695    36.2854 
    1.2741    36.3847 
    1.2787    36.4840 
    1.2832    36.5832 
    1.2878    36.6835 
    1.2924    36.7843 
    1.2970    36.8851 
    1.3016    36.9859 
    1.3061    37.0860 
    1.3107    37.1770 
    1.3153    37.2680 
    1.3336    37.7158 
    1.3519    38.2143 
    1.3565    38.3222 
    1.3611    38.4396 
    1.3840    38.9765 
    1.4023    39.3156 
    1.4161    39.5396 
    1.4298    39.7725 
    1.4435    40.0048 
    1.4573    40.2061 
    1.4710    40.4074 
    1.4848    40.6182 
    1.4985    40.8370 
    1.5122    41.0558 
    1.5260    41.2746 
    1.5397    41.4934 
    1.5535    41.7122 
    1.5672    41.9310 
    1.5809    42.1498 
    1.5947    42.3686 
    1.6130    42.6968 
    1.6313    43.0250 
    1.6496    43.3532 
    1.6680    43.6814 
    1.6863    44.0096 
    1.7046    44.3378 
    1.7229    44.6660 
    1.7412    44.9942 
    1.7596    45.3224 
    1.7825    45.7600 
    1.8054    46.1976 
    1.8099    46.3070 
    1.8145    46.4164 
    1.8191    46.5258 
    1.8374    47.0728 
    1.8557    47.6198 
    1.8603    47.7292 
    1.8832    48.1668 
    1.9015    48.4950 
    1.9199    48.8232 
    1.9382    49.1514 
    1.9565    49.4796 
    1.9748    49.8078 
    1.9931    50.1360 
    2.0115    50.4642 
    2.0298    50.7924 
    2.0481    51.1206 
    2.0710    51.5582 
    2.0756    51.6676 
    2.0802    51.7770 
    2.0847    51.8864 
    2.0893    51.9958 
    2.0939    52.1052 
    2.0985    52.2146 
    2.1031    52.3240 
    2.1076    52.4334 
    2.1122    52.5428 
    2.1168    52.6522 
    2.1214    52.7616 
    2.1260    52.8710 
    2.1443    53.4180 
    2.2065    55.5688 
    2.2829    58.1410 
    2.3593    60.7131 
    2.3784    61.2276 
    2.4357    62.2564 
    2.4739    62.7709 
    2.5694    63.7997 
    2.6649    64.8286 
    2.7031    65.3430 
    2.7986    66.8863 
    2.8750    68.4296 
    2.8941    68.9441 
    2.9514    71.0018 
    2.9896    72.5451 
    3.0278    74.0884 
    3.0660    75.6317 
    3.1042    77.3081 
    3.1615    79.7715 
    3.2379    82.8509 
    3.2570    83.4668 
    3.3525    85.4870 
    3.3716    85.8093 
    3.3907    86.1317 
    3.4098    86.4541 
    3.5053    87.9781 
    3.6008    90.0358 
    3.6963    92.0936 
    3.7154    92.6080 
    3.7918    95.1802 
    3.8300    96.7235 
    3.8873    99.2956 
    3.9446   101.5398 
    4.0019   103.7094 
    4.0401   105.0120 
    4.0974   106.9125 
    4.1165   107.3872 
    4.1929   108.8238 
    4.2502   109.8065 
    4.3457   111.4151 
    4.4412   113.0727 
    4.4985   114.1782 
    4.5749   115.8359 
    4.5940   116.3892 
    4.6513   118.6001 
    4.6895   120.2578 
    4.7277   123.0209 
    4.7468   124.6786 
    4.7659   126.3374 
    4.7850   127.9950 
    4.8041   129.6470 
    4.8232   131.1900 
    4.8423   132.2190 
    4.8805   133.7630 
    4.8996   134.2770 
    4.9569   135.3060 
    4.9951   135.8200 
    5.0906   136.8490 
    5.1861   137.8780 
    5.2243   138.3930 
    5.3198   139.9360 
    5.3771   140.9650 
    5.4535   142.5080 
    5.4726   143.0220 
    5.5490   145.5950 
    5.5872   147.1380 
    5.6445   149.7100 
    5.7018   152.2820 
    5.7209   153.3110 
