    5.0400    60.2712 
    5.1392    61.8602 
    5.1640    62.1780 
    5.2632    63.1314 
    5.3376    63.7670 
    5.4616    64.7204 
    5.5856    65.6738 
    5.7096    66.6272 
    5.8336    67.5806 
    5.9576    68.5340 
    6.0816    69.4874 
    6.1560    70.1230 
    6.2304    70.7586 
    6.3296    71.7120 
    6.3544    72.0298 
    6.4288    73.3010 
    6.5032    74.8900 
    6.5280    75.5256 
    6.5776    77.2358 
    6.6272    79.1381 
    6.6768    81.0404 
    6.7264    82.9428 
    6.7760    84.8451 
    6.8256    85.9147 
    6.8504    86.3130 
    6.9000    86.9105 
    6.9248    87.1096 
    7.0240    87.9198 
    7.0984    88.5554 
    7.2224    89.5088 
    7.3464    90.4622 
    7.4704    91.4156 
    7.5448    92.0512 
    7.6192    92.6868 
    7.7184    93.6402 
    7.8424    94.9114 
    7.8672    95.2292 
    7.9416    96.5004 
    7.9912    97.4538 
    8.0160    98.0894 
    8.0656    99.6784 
    8.1152   101.0328 
    8.1400   101.8375 
    8.1648   102.6414 
    8.2144   103.9818 
    8.2392   104.5183 
    8.2888   105.3528 
    8.3632   106.5265 
    8.4624   107.9939 
    8.4872   108.2876 
    8.5864   109.1915 
    8.7104   110.1016 
    8.7600   110.4310 
    8.8840   111.1132 
    9.0080   111.7964 
    9.1320   112.4797 
    9.2560   113.1619 
    9.3800   113.8452 
    9.5040   114.5274 
    9.6280   115.2106 
    9.7520   115.8939 
    9.8760   116.5761 
   10.0000   117.2594 
   10.1240   117.9416 
   10.2480   118.6248 
   10.3720   119.3081 
   10.4960   119.9903 
   10.6200   120.6736 
   10.7440   121.3557 
   10.7936   121.6974 
   10.9176   122.7223 
   10.9920   123.4045 
   11.0912   124.4294 
   11.2152   125.7948 
   11.2400   126.1365 
   11.3392   127.8436 
   11.4136   129.2090 
   11.4880   130.5050 
   11.5376   131.4580 
   11.5624   132.0940 
   11.6120   133.6830 
   11.6368   134.3190 
   11.6864   135.2720 
   11.7112   135.5900 
   11.8104   136.5430 
   11.9096   137.4970 
   11.9344   137.8140 
   11.9840   138.7680 
   12.0584   140.3570 
   12.0832   140.9920 
   12.1328   142.5810 
   12.1824   144.1700 
   12.2320   145.7590 
   12.2816   147.3480 
   12.3312   148.9370 
   12.3808   150.5260 
   12.4304   152.1150 
   12.4800   153.7040 
