    0.0200     2.2949 
    0.0880     4.0026 
    0.1560     5.4964 
    0.1730     5.7425 
    0.1900     5.9731 
    0.2070     6.1824 
    0.2240     6.4068 
    0.2410     6.6548 
    0.2580     6.9213 
    0.2750     7.2207 
    0.2920     7.5084 
    0.3600     8.8838 
    0.3770     9.1695 
    0.3940     9.4820 
    0.4110     9.7911 
    0.4280    10.0869 
    0.4450    10.3748 
    0.4620    10.6247 
    0.4790    10.8770 
    0.4960    11.1437 
    0.5130    11.4041 
    0.5300    11.6138 
    0.5470    11.8214 
    0.5640    12.0051 
    0.5810    12.1863 
    0.6660    12.9162 
    0.7510    13.8555 
    0.8360    14.7177 
    0.9040    15.3863 
    0.9550    15.8426 
    1.0060    16.3356 
    1.0570    16.8999 
    1.1080    17.5135 
    1.1760    18.3062 
    1.1930    18.5365 
    1.2100    18.7611 
    1.2780    19.8394 
    1.3460    20.7614 
    1.4140    22.2210 
    1.4310    22.4662 
    1.5160    23.4161 
    1.6010    24.5221 
    1.6860    25.7514 
    1.7030    26.0810 
    1.7200    26.4404 
    1.7370    26.7974 
    1.7540    27.1394 
    1.7710    27.4870 
    1.7880    27.8786 
    1.8050    28.2677 
    1.8220    28.6301 
    1.8390    28.9912 
    1.8560    29.3291 
    1.8730    29.6664 
    1.8900    29.9750 
    1.9070    30.2836 
    1.9240    30.6126 
    1.9410    30.9418 
    1.9580    31.2724 
    1.9750    31.6031 
    1.9920    31.9330 
    2.0090    32.2628 
    2.0260    32.6126 
    2.0430    32.9647 
    2.0600    33.3175 
    2.0770    33.6705 
    2.0940    33.9652 
    2.1110    34.2483 
    2.1280    34.5182 
    2.1450    34.7850 
    2.1620    35.0692 
    2.2470    36.1504 
    2.3320    37.3520 
    2.4170    38.6154 
    2.5020    40.8467 
    2.5870    43.4301 
    2.6040    43.9776 
    2.6720    46.4598 
    2.7230    48.1860 
    2.7570    49.9216 
    2.7910    51.7698 
    2.8250    53.7099 
    2.8590    55.7635 
    2.8930    57.5320 
    2.9270    59.1038 
    2.9610    60.4315 
    2.9950    61.3745 
    3.0290    62.1645 
    3.0800    63.1484 
    3.1310    64.0637 
    3.1820    65.1778 
    3.2330    66.4985 
    3.2500    66.9909 
    3.2840    68.1549 
    3.3180    69.9674 
    3.3350    70.9935 
    3.3520    72.0206 
    3.3690    73.0812 
    3.4200    77.0809 
    3.4710    81.9671 
    3.5220    83.5742 
    3.5730    85.1198 
    3.6070    85.7173 
    3.6410    86.3350 
    3.6750    86.9528 
    3.7090    87.6419 
    3.7430    88.5660 
    3.7770    89.5498 
    3.8280    91.3692 
    3.8960    94.6702 
    3.9130    95.4927 
    3.9300    96.2619 
    3.9470    96.9460 
    3.9640    97.6229 
    3.9810    98.2385 
    3.9980    98.8118 
    4.0150    99.3601 
    4.1000   101.2716 
    4.1850   103.1192 
    4.2530   104.4662 
    4.3210   105.7105 
    4.3890   106.8485 
    4.4400   107.7810 
    4.5250   109.2872 
    4.5590   109.8472 
    4.6440   111.1274 
    4.7290   112.4562 
    4.8140   113.9257 
    4.8990   115.8960 
