    0.0133     0.0000 
    0.0667     2.6340 
    0.1200     4.5693 
    0.1733     6.1397 
    0.1867     6.3971 
    0.2000     6.6859 
    0.2133     7.0081 
    0.2267     7.3566 
    0.2400     7.6720 
    0.2533     7.9813 
    0.2667     8.3103 
    0.2800     8.6375 
    0.2933     8.9606 
    0.3067     9.3074 
    0.3200     9.6714 
    0.3333    10.0190 
    0.3467    10.3585 
    0.3600    10.6496 
    0.3733    10.9474 
    0.3867    11.2580 
    0.4000    11.5285 
    0.4133    11.7727 
    0.4267    11.9908 
    0.4400    12.1979 
    0.5067    13.0934 
    0.5600    13.9080 
    0.6000    14.4093 
    0.6667    15.1768 
    0.7333    15.9734 
    0.8000    16.9150 
    0.8400    17.6244 
    0.8533    17.9554 
    0.9067    19.3385 
    0.9600    20.4006 
    1.0133    21.9207 
    1.0267    22.2636 
    1.0400    22.5491 
    1.0533    22.8325 
    1.0667    23.1150 
    1.0800    23.3781 
    1.0933    23.6616 
    1.1600    25.0089 
    1.1733    25.3697 
    1.1867    25.7462 
    1.2000    26.1343 
    1.2133    26.5529 
    1.2267    26.9606 
    1.2400    27.3589 
    1.2533    27.8028 
    1.2667    28.2572 
    1.2800    28.6792 
    1.2933    29.0925 
    1.3067    29.4861 
    1.3200    29.8605 
    1.3333    30.2198 
    1.3467    30.5988 
    1.3600    30.9823 
    1.3733    31.3674 
    1.3867    31.7522 
    1.4000    32.1362 
    1.4133    32.5353 
    1.4267    32.9454 
    1.4400    33.3563 
    1.4533    33.7597 
    1.4667    34.0894 
    1.4800    34.4124 
    1.4933    34.7230 
    1.5067    35.0496 
    1.5200    35.3865 
    1.5733    37.0217 
    1.6133    38.3985 
    1.6400    40.2651 
    1.6800    43.9194 
    1.7200    46.7539 
    1.7467    48.3009 
    1.7733    50.3549 
    1.8000    52.5072 
    1.8400    55.6644 
    1.8800    58.3405 
    1.9333    60.8619 
    1.9467    61.2206 
    2.0133    62.4024 
    2.0800    63.2825 
    2.1333    63.9221 
    2.1733    64.4003 
    2.2133    64.8953 
    2.2533    65.5330 
    2.3067    66.4470 
    2.3200    66.7339 
    2.3733    68.0943 
    2.3867    68.4366 
    2.4000    68.7951 
    2.4133    69.1556 
    2.4267    69.6775 
    2.4400    70.2750 
    2.4533    70.8735 
    2.4667    71.4710 
    2.4800    72.0686 
    2.5333    75.7985 
    2.5733    81.0278 
    2.6133    83.0529 
    2.6533    84.4788 
    2.6933    85.6245 
    2.7467    86.8235 
    2.7600    87.0574 
    2.7733    87.2824 
    2.8400    88.6822 
    2.9067    90.3504 
    2.9733    92.9931 
    3.0400    96.4899 
    3.0933    98.7172 
    3.1467   100.4959 
    3.2000   102.1093 
    3.2533   103.7236 
    3.3200   105.6975 
    3.3333   106.1399 
    3.3467   106.5811 
    3.4000   109.3488 
    3.4400   112.3023 
    3.4667   115.0891 
    3.4933   118.7635 
    3.5333   122.9362 
    3.5733   127.8093 
    3.6000   130.6884 
    3.6400   133.7312 
    3.6933   137.2957 
    3.7067   137.6147 
    3.7200   137.8683 
    3.7867   138.5433 
    3.8533   140.3133 
    3.9200   142.8644 
