    0.0200     0.0000 
    0.1616     2.5462 
    0.3032     4.4081 
    0.4448     5.9527 
    0.5864     7.3485 
    0.6147     7.7221 
    0.6430     8.0961 
    0.6714     8.4863 
    0.6997     8.8704 
    0.7280     9.2736 
    0.7563     9.7052 
    0.7846    10.1151 
    0.8130    10.4939 
    0.8413    10.8391 
    0.8696    11.2074 
    0.8979    11.5341 
    0.9262    11.8217 
    0.9546    12.0754 
    0.9829    12.2880 
    1.0112    12.4878 
    1.0395    12.8068 
    1.0678    13.1321 
    1.0962    13.4592 
    1.2378    14.6775 
    1.2661    14.9833 
    1.2944    15.2916 
    1.3227    15.5996 
    1.3510    15.9223 
    1.3794    16.2616 
    1.4077    16.6257 
    1.4360    17.0509 
    1.4643    17.4731 
    1.4926    17.8794 
    1.6342    19.1907 
    1.7475    19.9988 
    1.8608    20.7727 
    1.9741    21.9855 
    2.0874    23.0361 
    2.2006    24.0995 
    2.3139    25.3107 
    2.4555    27.1922 
    2.4838    27.6967 
    2.5122    28.2375 
    2.5405    28.7381 
    2.5688    29.2207 
    2.6821    31.4659 
    2.7670    33.3563 
    2.8237    34.5858 
    2.9086    36.4948 
    2.9370    37.3277 
    2.9936    40.1149 
    3.0502    44.3791 
    3.1069    47.5436 
    3.1635    51.4895 
    3.2202    56.0527 
    3.2485    57.6488 
    3.3051    59.7566 
    3.3901    61.6224 
    3.4184    62.0006 
    3.5600    63.1134 
    3.6733    63.8442 
    3.7866    64.6951 
    3.8998    65.7851 
    4.0414    67.1436 
    4.0698    67.4272 
    4.1830    69.4689 
    4.2114    70.1780 
    4.2397    70.8871 
    4.2680    71.5962 
    4.2963    72.3053 
    4.3246    73.0456 
    4.3530    73.8047 
    4.3813    74.6556 
    4.4096    75.9987 
    4.4379    77.6476 
    4.4662    79.3454 
    4.4946    80.7686 
    4.5229    81.7723 
    4.5512    82.3383 
    4.5795    82.7910 
    4.6645    84.4788 
    4.7211    85.5187 
    4.8061    86.6562 
    4.8344    86.9406 
    4.9194    87.5505 
    4.9760    87.9760 
    5.1176    88.8423 
    5.2592    89.7500 
    5.4008    91.0459 
    5.5424    92.6219 
    5.6840    94.5851 
    5.7406    95.7196 
    5.8256    97.6467 
    5.9389    99.9704 
    6.0805   102.5223 
    6.1088   103.1605 
    6.1371   103.7987 
    6.1654   104.4020 
    6.1938   105.0001 
    6.2221   105.5645 
    6.2504   106.0882 
    6.2787   106.6118 
    6.3070   107.1917 
    6.4203   110.9042 
    6.5053   114.9994 
    6.5619   119.2660 
    6.5902   121.2867 
    6.6469   126.2562 
    6.6752   129.1989 
    6.7602   133.7901 
    6.8451   137.2440 
    6.8734   137.6220 
    6.9018   137.9184 
    6.9301   138.1285 
    6.9584   138.3177 
    6.9867   138.5064 
    7.0150   138.7441 
    7.0434   139.1492 
    7.0717   139.8830 
    7.1000   140.6391 
