    0.1000     0.0000 
    0.1295     1.8983 
    0.1590     3.1666 
    0.1885     4.4056 
    0.2180     5.4925 
    0.2770     8.6379 
    0.3360    10.9272 
    0.3655    12.3084 
    0.3950    13.6734 
    0.4245    15.2804 
    0.4540    16.8062 
    0.4835    17.8060 
    0.5425    19.0433 
    0.6310    20.9330 
    0.7490    23.0199 
    0.8670    25.9816 
    0.9850    29.6044 
    1.1030    32.8502 
    1.2210    34.5680 
    1.2505    35.2379 
    1.2800    35.9334 
    1.3095    36.5682 
    1.4570    40.6065 
    1.6045    44.7237 
    1.7520    48.4182 
    1.8995    53.4382 
    1.9290    54.7938 
    1.9585    56.0471 
    1.9880    57.1324 
    2.0175    58.1588 
    2.0470    59.1066 
    2.0765    59.8794 
    2.1060    60.4894 
    2.1355    61.0532 
    2.1650    61.5217 
    2.2830    63.4008 
    2.4010    65.8288 
    2.4305    66.3039 
    2.5780    68.3904 
    2.6960    71.3571 
    2.7845    73.5553 
    2.9025    79.9062 
    3.0500    83.1166 
    3.0795    83.7555 
    3.1090    84.3608 
    3.1385    84.7478 
    3.1680    85.1555 
    3.1975    85.5633 
    3.3450    87.4512 
    3.4630    89.4669 
    3.5810    92.9425 
    3.6990    97.2658 
    3.7875    99.4128 
    3.8760   101.2420 
    3.9645   103.0721 
    4.0530   104.7645 
    4.1415   106.2925 
    4.2300   108.2248 
    4.3480   111.9586 
    4.4955   119.2210 
    4.5250   120.6376 
    4.5545   121.9483 
    4.5840   123.2590 
    4.6135   124.7144 
    4.6430   126.7950 
    4.7905   132.7233 
    4.9085   136.4495 
    4.9970   137.3312 
    5.0855   137.8856 
    5.1740   139.4999 
    5.2625   141.6693 
    5.3510   143.1071 
    5.4395   144.1910 
    5.5280   145.4029 
    5.6165   146.7574 
    5.7050   148.8099 
    5.7935   151.2263 
