    0.1117     2.2650 
    0.1750     3.7426 
    0.2701     5.4982 
    0.3651     6.8567 
    0.4918     8.8851 
    0.5235     9.3098 
    0.5552     9.7594 
    0.5869    10.1866 
    0.6186    10.5700 
    0.6502    10.9371 
    0.6819    11.3223 
    0.8403    12.3789 
    0.9987    13.6755 
    1.0304    14.0003 
    1.0621    14.3110 
    1.0938    14.6220 
    1.1254    14.9398 
    1.2522    16.6573 
    1.3155    17.9580 
    1.3789    18.9716 
    1.4422    19.8774 
    1.5056    20.6697 
    1.5690    21.8772 
    1.6640    23.3390 
    1.7907    25.3892 
    1.8224    25.8560 
    1.9808    27.9178 
    2.1075    29.4753 
    2.2026    30.3890 
    2.3610    31.8187 
    2.5194    33.3125 
    2.6778    34.6031 
    2.8362    35.7802 
    2.9312    36.6082 
    3.0262    37.4844 
    3.1530    39.0054 
    3.3114    42.5542 
    3.4698    45.7083 
    3.5014    46.3599 
    3.5965    49.0257 
    3.6915    53.5417 
    3.7232    55.5188 
    3.7866    59.5470 
    3.8499    61.9517 
    3.9133    63.3627 
    3.9766    64.7877 
    4.0400    66.6824 
    4.1034    68.4441 
    4.1350    69.3951 
    4.1984    71.6035 
    4.2301    72.3449 
    4.2618    73.1224 
    4.2934    73.9299 
    4.4518    79.9027 
    4.5469    82.0580 
    4.5786    82.5493 
    4.6736    84.3197 
    4.7686    86.0523 
    4.8637    87.5950 
    4.8954    88.4847 
    4.9587    91.3462 
    5.0221    96.3829 
    5.0854   100.5315 
    5.1488   103.8672 
    5.1805   105.1300 
    5.2755   108.1257 
    5.3389   110.5049 
    5.3706   111.4608 
    5.4656   113.4792 
    5.5290   114.6355 
    5.6874   117.7982 
    5.8458   120.2264 
    5.9091   121.2625 
    5.9725   122.2184 
    6.0675   124.1427 
    6.1942   128.1565 
    6.3210   131.4779 
    6.4160   133.3932 
    6.5744   136.3558 
    6.6378   137.1145 
    6.7962   137.8470 
    6.8595   138.0896 
    7.0179   138.7245 
    7.1763   140.6903 
    7.2397   141.4814 
    7.3981   143.0274 
    7.5565   143.8855 
    7.7149   144.6759 
    7.7782   145.0711 
    7.8733   145.9597 
    8.0000   147.4150 
