    0.9547     4.4948 
    1.1440     5.3991 
    1.3333     6.5718 
    1.5700     8.0242 
    1.8067     9.2492 
    2.0433    10.2444 
    2.0907    10.4978 
    2.1380    10.7479 
    2.1853    10.9875 
    2.2327    11.2365 
    2.4220    12.6317 
    2.6113    13.8503 
    2.8007    15.4399 
    2.8480    15.7562 
    2.8953    16.0446 
    2.9427    16.3235 
    2.9900    16.5918 
    3.0373    16.8734 
    3.0847    17.1611 
    3.1320    17.4466 
    3.1793    17.7312 
    3.2267    18.0087 
    3.4633    18.9032 
    3.5107    19.1899 
    3.5580    19.4978 
    3.6053    19.7468 
    3.6527    19.9873 
    3.7000    20.2078 
    3.7473    20.4566 
    3.7947    20.7679 
    3.8420    21.0815 
    3.8893    21.3974 
    3.9367    21.6616 
    3.9840    21.9055 
    4.0313    22.1181 
    4.0787    22.3281 
    4.2680    23.4638 
    4.4100    24.9509 
    4.5520    26.2890 
    4.6940    27.9026 
    4.8360    29.6743 
    4.9780    31.4672 
    5.1200    32.6582 
    5.2620    33.1241 
    5.4040    34.1513 
    5.5933    35.9937 
    5.6407    36.3299 
    5.6880    36.7467 
    5.7353    37.2174 
    5.7827    37.8842 
    5.8300    38.4937 
    6.0667    40.8842 
    6.2560    42.7491 
    6.3980    43.8043 
    6.6347    45.4867 
    6.8713    46.8798 
    7.1080    48.7039 
    7.3447    50.7937 
    7.4867    52.2032 
    7.6760    54.5251 
    7.9127    57.2250 
    8.1493    59.4070 
    8.1967    59.8429 
    8.3860    61.4383 
    8.5753    62.5247 
    8.7647    63.6059 
    8.9540    64.9962 
    9.0960    66.1426 
    9.2380    67.1641 
    9.3800    68.5583 
    9.4747    70.2622 
    9.5693    72.0176 
    9.7113    75.0911 
    9.9007    81.0223 
    9.9480    81.5064 
   10.1847    82.8997 
   10.3740    83.9808 
   10.5633    84.7699 
   10.8000    85.7013 
   10.8473    85.9343 
   10.8947    86.1668 
   11.0840    87.6558 
   11.2260    89.1410 
   11.3207    90.8204 
   11.4627    94.7811 
   11.6047    98.4455 
   11.6993   100.1024 
   11.7940   101.6690 
   11.9360   103.7197 
   12.1253   105.9697 
   12.1727   106.4581 
   12.3620   108.1100 
   12.5040   109.3590 
   12.7407   111.5927 
   12.9773   114.2942 
   13.2140   117.8880 
   13.4507   120.4830 
   13.5927   121.9792 
   13.7347   123.5002 
   13.9240   126.5306 
   14.1607   130.3137 
   14.2080   131.0880 
   14.2553   131.9623 
   14.4447   135.6792 
   14.6340   137.3348 
   14.6813   137.4899 
   14.7287   137.6446 
   14.7760   137.7989 
   14.8233   138.0067 
   14.8707   138.3215 
   14.9180   138.8918 
   14.9653   139.5110 
   15.0127   140.1306 
   15.0600   140.7492 
