    0.0200     4.5327 
    0.1072     5.2510 
    0.1943     5.8513 
    0.2466     6.0972 
    0.2989     6.3433 
    0.3512     6.6288 
    0.4035     6.9351 
    0.4907     7.6004 
    0.5256     7.9047 
    0.5604     8.2262 
    0.5953     8.5510 
    0.6825     9.5613 
    0.7173     9.9109 
    0.8045    10.5514 
    0.8394    10.8391 
    0.8917    11.4376 
    0.9091    11.6789 
    0.9788    12.7004 
    1.0486    14.0333 
    1.0660    14.2810 
    1.1357    15.0347 
    1.1880    15.5483 
    1.2403    16.0851 
    1.2926    16.6898 
    1.3624    17.7439 
    1.3798    18.0499 
    1.4147    18.8481 
    1.4321    19.4041 
    1.4670    20.4462 
    1.5018    21.9855 
    1.5193    22.5890 
    1.5716    24.0319 
    1.6239    25.3829 
    1.6413    25.7549 
    1.6587    26.1392 
    1.7459    27.7869 
    1.8156    29.0651 
    1.8679    29.8271 
    1.9551    30.9331 
    1.9900    31.3136 
    2.0771    32.0737 
    2.1643    32.8691 
    2.2515    33.6813 
    2.3386    34.3402 
    2.4258    34.9634 
    2.5130    35.6022 
    2.5478    35.8890 
    2.6350    36.9081 
    2.7222    38.0797 
    2.8093    39.3579 
    2.8965    41.4622 
    2.9837    43.6228 
    3.0708    45.4476 
    3.1580    46.9764 
    3.2452    48.5753 
    3.3323    50.6386 
    3.3846    52.0567 
    3.4544    54.3388 
    3.4718    55.1267 
    3.5067    57.2706 
    3.5241    58.5004 
    3.5590    60.9370 
    3.5938    62.4386 
    3.6287    63.4916 
    3.6636    64.6478 
    3.6984    66.1533 
    3.7333    67.4743 
    3.7507    68.0609 
    3.7856    69.1041 
    3.8379    71.3595 
    3.8553    71.9507 
    3.9425    74.5142 
    4.0297    79.6276 
    4.1168    82.5646 
    4.1343    82.9330 
    4.1517    83.2722 
    4.2214    85.0684 
    4.2737    85.9925 
    4.3086    86.7035 
    4.3435    87.4085 
    4.3783    88.4721 
    4.4132    89.5985 
    4.4481    91.1637 
    4.4829    93.2517 
    4.5178    95.9082 
    4.5527    98.2135 
    4.5875   100.0764 
    4.6398   102.2032 
    4.6921   104.3026 
    4.7444   106.1754 
    4.7967   108.1738 
    4.8490   110.7523 
    4.9013   113.9526 
    4.9536   118.6559 
    5.0059   122.0490 
    5.0408   124.3697 
    5.0757   127.5271 
    5.1105   130.4854 
    5.1454   132.9085 
    5.1977   136.7711 
    5.2500   138.1600 
