    0.0579     0.0136 
    0.1059     2.1183 
    0.1538     3.5026 
    0.2257     5.6985 
    0.2976     7.6925 
    0.3935     9.7431 
    0.4174    10.1048 
    0.5373    12.0025 
    0.6571    14.5061 
    0.6811    14.9157 
    0.7050    15.4251 
    0.7290    15.8285 
    0.8249    17.5501 
    0.8728    18.1598 
    0.9447    18.5914 
    1.0166    19.1065 
    1.0885    19.6330 
    1.1604    20.1323 
    1.2323    20.6000 
    1.3042    21.1594 
    1.3761    21.6909 
    1.4480    22.2113 
    1.5199    22.7209 
    1.5918    23.1469 
    1.7116    24.1663 
    1.8315    25.8855 
    1.9513    27.5155 
    2.0711    29.2277 
    2.1191    29.9593 
    2.2389    31.5039 
    2.3348    32.8868 
    2.3587    33.8802 
    2.3827    34.4699 
    2.4067    34.8639 
    2.4786    36.3632 
    2.5265    37.4734 
    2.5984    38.7388 
    2.6463    40.1358 
    2.7182    42.1935 
    2.7901    44.2513 
    2.8860    46.8234 
    2.9100    47.3379 
    2.9339    47.8523 
    2.9579    48.3667 
    2.9819    48.8812 
    3.0058    49.3956 
    3.0298    49.9100 
    3.0538    50.4245 
    3.0777    50.9389 
    3.1017    51.4533 
    3.1257    51.9678 
    3.1496    52.4822 
    3.1736    52.9966 
    3.1976    53.5111 
    3.2215    54.0255 
    3.3174    56.5977 
    3.4133    59.1698 
    3.5091    61.7420 
    3.5331    62.2564 
    3.5571    62.7709 
    3.6769    64.8286 
    3.7728    66.3719 
    3.8686    67.9152 
    3.9645    69.4585 
    4.0843    71.5162 
    4.1083    72.0307 
    4.1323    72.5451 
    4.2281    75.1173 
    4.3000    77.3081 
    4.3719    79.7715 
    4.4678    82.8509 
    4.5637    85.4870 
    4.5876    85.8093 
    4.7075    87.0988 
    4.8033    88.4925 
    4.8752    89.5214 
    4.9471    90.5503 
    5.0430    92.0936 
    5.1628    94.1513 
    5.1868    94.6657 
    5.2587    96.7235 
    5.3066    98.2668 
    5.3306    99.2956 
    5.3785   101.5398 
    5.4265   103.7094 
    5.4504   104.5774 
    5.5223   106.9125 
    5.5703   108.3375 
    5.6182   109.8065 
    5.6661   111.4151 
    5.7141   113.0727 
    5.7620   114.7304 
    5.8339   117.4946 
    5.8818   119.1523 
    5.9298   120.8100 
    6.0017   123.5731 
    6.0736   126.3374 
    6.1455   129.1005 
    6.2174   131.7050 
    6.2653   133.2480 
    6.3372   135.3060 
    6.3612   135.8200 
    6.4331   136.8490 
    6.5529   138.3930 
    6.6248   139.4210 
    6.7446   141.4790 
    6.7686   141.9940 
    6.7926   142.5080 
    6.8884   145.0800 
    6.9603   147.1380 
    7.0322   149.1960 
    7.1041   151.2530 
    7.1521   152.7970 
