    0.0166     0.0136 
    0.0432     3.1440 
    0.0697     5.6985 
    0.0962     8.1787 
    0.1029     8.6197 
    0.1095     9.0149 
    0.1161     9.3818 
    0.1228     9.7431 
    0.1559    11.4144 
    0.1825    13.4482 
    0.2024    14.5061 
    0.2156    14.9157 
    0.2488    15.8285 
    0.2820    16.8632 
    0.2952    17.5501 
    0.3151    18.5914 
    0.3350    19.6330 
    0.3616    21.1594 
    0.3881    22.7209 
    0.4146    24.1663 
    0.4412    26.7021 
    0.4677    29.2277 
    0.4942    31.0386 
    0.5208    32.4195 
    0.5473    34.4699 
    0.5805    36.0077 
    0.5871    36.3632 
    0.5937    36.7212 
    0.6136    38.2055 
    0.6269    38.7388 
    0.6402    40.1358 
    0.6601    42.7080 
    0.6800    45.2801 
    0.6999    47.8523 
    0.7198    50.4245 
    0.7397    52.9966 
    0.7463    54.0255 
    0.7596    56.5977 
    0.7728    59.1698 
    0.7795    60.1987 
    0.7994    62.7709 
    0.8126    64.3142 
    0.8259    65.8575 
    0.8392    67.4008 
    0.8524    68.9441 
    0.8657    70.4874 
    0.8790    72.0307 
    0.8922    73.5740 
    0.9055    75.1173 
    0.9188    76.6923 
    0.9320    78.5399 
    0.9519    81.0033 
    0.9718    83.4668 
    0.9984    85.8093 
    1.0050    86.1317 
    1.0116    86.4541 
    1.0183    86.7765 
    1.0249    87.0988 
    1.0581    89.0070 
    1.0912    91.0647 
    1.0979    91.5791 
    1.1045    92.0936 
    1.1310    94.6657 
    1.1576    97.2379 
    1.1841    99.8038 
    1.2106   101.9733 
    1.2173   102.4078 
    1.2504   104.1430 
    1.2770   105.4876 
    1.2969   106.4379 
    1.3168   107.3872 
    1.3367   108.3375 
    1.3566   109.3147 
    1.3765   110.3096 
    1.3964   111.4151 
    1.4229   113.0727 
    1.4561   115.2837 
    1.4627   115.8359 
    1.4826   118.0468 
    1.4959   119.7045 
    1.5025   120.8100 
    1.5158   123.5731 
    1.5290   126.3374 
    1.5423   129.1005 
    1.5556   131.7050 
    1.5622   132.7340 
    1.5755   134.2770 
    1.5821   134.7920 
    1.6020   135.8200 
    1.6153   136.3350 
    1.6352   136.8490 
    1.6551   137.3640 
    1.6750   137.8780 
    1.6949   138.3930 
    1.7148   138.9070 
    1.7347   139.4210 
    1.7678   140.4500 
    1.7811   140.9650 
    1.8143   142.5080 
    1.8342   143.5370 
    1.8607   145.0800 
    1.8939   147.1380 
    1.9005   147.6520 
    1.9071   148.1670 
    1.9138   148.6810 
    1.9204   149.1960 
    1.9270   149.7100 
    1.9337   150.2250 
    1.9403   150.7390 
    1.9469   151.2530 
    1.9536   151.7680 
    1.9602   152.2820 
    1.9668   152.7970 
    1.9735   153.3110 
    1.9801   153.8260 
