GEOB4403-2,6.13,-43.44,4503,0.03,0.931034483,C. wuellerstorfi,,,2.5,0.35
GEOB4403-2,6.13,-43.44,4503,0.06,1.706896552,C. wuellerstorfi,,,2.63,0.64
GEOB4403-2,6.13,-43.44,4503,0.08,2.482758621,C. wuellerstorfi,,,2.63,0.42
GEOB4403-2,6.13,-43.44,4503,0.11,3.25862069,C. wuellerstorfi,,,2.58,0.7
GEOB4403-2,6.13,-43.44,4503,0.13,4.034482759,C. wuellerstorfi,,,2.7,1.1
GEOB4403-2,6.13,-43.44,4503,0.16,4.810344828,C. wuellerstorfi,,,2.68,0.66
GEOB4403-2,6.13,-43.44,4503,0.18,5.586206897,C. wuellerstorfi,,,2.98,0.38
GEOB4403-2,6.13,-43.44,4503,0.21,6.362068966,C. wuellerstorfi,,,3.35,0.54
GEOB4403-2,6.13,-43.44,4503,0.23,7.137931034,C. wuellerstorfi,,,2.97,0.49
GEOB4403-2,6.13,-43.44,4503,0.26,7.913793103,C. wuellerstorfi,,,2.8,0.62
GEOB4403-2,6.13,-43.44,4503,0.28,8.689655172,C. wuellerstorfi,,,3.39,0.04
GEOB4403-2,6.13,-43.44,4503,0.31,9.465517241,C. wuellerstorfi,,,3.48,0.45
GEOB4403-2,6.13,-43.44,4503,0.33,10.24137931,C. wuellerstorfi,,,3,0.58
GEOB4403-2,6.13,-43.44,4503,0.51,15.67241379,C. wuellerstorfi,,,3.97,-0.24
GEOB4403-2,6.13,-43.44,4503,0.53,16.44827586,C. wuellerstorfi,,,4.26,0.04
GEOB4403-2,6.13,-43.44,4503,0.56,17.22413793,C. wuellerstorfi,,,4.01,0.03
GEOB4403-2,6.13,-43.44,4503,0.58,18,C. wuellerstorfi,,,4.13,-0.05
GEOB4403-2,6.13,-43.44,4503,0.61,18.34920635,C. wuellerstorfi,,,3.79,0.05
GEOB4403-2,6.13,-43.44,4503,0.63,18.6984127,C. wuellerstorfi,,,4.05,-0.03
GEOB4403-2,6.13,-43.44,4503,0.66,19.04761905,C. wuellerstorfi,,,4.08,0.04
GEOB4403-2,6.13,-43.44,4503,0.68,19.3968254,C. wuellerstorfi,,,3.88,-0.13
GEOB4403-2,6.13,-43.44,4503,0.71,19.74603175,C. wuellerstorfi,,,3.93,-0.29
GEOB4403-2,6.13,-43.44,4503,0.73,20.0952381,C. wuellerstorfi,,,3.91,-0.11
GEOB4403-2,6.13,-43.44,4503,0.81,21.14285714,C. wuellerstorfi,,,3.81,-0.2
GEOB4403-2,6.13,-43.44,4503,0.83,21.49206349,C. wuellerstorfi,,,3.97,0
GEOB4403-2,6.13,-43.44,4503,0.86,21.84126984,C. wuellerstorfi,,,4.03,-0.04
GEOB4403-2,6.13,-43.44,4503,0.88,22.19047619,C. wuellerstorfi,,,3.84,-0.04
GEOB4403-2,6.13,-43.44,4503,0.93,22.88888889,C. wuellerstorfi,,,3.95,-0.09
GEOB4403-2,6.13,-43.44,4503,0.96,23.23809524,C. wuellerstorfi,,,3.86,-0.01
GEOB4403-2,6.13,-43.44,4503,0.98,23.58730159,C. wuellerstorfi,,,3.93,-0.16
GEOB4403-2,6.13,-43.44,4503,1.03,24.28571429,C. wuellerstorfi,,,4.03,0
GEOB4403-2,6.13,-43.44,4503,1.06,24.63492063,C. wuellerstorfi,,,3.83,-0.22
GEOB4403-2,6.13,-43.44,4503,1.08,24.98412698,C. wuellerstorfi,,,3.78,-0.29
GEOB4403-2,6.13,-43.44,4503,1.11,25.33333333,C. wuellerstorfi,,,3.95,0.02
GEOB4403-2,6.13,-43.44,4503,1.16,26.03174603,C. wuellerstorfi,,,3.7,0
GEOB4403-2,6.13,-43.44,4503,1.18,26.38095238,C. wuellerstorfi,,,3.81,0.08
GEOB4403-2,6.13,-43.44,4503,1.23,27.07936508,C. wuellerstorfi,,,3.79,-0.18
GEOB4403-2,6.13,-43.44,4503,1.26,27.42857143,C. wuellerstorfi,,,4.06,0.12
GEOB4403-2,6.13,-43.44,4503,1.28,27.77777778,C. wuellerstorfi,,,3.77,0.12
GEOB4403-2,6.13,-43.44,4503,1.31,28.12698413,C. wuellerstorfi,,,3.75,-0.16
GEOB4403-2,6.13,-43.44,4503,1.33,28.47619048,C. wuellerstorfi,,,3.67,0.01
GEOB4403-2,6.13,-43.44,4503,1.36,28.82539683,C. wuellerstorfi,,,3.73,-0.11
GEOB4403-2,6.13,-43.44,4503,1.38,29.17460317,C. wuellerstorfi,,,3.83,-0.59
GEOB4403-2,6.13,-43.44,4503,1.41,29.52380952,C. wuellerstorfi,,,4.01,0.25
GEOB4403-2,6.13,-43.44,4503,1.46,30.22222222,C. wuellerstorfi,,,3.63,0.2
GEOB4403-2,6.13,-43.44,4503,1.48,30.57142857,C. wuellerstorfi,,,3.69,0.27
GEOB4403-2,6.13,-43.44,4503,1.51,30.92063492,C. wuellerstorfi,,,3.6,0.08
GEOB4403-2,6.13,-43.44,4503,1.56,31.61904762,C. wuellerstorfi,,,3.66,0.19
GEOB4403-2,6.13,-43.44,4503,1.58,31.96825397,C. wuellerstorfi,,,3.67,0.46
GEOB4403-2,6.13,-43.44,4503,1.61,32.31746032,C. wuellerstorfi,,,3.92,0
GEOB4403-2,6.13,-43.44,4503,1.63,32.66666667,C. wuellerstorfi,,,3.52,0.3
GEOB4403-2,6.13,-43.44,4503,1.66,33.01587302,C. wuellerstorfi,,,3.64,0.01
GEOB4403-2,6.13,-43.44,4503,1.68,33.36507937,C. wuellerstorfi,,,3.81,0.01
GEOB4403-2,6.13,-43.44,4503,1.71,33.71428571,C. wuellerstorfi,,,3.49,0.2
GEOB4403-2,6.13,-43.44,4503,1.73,34.06349206,C. wuellerstorfi,,,3.49,0.27
GEOB4403-2,6.13,-43.44,4503,1.83,35.46031746,C. wuellerstorfi,,,3.43,0.01
GEOB4403-2,6.13,-43.44,4503,1.86,35.80952381,C. wuellerstorfi,,,3.75,0.24
GEOB4403-2,6.13,-43.44,4503,1.88,36.15873016,C. wuellerstorfi,,,3.92,0.35
GEOB4403-2,6.13,-43.44,4503,1.91,36.50793651,C. wuellerstorfi,,,3.48,0.21
GEOB4403-2,6.13,-43.44,4503,1.93,36.85714286,C. wuellerstorfi,,,3.85,0.19
GEOB4403-2,6.13,-43.44,4503,1.96,37.20634921,C. wuellerstorfi,,,3.88,0.32
GEOB4403-2,6.13,-43.44,4503,1.98,37.55555556,C. wuellerstorfi,,,3.7,0.21
GEOB4403-2,6.13,-43.44,4503,2.01,37.9047619,C. wuellerstorfi,,,3.75,0.36
GEOB4403-2,6.13,-43.44,4503,2.03,38.25396825,C. wuellerstorfi,,,3.72,0.26
GEOB4403-2,6.13,-43.44,4503,2.06,38.6031746,C. wuellerstorfi,,,3.58,0.26
GEOB4403-2,6.13,-43.44,4503,2.08,38.95238095,C. wuellerstorfi,,,3.54,0.31
GEOB4403-2,6.13,-43.44,4503,2.11,39.3015873,C. wuellerstorfi,,,3.48,0.1
GEOB4403-2,6.13,-43.44,4503,2.13,39.65079365,C. wuellerstorfi,,,3.63,0.36
GEOB4403-2,6.13,-43.44,4503,2.18,40.34920635,C. wuellerstorfi,,,3.37,0.29
GEOB4403-2,6.13,-43.44,4503,2.21,40.6984127,C. wuellerstorfi,,,3.71,0.01
GEOB4403-2,6.13,-43.44,4503,2.23,41.04761905,C. wuellerstorfi,,,3.41,0.15
GEOB4403-2,6.13,-43.44,4503,2.26,41.3968254,C. wuellerstorfi,,,3.72,-0.08
GEOB4403-2,6.13,-43.44,4503,2.28,41.74603175,C. wuellerstorfi,,,3.42,0.09
GEOB4403-2,6.13,-43.44,4503,2.41,43.49206349,C. wuellerstorfi,,,3.71,0.64
GEOB4403-2,6.13,-43.44,4503,2.43,43.84126984,C. wuellerstorfi,,,3.4,0.24
GEOB4403-2,6.13,-43.44,4503,2.46,44.19047619,C. wuellerstorfi,,,3.16,0.03
GEOB4403-2,6.13,-43.44,4503,2.51,44.88888889,C. wuellerstorfi,,,3.34,0.42
GEOB4403-2,6.13,-43.44,4503,2.68,47.33333333,C. wuellerstorfi,,,3.26,-0.09
GEOB4403-2,6.13,-43.44,4503,2.88,50.12698413,C. wuellerstorfi,,,3.59,0.09
GEOB4403-2,6.13,-43.44,4503,2.91,50.47619048,C. wuellerstorfi,,,3.7,-0.45
GEOB4403-2,6.13,-43.44,4503,2.93,50.82539683,C. wuellerstorfi,,,3.7,0.09
GEOB4403-2,6.13,-43.44,4503,2.96,51.17460317,C. wuellerstorfi,,,3.37,-0.08
GEOB4403-2,6.13,-43.44,4503,2.98,51.52380952,C. wuellerstorfi,,,3.51,0.23
GEOB4403-2,6.13,-43.44,4503,3.01,51.87301587,C. wuellerstorfi,,,3.28,0.16
GEOB4403-2,6.13,-43.44,4503,3.06,52.57142857,C. wuellerstorfi,,,3.4,0.3
GEOB4403-2,6.13,-43.44,4503,3.08,52.92063492,C. wuellerstorfi,,,3.63,0.3
GEOB4403-2,6.13,-43.44,4503,3.16,53.96825397,C. wuellerstorfi,,,3.42,0.58
GEOB4403-2,6.13,-43.44,4503,3.18,54.31746032,C. wuellerstorfi,,,3.24,0.53
GEOB4403-2,6.13,-43.44,4503,3.21,54.66666667,C. wuellerstorfi,,,3.51,0.57
GEOB4403-2,6.13,-43.44,4503,3.23,55.01587302,C. wuellerstorfi,,,3.54,-0.06
GEOB4403-2,6.13,-43.44,4503,3.26,55.36507937,C. wuellerstorfi,,,3.32,0.48
GEOB4403-2,6.13,-43.44,4503,3.28,55.71428571,C. wuellerstorfi,,,3.38,0.17
GEOB4403-2,6.13,-43.44,4503,3.36,56.76190476,C. wuellerstorfi,,,3.28,0.07
GEOB4403-2,6.13,-43.44,4503,3.38,57.11111111,C. wuellerstorfi,,,3.4,0.15
GEOB4403-2,6.13,-43.44,4503,3.51,58.85714286,C. wuellerstorfi,,,3.48,0.13
GEOB4403-2,6.13,-43.44,4503,3.53,59.20634921,C. wuellerstorfi,,,3.64,-0.61
GEOB4403-2,6.13,-43.44,4503,3.56,59.55555556,C. wuellerstorfi,,,3.48,0.04
GEOB4403-2,6.13,-43.44,4503,3.58,59.9047619,C. wuellerstorfi,,,3.68,-0.25
GEOB4403-2,6.13,-43.44,4503,3.61,60.25396825,C. wuellerstorfi,,,3.7,-0.48
GEOB4403-2,6.13,-43.44,4503,3.63,60.6031746,C. wuellerstorfi,,,3.6,-0.15
GEOB4403-2,6.13,-43.44,4503,3.66,60.95238095,C. wuellerstorfi,,,3.62,-1.38
GEOB4403-2,6.13,-43.44,4503,3.68,61.3015873,C. wuellerstorfi,,,3.78,-1.03
GEOB4403-2,6.13,-43.44,4503,3.71,61.65079365,C. wuellerstorfi,,,3.25,0.02
GEOB4403-2,6.13,-43.44,4503,3.73,62,C. wuellerstorfi,,,3.12,-0.3
GEOB4403-2,6.13,-43.44,4503,3.76,62.45098039,C. wuellerstorfi,,,3.35,-0.09
GEOB4403-2,6.13,-43.44,4503,4.88,82.74509804,C. wuellerstorfi,,,3.26,0.24
GEOB4403-2,6.13,-43.44,4503,4.93,83.64705882,C. wuellerstorfi,,,2.93,0.14
GEOB4403-2,6.13,-43.44,4503,5.03,85.45098039,C. wuellerstorfi,,,3.22,0.51
GEOB4403-2,6.13,-43.44,4503,5.08,86.35294118,C. wuellerstorfi,,,3.12,-0.48
GEOB4403-2,6.13,-43.44,4503,5.13,87.25490196,C. wuellerstorfi,,,2.8,0.11
GEOB4403-2,6.13,-43.44,4503,5.58,95.37254902,C. wuellerstorfi,,,3.21,-0.13
GEOB4403-2,6.13,-43.44,4503,5.63,96.2745098,C. wuellerstorfi,,,3.12,0.36
GEOB4403-2,6.13,-43.44,4503,5.68,97.17647059,C. wuellerstorfi,,,3.08,0.29
GEOB4403-2,6.13,-43.44,4503,5.73,98.07843137,C. wuellerstorfi,,,3.23,0.4
GEOB4403-2,6.13,-43.44,4503,5.78,98.98039216,C. wuellerstorfi,,,3.11,0.38
GEOB4403-2,6.13,-43.44,4503,5.83,99.88235294,C. wuellerstorfi,,,3.11,0.59
GEOB4403-2,6.13,-43.44,4503,5.88,100.7843137,C. wuellerstorfi,,,3.13,0.65
GEOB4403-2,6.13,-43.44,4503,5.93,101.6862745,C. wuellerstorfi,,,2.88,0.5
GEOB4403-2,6.13,-43.44,4503,5.98,102.5882353,C. wuellerstorfi,,,3.04,0.46
GEOB4403-2,6.13,-43.44,4503,6.03,103.4901961,C. wuellerstorfi,,,3.12,0.53
GEOB4403-2,6.13,-43.44,4503,6.08,104.3921569,C. wuellerstorfi,,,3.21,-0.09
GEOB4403-2,6.13,-43.44,4503,6.13,105.2941176,C. wuellerstorfi,,,3.06,0.35
GEOB4403-2,6.13,-43.44,4503,6.28,108,C. wuellerstorfi,,,3.31,0.28
GEOB4403-2,6.13,-43.44,4503,6.38,113.8,C. wuellerstorfi,,,3.16,0.04
GEOB4403-2,6.13,-43.44,4503,6.43,116.7,C. wuellerstorfi,,,2.97,0.22
GEOB4403-2,6.13,-43.44,4503,6.48,119.6,C. wuellerstorfi,,,2.23,0.54
GEOB4403-2,6.13,-43.44,4503,6.53,122.5,C. wuellerstorfi,,,2.3,0.74
GEOB4403-2,6.13,-43.44,4503,6.58,125.4,C. wuellerstorfi,,,3.48,-0.24
GEOB4403-2,6.13,-43.44,4503,6.63,128.3,C. wuellerstorfi,,,3.77,-0.34
GEOB4403-2,6.13,-43.44,4503,6.68,131.2,C. wuellerstorfi,,,3.94,-0.27
GEOB4403-2,6.13,-43.44,4503,6.73,134.1,C. wuellerstorfi,,,4.03,-0.15
GEOB4403-2,6.13,-43.44,4503,6.78,137,C. wuellerstorfi,,,3.47,-0.54
GEOB4403-2,6.13,-43.44,4503,6.83,140.2142857,C. wuellerstorfi,,,3.78,-0.22
GEOB4403-2,6.13,-43.44,4503,6.88,143.4285714,C. wuellerstorfi,,,3.62,-0.36
GEOB4403-2,6.13,-43.44,4503,6.93,146.6428571,C. wuellerstorfi,,,3.88,-0.35
GEOB4403-2,6.13,-43.44,4503,6.98,149.8571429,C. wuellerstorfi,,,3.6,-0.33
GEOB4403-2,6.13,-43.44,4503,7.08,156.2857143,C. wuellerstorfi,,,3.77,-0.02
GEOB4403-2,6.13,-43.44,4503,7.18,162.7142857,C. wuellerstorfi,,,3.32,-0.46
GEOB4403-2,6.13,-43.44,4503,7.23,165.9285714,C. wuellerstorfi,,,3.31,0.09
GEOB4403-2,6.13,-43.44,4503,7.28,169.1428571,C. wuellerstorfi,,,3.43,-0.4
GEOB4403-2,6.13,-43.44,4503,7.33,172.3571429,C. wuellerstorfi,,,3.37,-0.92
GEOB4403-2,6.13,-43.44,4503,7.43,178.7857143,C. wuellerstorfi,,,3.55,-0.22
GEOB4403-2,6.13,-43.44,4503,7.48,182,C. wuellerstorfi,,,3.62,-0.15
GEOB4403-2,6.13,-43.44,4503,7.53,186.3,C. wuellerstorfi,,,3.36,-0.19
GEOB4403-2,6.13,-43.44,4503,7.58,190.6,C. wuellerstorfi,,,2.85,-0.57
GEOB4403-2,6.13,-43.44,4503,7.63,194.9,C. wuellerstorfi,,,2.67,-0.5
GEOB4403-2,6.13,-43.44,4503,7.68,199.2,C. wuellerstorfi,,,2.82,0.09
