    0.4000     2.1042 
    0.4217     2.5515 
    0.4433     2.9915 
    0.4650     3.4570 
    0.4867     3.9131 
    0.5083     4.3357 
    0.5300     4.7386 
    0.5517     5.1300 
    0.5733     5.5087 
    0.5950     5.8992 
    0.6167     6.3384 
    0.6383     6.8326 
    0.6600     7.3586 
    0.6817     7.8891 
    0.7033     8.4391 
    0.7250     8.9463 
    0.7467     9.4438 
    0.8333    10.9801 
    0.8983    12.0874 
    0.9417    12.5193 
    1.0500    13.3254 
    1.1583    14.2901 
    1.2667    15.3057 
    1.3750    16.2457 
    1.4400    16.6719 
    1.5050    17.0568 
    1.5700    17.3965 
    1.6350    17.7137 
    1.7000    18.0560 
    1.7650    18.4399 
    1.8300    18.8691 
    1.9383    19.7696 
    2.0467    20.7004 
    2.1550    21.6556 
    2.2633    22.6895 
    2.3717    23.8385 
    2.4800    25.1887 
    2.5883    26.6268 
    2.6967    28.0890 
    2.8050    29.2857 
    2.9133    30.0518 
    3.0217    30.5867 
    3.0650    30.8452 
    3.1083    31.1341 
    3.2167    32.1034 
    3.3250    33.2667 
    3.4333    34.6667 
    3.5417    36.0667 
    3.6500    37.4667 
    3.7583    38.8667 
    3.8667    40.2667 
    3.9750    41.6667 
    4.0833    43.0667 
    4.1917    44.4667 
    4.2567    45.4000 
    4.3433    46.8000 
    4.4300    48.2000 
    4.5167    49.6000 
    4.6033    51.0000 
    4.7117    52.8667 
    4.7333    53.3333 
    4.7550    53.8000 
    4.7767    54.2667 
    4.7983    54.7333 
    4.8200    55.2000 
    4.9283    57.0667 
    5.0367    58.9333 
    5.1450    60.8000 
    5.2533    62.6667 
    5.3617    64.5333 
    5.4700    66.4000 
    5.5783    68.2667 
    5.6000    68.7333 
    5.6217    69.2000 
    5.6433    69.6667 
    5.6650    70.1333 
    5.7300    72.0000 
    5.7950    74.3333 
    5.8167    75.2667 
    5.8600    77.8169 
    5.9033    80.6103 
    5.9250    81.7277 
    5.9467    82.8451 
    5.9900    85.3342 
    6.0117    86.2115 
    6.0333    87.0889 
    6.0550    88.3333 
    6.0767    89.7333 
    6.0983    91.1333 
    6.1200    92.5333 
    6.1417    93.9333 
    6.1633    95.3333 
    6.1850    96.7333 
    6.2067    98.1333 
    6.2283    99.5333 
    6.2500   100.7510 
    6.2717   101.9320 
    6.2933   103.1130 
    6.3150   104.2940 
    6.3367   105.5199 
    6.3583   106.8128 
    6.3800   108.1057 
    6.4017   109.4293 
    6.4233   110.8371 
    6.4450   112.3411 
    6.4667   113.8452 
    6.4883   115.3492 
    6.5100   116.8533 
    6.5317   118.3573 
    6.5533   119.8614 
    6.5750   121.3654 
    6.5967   122.8695 
    6.6183   124.3735 
    6.6400   125.8776 
    6.6617   127.3816 
    6.6833   128.8857 
    6.7050   130.3330 
    6.7267   131.7330 
    6.7483   133.1330 
    6.7700   134.5330 
    6.7917   135.9330 
    6.8133   137.3330 
    6.8567   139.6670 
    6.9000   142.0000 
