    0.0300     1.0805 
    0.0439     3.7677 
    0.0578     6.1675 
    0.0718     8.7146 
    0.0857    10.6042 
    0.0892    10.9535 
    0.1066    12.5085 
    0.1240    13.9388 
    0.1414    15.7892 
    0.1588    17.4085 
    0.1762    18.8129 
    0.1936    20.2896 
    0.2110    21.9339 
    0.2284    23.1658 
    0.2458    25.1821 
    0.2492    25.6852 
    0.2632    28.6156 
    0.2736    30.8919 
    0.2806    32.4404 
    0.2910    33.7494 
    0.2945    34.5927 
    0.2980    35.7468 
    0.3049    39.2653 
    0.3119    43.6142 
    0.3188    47.3220 
    0.3258    52.2216 
    0.3328    57.3533 
    0.3362    58.9844 
    0.3467    61.5034 
    0.3536    62.4494 
    0.3641    63.6863 
    0.3780    65.7347 
    0.3815    66.1356 
    0.3989    67.7273 
    0.4128    69.7054 
    0.4267    72.2378 
    0.4406    75.9713 
    0.4546    81.0133 
    0.4685    82.6654 
    0.4824    84.2362 
    0.4963    85.2183 
    0.5068    85.8878 
    0.5172    86.5363 
    0.5276    87.5000 
    0.5381    88.5455 
    0.5520    90.6724 
    0.5694    95.2416 
    0.5729    96.3559 
    0.5868   100.6895 
    0.6007   104.3733 
    0.6146   107.8167 
    0.6286   112.9935 
    0.6320   114.4601 
    0.6355   116.2529 
    0.6390   117.8970 
    0.6425   119.2135 
    0.6599   123.6645 
    0.6738   128.3578 
    0.6842   130.6154 
    0.7016   133.6948 
    0.7086   134.8821 
    0.7260   136.6179 
    0.7434   137.3184 
    0.7608   137.7634 
    0.7782   138.6728 
    0.7956   140.4532 
    0.8130   142.2183 
    0.8304   143.1955 
    0.8478   144.0854 
    0.8652   145.0564 
    0.8826   146.1118 
    0.9000   147.4907 
