    0.0300     0.8898 
    0.1503     1.4739 
    0.1744     1.6511 
    0.1985     1.8534 
    0.2225     2.0638 
    0.2466     2.2741 
    0.3669     3.1142 
    0.4873     3.9292 
    0.5835     4.4059 
    0.6798     4.9187 
    0.8001     5.6446 
    0.8242     5.8282 
    0.8964     6.6044 
    0.9686     7.4787 
    1.0408     8.1860 
    1.1371     8.9435 
    1.1611     9.1045 
    1.1852     9.2833 
    1.2093     9.4621 
    1.3296    10.1103 
    1.4499    10.6922 
    1.5462    11.2147 
    1.6184    11.5899 
    1.7387    12.1380 
    1.8109    12.5315 
    1.8831    12.9461 
    1.9553    13.3548 
    2.0275    13.7535 
    2.0997    14.1982 
    2.1719    14.6843 
    2.2441    15.1720 
    2.3163    15.6394 
    2.3404    15.8470 
    2.3885    16.3890 
    2.4607    17.0901 
    2.5329    17.9772 
    2.5811    18.5862 
    2.6533    19.3831 
    2.7495    20.3503 
    2.7736    20.6160 
    2.7977    20.8818 
    2.8217    21.1360 
    2.8458    21.3817 
    2.8699    21.6275 
    2.8939    21.8702 
    2.9180    22.1128 
    2.9421    22.3447 
    3.0383    23.4311 
    3.1346    24.4428 
    3.1827    25.1112 
    3.2549    25.9872 
    3.2790    26.4332 
    3.3031    26.8635 
    3.3271    27.3072 
    3.3512    27.7929 
    3.4234    29.2606 
    3.4715    29.9434 
    3.5437    30.7574 
    3.6400    31.5414 
    3.6641    31.7057 
    3.6881    31.8623 
    3.7122    32.0168 
    3.7363    32.1679 
    3.8566    32.7112 
    3.8807    32.8488 
    3.9288    33.3764 
    4.0010    34.2011 
    4.0732    34.9572 
    4.1454    35.7330 
    4.1935    36.1613 
    4.2898    37.0325 
    4.3139    37.1958 
    4.3379    37.3545 
    4.3620    37.5128 
    4.4583    38.3671 
    4.5545    39.4425 
    4.5786    39.6424 
    4.6989    40.3934 
    4.7952    40.9567 
    4.8915    41.5292 
    4.9637    41.9108 
    5.0118    42.1017 
    5.1321    42.4833 
    5.2525    42.8650 
    5.3006    43.0558 
    5.3728    43.4375 
    5.4931    44.2008 
    5.5172    44.3917 
    5.5413    44.5825 
    5.6135    45.3458 
    5.6616    45.9183 
    5.7338    46.8725 
    5.7579    47.2542 
    5.8060    48.2083 
    5.8541    48.7808 
    5.8782    48.9717 
    5.9504    49.3533 
    5.9985    49.5442 
    6.1189    49.9258 
    6.2392    50.3075 
    6.3595    50.6892 
    6.4077    50.8800 
    6.5280    51.4525 
    6.5708    51.6057 
    6.6919    52.2057 
    6.7322    52.5056 
    6.8937    54.0055 
    6.9341    54.3055 
    7.1360    55.5054 
    7.1764    55.8054 
    7.2168    56.1053 
    7.3379    57.3052 
    7.3783    57.9052 
    7.4590    59.4050 
    7.4994    60.0050 
    7.5397    60.6049 
    7.6205    61.5049 
    7.6609    61.8049 
    7.8224    62.7048 
    7.9435    63.3047 
    8.0243    63.6047 
    8.2261    64.2047 
    8.3069    64.5046 
    8.5087    65.4046 
    8.6299    66.0045 
    8.7914    66.9044 
    8.8317    67.2044 
    8.8721    67.5044 
    9.0336    69.0043 
    9.1547    70.2042 
    9.2355    71.1041 
    9.3566    72.3040 
    9.3970    72.6040 
    9.5181    73.2039 
    9.5989    73.5039 
    9.8008    74.1038 
    9.8815    74.4038 
   10.0834    75.3037 
   10.2045    75.9037 
   10.3660    76.8635 
   10.5275    77.9408 
   10.6890    79.0183 
   10.8505    80.0956 
   11.0524    81.5321 
   11.2542    82.9686 
   11.2946    83.3278 
   11.3350    83.6868 
   11.4965    85.2525 
   11.6580    86.1925 
   11.6984    86.3805 
   11.8599    86.9444 
   11.9810    87.3204 
   12.1829    88.2027 
   12.2636    88.5026 
   12.4655    89.1026 
   12.6674    89.7025 
   12.7481    90.0025 
   12.9500    90.9024 
   13.0711    91.5024 
   13.2326    92.4023 
   13.2730    92.7023 
   13.4345    94.2022 
   13.5556    95.4021 
   13.6364    96.3020 
   13.7171    97.2019 
   13.7979    98.1018 
   13.8786    99.0018 
   13.9594    99.8811 
   14.0401   100.6405 
   14.1612   101.9050 
   14.2420   102.6642 
   14.3631   103.6765 
   14.4035   103.9295 
   14.5650   104.6887 
   14.6861   105.2133 
   14.8072   105.7674 
   14.9687   106.5985 
   15.1706   107.7067 
   15.2110   107.9838 
   15.3725   109.3987 
   15.4129   109.6852 
   15.6147   110.9101 
   15.6551   111.2324 
   15.7762   112.5216 
   15.8570   113.4874 
   15.9781   115.0989 
   16.0185   115.7435 
   16.0993   117.3550 
   16.1800   118.9665 
