    0.0100     0.0131 
    0.0902     2.0309 
    0.1705     3.4661 
    0.2507     4.7184 
    0.3578     6.5227 
    0.3845     6.9211 
    0.4113     7.3249 
    0.4380     7.7086 
    0.5450     8.7507 
    0.6252     9.4844 
    0.7055    10.3585 
    0.7322    10.7150 
    0.8393    12.3440 
    0.8660    12.6717 
    0.9730    13.6178 
    1.0265    14.0264 
    1.0800    14.5153 
    1.2138    15.6105 
    1.2673    16.1427 
    1.3208    16.6518 
    1.4545    18.0320 
    1.5882    18.8311 
    1.6685    19.2103 
    1.7488    19.5775 
    1.8290    19.9445 
    1.9092    20.2984 
    2.0430    20.8550 
    2.1768    21.4005 
    2.3105    21.9685 
    2.3640    22.2453 
    2.4710    23.5108 
    2.4977    23.9439 
    2.5513    24.9658 
    2.6315    26.8057 
    2.6850    28.0650 
    2.7117    28.5643 
    2.7920    29.7932 
    2.8455    30.2014 
    2.8990    30.4926 
    2.9525    30.8760 
    3.0863    32.0335 
    3.1932    33.1909 
    3.2200    33.5768 
    3.3270    35.5059 
    3.4340    37.4350 
    3.5410    39.3642 
    3.5678    39.7500 
    3.7015    41.2933 
    3.8085    42.4507 
    3.9155    43.6082 
    4.0492    45.1515 
    4.0760    45.5373 
    4.1028    45.9232 
    4.2097    47.8523 
    4.2365    48.2381 
    4.3703    49.7814 
    4.5040    51.3247 
    4.5308    51.7105 
    4.6377    53.6397 
    4.7447    55.5688 
    4.8250    57.1121 
    4.9052    58.6554 
    4.9855    60.1987 
    5.0925    62.1278 
    5.1193    62.5136 
    5.1995    63.2853 
    5.2530    63.6711 
    5.3868    64.4428 
    5.5205    65.2144 
    5.6543    65.9861 
    5.7077    66.3719 
    5.7613    66.7577 
    5.8950    67.9152 
    5.9753    68.6869 
    6.0823    69.8443 
    6.1893    71.0018 
    6.2962    72.1593 
    6.4032    73.3168 
    6.5103    74.4742 
    6.5370    74.8601 
    6.6440    76.8462 
    6.7242    78.6938 
    6.8045    80.5415 
    6.8848    82.3891 
    6.9917    84.6985 
    7.0185    85.0840 
    7.1523    86.0511 
    7.2592    86.7765 
    7.3395    87.2601 
    7.3930    87.5923 
    7.5267    88.3639 
    7.6605    89.1356 
    7.7140    89.5214 
    7.7675    89.9072 
    7.9013    91.0647 
    7.9815    91.8364 
    8.0885    92.9938 
    8.1152    93.3797 
    8.1955    94.9230 
    8.2490    96.0804 
    8.3293    98.0096 
    8.3560    98.7812 
    8.4095   100.5629 
    8.4630   102.1901 
    8.5165   103.8182 
    8.5433   104.4686 
    8.6235   106.1996 
    8.6770   107.2690 
    8.7573   108.7006 
    8.8643   110.5857 
    8.8910   111.0004 
    9.0247   112.6580 
    9.1585   114.3168 
    9.2922   115.9745 
    9.4260   117.6321 
    9.5597   119.2909 
    9.5865   119.7045 
    9.6133   120.1192 
    9.6400   120.5339 
    9.7203   122.1916 
    9.7737   123.4356 
    9.8540   125.5080 
    9.8808   126.3374 
    9.9075   127.1657 
    9.9610   129.2380 
    9.9878   130.0330 
   10.0145   130.8050 
   10.0680   131.9620 
   10.0948   132.3480 
   10.2018   133.5050 
   10.3355   135.0490 
   10.3623   135.4350 
   10.4158   136.5920 
   10.4425   137.7500 
   10.4693   138.9070 
   10.4960   140.0640 
   10.5227   141.2220 
   10.5495   142.3790 
   10.5763   143.5370 
   10.6030   144.6940 
   10.6298   145.8520 
   10.6565   147.0090 
   10.6833   148.1670 
   10.7100   149.3240 
