    0.0346     0.0136 
    0.0715     3.1440 
    0.1084     5.6985 
    0.1453     8.1787 
    0.1699     9.3818 
    0.2068    10.9094 
    0.2191    11.4144 
    0.2314    12.0025 
    0.2437    12.6679 
    0.3052    14.9157 
    0.3544    16.2612 
    0.3913    17.5501 
    0.4528    19.1065 
    0.4774    19.6330 
    0.5389    20.6000 
    0.6004    21.6909 
    0.6250    22.2113 
    0.6865    23.6044 
    0.7234    24.9770 
    0.7726    27.5155 
    0.8218    29.9593 
    0.8710    31.5039 
    0.9325    33.8802 
    0.9940    35.6535 
    1.0555    37.0889 
    1.1170    38.1941 
    1.1293    38.4898 
    1.1416    38.7388 
    1.1539    38.9710 
    1.1662    39.6214 
    1.2154    42.1935 
    1.2646    44.7657 
    1.3138    47.3379 
    1.3630    49.9100 
    1.4122    52.4822 
    1.4614    55.0544 
    1.5106    57.6265 
    1.5598    60.1987 
    1.5721    60.7131 
    1.6336    62.7709 
    1.6951    64.8286 
    1.7566    66.8863 
    1.7689    67.4008 
    1.7812    67.9152 
    1.8181    69.9729 
    1.8427    71.5162 
    1.8796    74.0884 
    1.8919    75.1173 
    1.9165    77.9239 
    1.9411    81.0033 
    1.9657    84.0827 
    1.9780    85.1646 
    2.0026    86.1317 
    2.0149    86.4541 
    2.0764    87.9781 
    2.1379    90.0358 
    2.1994    92.0936 
    2.2609    94.1513 
    2.3224    96.2090 
    2.3347    96.7235 
    2.3470    97.2379 
    2.3593    97.7523 
    2.3716    98.2668 
    2.3839    98.7812 
    2.3962    99.2956 
    2.4085    99.8038 
    2.4208   100.2382 
    2.4331   100.6718 
    2.4823   102.8414 
    2.5315   105.0120 
    2.5438   105.4876 
    2.5561   105.9623 
    2.5684   106.4379 
    2.5807   106.9125 
    2.5930   107.3872 
    2.6053   107.8628 
    2.6176   108.3375 
    2.6299   108.8238 
    2.6422   109.3147 
    2.6545   109.8065 
    2.6668   110.3096 
    2.6791   110.8618 
    2.6914   111.4151 
    2.7037   111.9673 
    2.7160   112.5205 
    2.7283   113.0727 
    2.7406   113.6260 
    2.7529   114.1782 
    2.7652   114.7304 
    2.8021   116.9414 
    2.8267   118.6001 
    2.8636   121.3633 
    2.8759   122.4687 
    2.9005   125.2319 
    2.9128   126.3374 
    2.9497   129.1005 
    2.9866   131.1900 
    2.9989   131.7050 
    3.0112   132.2190 
    3.0235   132.7340 
    3.0850   134.7920 
    3.1342   136.3350 
    3.1711   137.3640 
    3.2080   138.3930 
    3.2449   139.4210 
    3.2818   140.4500 
    3.3187   141.4790 
    3.3556   142.5080 
    3.3925   143.5370 
    3.4417   145.0800 
    3.5032   147.1380 
    3.5155   147.6520 
    3.5278   148.1670 
    3.5401   148.6810 
    3.5524   149.1960 
    3.5647   149.7100 
    3.5770   150.2250 
    3.5893   150.7390 
    3.6016   151.2530 
    3.6139   151.7680 
    3.6262   152.2820 
    3.6385   152.7970 
    3.6508   153.3110 
    3.6631   153.8260 
