    0.0250     0.0178 
    0.0488     2.8861 
    0.0727     5.3589 
    0.0965     8.0013 
    0.1084     8.8355 
    0.1442    10.9916 
    0.1799    13.0561 
    0.1918    13.5932 
    0.2514    16.0544 
    0.2991    17.2413 
    0.3348    18.2832 
    0.3944    19.8603 
    0.4540    21.7859 
    0.4778    22.4180 
    0.5374    23.5960 
    0.5970    24.6956 
    0.6566    25.7259 
    0.7162    26.8453 
    0.7758    28.1835 
    0.7996    28.9729 
    0.8353    30.2504 
    0.8830    31.6203 
    0.9426    33.2532 
    0.9545    33.6703 
    0.9664    34.1404 
    0.9783    34.5917 
    0.9902    34.9633 
    1.0022    35.3267 
    1.0141    35.8107 
    1.0260    36.1833 
    1.0379    36.6507 
    1.0498    37.1202 
    1.0618    37.5465 
    1.0737    37.9749 
    1.0856    38.5045 
    1.0975    39.1134 
    1.1094    39.6431 
    1.1213    40.1649 
    1.1333    40.6502 
    1.1452    41.1647 
    1.1571    41.6791 
    1.1690    42.1935 
    1.1809    42.7080 
    1.1928    43.2224 
    1.2048    43.7368 
    1.2167    44.2513 
    1.2763    46.3090 
    1.3358    48.3667 
    1.3954    50.4245 
    1.4550    52.4822 
    1.5027    54.0255 
    1.5503    55.5688 
    1.5980    57.1121 
    1.6457    58.6554 
    1.6933    60.1987 
    1.7410    61.7420 
    1.7887    63.2853 
    1.8363    64.8286 
    1.8840    66.3719 
    1.9436    68.4296 
    1.9555    68.9441 
    1.9674    69.4585 
    2.0151    72.0307 
    2.0627    74.6028 
    2.1104    77.3081 
    2.1581    80.3875 
    2.2058    83.4668 
    2.2534    85.8093 
    2.2653    86.1317 
    2.2773    86.4541 
    2.2892    86.7765 
    2.3011    87.0988 
    2.3130    87.4637 
    2.3249    87.9781 
    2.3845    90.0358 
    2.4441    92.0936 
    2.5037    94.1513 
    2.5156    94.6657 
    2.5275    95.1802 
    2.5394    95.6946 
    2.5513    96.2090 
    2.5990    98.7812 
    2.6467   101.1053 
    2.6943   103.2758 
    2.7420   105.4876 
    2.7897   107.8628 
    2.8016   108.3375 
    2.8612   110.3096 
    2.9208   112.5205 
    2.9327   113.0727 
    2.9684   115.2837 
    2.9922   116.9414 
    3.0042   118.0468 
    3.0280   120.8100 
    3.0518   123.5731 
    3.0757   126.3374 
    3.0995   129.1005 
    3.1114   130.1620 
    3.1353   131.7050 
    3.1472   132.2190 
    3.2068   134.2770 
    3.2187   134.7920 
    3.2544   136.8490 
    3.2782   138.3930 
    3.3021   139.9360 
    3.3378   141.9940 
    3.3736   144.0510 
    3.4093   146.1090 
    3.4451   148.1670 
    3.4808   150.2250 
    3.5166   152.2820 
