    0.0300     1.5552 
    0.0898     3.4714 
    0.1795     6.3891 
    0.2094     8.0468 
    0.2393     9.6249 
    0.3290    11.9020 
    0.4187    12.7582 
    0.4486    12.9478 
    0.5981    13.6254 
    0.7476    14.5587 
    0.7775    14.8621 
    0.8672    16.7593 
    0.9569    17.6629 
    1.0765    18.6004 
    1.1961    19.8776 
    1.3157    21.0386 
    1.4353    22.8954 
    1.5549    25.9065 
    1.6745    29.2627 
    1.7044    29.6196 
    1.7343    29.9353 
    1.7642    30.1627 
    1.7941    30.3620 
    1.8240    30.5478 
    1.8539    30.7084 
    1.8838    30.8634 
    1.9137    31.0012 
    1.9436    31.1390 
    1.9735    31.3162 
    2.0034    31.5038 
    2.0333    31.7371 
    2.0632    32.0140 
    2.0931    32.2976 
    2.1230    32.5812 
    2.1529    32.9963 
    2.1828    33.5528 
    2.2127    34.1093 
    2.2426    34.6872 
    2.2725    35.3828 
    2.3024    36.0785 
    2.4519    38.7065 
    2.5715    41.0127 
    2.6612    42.8105 
    2.8107    45.0431 
    2.8705    45.7388 
    2.9303    46.3475 
    3.0798    47.4605 
    3.2293    48.8140 
    3.3788    50.4492 
    3.5283    52.1188 
    3.6778    53.8992 
    3.8273    55.7540 
    3.9768    57.3656 
    4.1263    59.4945 
    4.2160    60.5955 
    4.2459    61.0128 
    4.3356    62.4203 
    4.3954    63.1994 
    4.4552    63.9355 
    4.5449    65.1217 
    4.6346    66.5514 
    4.7243    67.7812 
    4.8140    69.4814 
    4.9037    72.2636 
    5.0233    77.2417 
    5.0532    78.6328 
    5.0831    79.8862 
    5.2326    82.0091 
    5.2625    82.3430 
    5.2924    82.6773 
    5.3223    83.0423 
    5.3522    83.4214 
    5.4718    85.5902 
    5.5615    87.3316 
    5.6512    89.0285 
    5.7708    92.0374 
    5.8007    92.9014 
    5.8306    93.8287 
    5.8605    94.8770 
    5.8904    95.9916 
    5.9203    96.9209 
    5.9502    97.8181 
    5.9801    98.6327 
    6.0100    99.3746 
    6.0399   100.0624 
    6.0698   100.6883 
    6.0997   101.3138 
    6.1296   101.9394 
    6.1595   102.5654 
    6.1894   103.1914 
    6.2193   103.8174 
    6.2492   104.4082 
    6.2791   104.9957 
    6.3090   105.5506 
    6.3389   106.0643 
    6.3688   106.5780 
    6.4884   109.8831 
    6.5183   110.7402 
    6.5482   111.6369 
    6.5781   112.5473 
    6.6080   113.5449 
    6.6379   114.6355 
    6.7874   119.9635 
    6.9070   122.7601 
    6.9967   124.6131 
    7.1462   128.5687 
    7.2060   129.6959 
    7.3555   131.5502 
    7.4452   132.5503 
    7.5349   133.3532 
    7.5947   134.1107 
    7.6844   136.0756 
    7.8040   137.7221 
    7.9236   138.3652 
    8.0432   139.2738 
    8.1927   142.2413 
    8.2226   142.9683 
    8.2525   143.4256 
    8.2824   143.7970 
    8.3123   144.1678 
    8.3422   144.5386 
    8.4618   146.5941 
    8.5515   148.9365 
    8.6412   153.1098 
