    0.0100     0.0136 
    0.0558     4.3337 
    0.0673     5.2014 
    0.0787     5.9173 
    0.0901     6.6838 
    0.1016     7.4396 
    0.1131     8.1787 
    0.1703    10.4859 
    0.2161    14.7171 
    0.2276    15.4251 
    0.2619    16.8632 
    0.2848    17.8577 
    0.3421    19.3710 
    0.3993    20.8824 
    0.4222    21.6909 
    0.4794    23.8416 
    0.5138    26.3048 
    0.5596    29.9593 
    0.5710    30.7968 
    0.5939    32.8868 
    0.6054    34.8639 
    0.6283    37.6674 
    0.6512    40.1358 
    0.6741    43.9940 
    0.6970    47.8523 
    0.7199    51.7105 
    0.7313    53.2538 
    0.7657    57.1121 
    0.7886    59.4270 
    0.8229    62.5136 
    0.8688    66.3719 
    0.8802    67.1436 
    0.9145    68.6869 
    0.9718    71.0018 
    1.0291    72.5451 
    1.0519    73.3168 
    1.1092    75.6317 
    1.1436    77.3081 
    1.1893    80.0796 
    1.2008    81.0033 
    1.2123    81.9272 
    1.2580    85.8093 
    1.2695    86.2929 
    1.3268    88.7498 
    1.3840    91.8364 
    1.3955    92.6080 
    1.4069    93.3797 
    1.4184    94.1513 
    1.4527    97.2379 
    1.4756    99.5529 
    1.5099   102.8414 
    1.5329   104.7942 
    1.5672   107.6255 
    1.5787   108.3375 
    1.6244   110.5857 
    1.6588   112.2444 
    1.6931   113.9021 
    1.7390   116.3892 
    1.7962   119.7045 
    1.8077   120.5339 
    1.8305   123.0209 
    1.8420   124.6786 
    1.8649   128.8244 
    1.8764   130.4190 
    1.8993   132.7340 
    1.9107   133.5050 
    1.9680   135.8200 
    2.0023   137.3640 
    2.0137   138.1350 
    2.0252   138.9070 
    2.0825   141.9940 
    2.1397   145.0800 
    2.1511   145.8520 
    2.1626   146.6240 
    2.1740   147.3950 
    2.1855   148.1670 
    2.1970   148.9380 
    2.2084   149.7100 
    2.2199   150.4820 
    2.2313   151.2530 
    2.2428   152.0250 
    2.2542   152.7970 
    2.2656   153.5680 
