    0.0300     0.0131 
    0.0627     1.4075 
    0.0953     2.7272 
    0.1280     3.5518 
    0.1607     4.4044 
    0.2097     5.2905 
    0.2423     5.9023 
    0.2913     6.7980 
    0.3240     7.4663 
    0.3567     8.0739 
    0.4057     9.0163 
    0.4547    10.1579 
    0.5037    11.1264 
    0.5527    12.0264 
    0.6017    12.9245 
    0.6507    13.8312 
    0.6997    14.9517 
    0.7160    15.2542 
    0.7977    16.4351 
    0.8793    17.5079 
    0.8957    17.7629 
    0.9283    18.4303 
    0.9447    18.8679 
    0.9773    19.8931 
    1.0100    20.7529 
    1.0427    21.5114 
    1.0753    22.2875 
    1.1080    23.4574 
    1.1407    24.5259 
    1.1733    25.4361 
    1.2060    26.4997 
    1.2223    26.9304 
    1.2713    28.1052 
    1.3203    29.6893 
    1.3530    30.3480 
    1.4020    31.1518 
    1.4673    32.2183 
    1.5327    33.2848 
    1.5980    34.3513 
    1.6143    34.5646 
    1.6307    34.7779 
    1.6470    34.9912 
    1.6633    35.2045 
    1.7450    36.0577 
    1.8103    36.6976 
    1.8593    37.1242 
    1.9410    37.7641 
    2.0227    38.4040 
    2.0553    38.6173 
    2.0880    38.8306 
    2.1697    39.2572 
    2.2513    39.6838 
    2.3330    40.1104 
    2.4147    40.5370 
    2.4963    40.9636 
    2.5780    41.3902 
    2.6597    41.8168 
    2.6923    42.0301 
    2.7740    42.6700 
    2.8393    43.3099 
    2.9210    44.1631 
    2.9373    44.3764 
    2.9537    44.5897 
    2.9700    44.8030 
    2.9863    45.0163 
    3.0027    45.2296 
    3.0190    45.4429 
    3.0353    45.6562 
    3.0517    45.8695 
    3.1333    46.7227 
    3.1987    47.3626 
    3.2477    47.7892 
    3.3293    48.4291 
    3.3620    48.6424 
    3.4437    49.0690 
    3.5253    49.4956 
    3.5580    49.7089 
    3.5907    49.9222 
    3.6723    50.5621 
    3.7540    51.2020 
    3.8357    51.8419 
    3.9173    52.4818 
    3.9990    53.1217 
    4.0480    53.5483 
    4.1133    54.1882 
    4.1950    55.0414 
    4.2767    55.8946 
    4.3583    56.7478 
    4.4400    57.6010 
    4.4563    57.8143 
    4.4727    58.0276 
    4.4890    58.2409 
    4.5543    59.3074 
    4.6033    60.1606 
    4.6360    60.8005 
    4.6850    61.8670 
    4.7013    62.2936 
    4.7177    62.7202 
    4.7340    63.1468 
    4.7503    63.5734 
    4.7667    64.0000 
