    0.0100     0.0136 
    0.0366     3.1440 
    0.0632     5.6985 
    0.0765     6.6838 
    0.1031     8.1787 
    0.1430     9.7431 
    0.1563    10.1048 
    0.1696    10.4859 
    0.2361    12.6679 
    0.2760    14.0270 
    0.3159    14.9157 
    0.3292    15.4251 
    0.3824    18.1598 
    0.3957    18.5914 
    0.4489    20.1323 
    0.4888    21.1594 
    0.5553    22.7209 
    0.5819    23.1469 
    0.6484    24.1663 
    0.7149    25.8855 
    0.7814    27.5155 
    0.8479    29.2277 
    0.8745    29.9593 
    0.9410    31.5039 
    0.9809    32.4195 
    1.0208    33.8802 
    1.0607    34.8639 
    1.1006    35.6535 
    1.1538    36.7212 
    1.2203    38.2055 
    1.2868    38.9710 
    1.3001    39.6214 
    1.3134    40.1358 
    1.3267    40.6502 
    1.3400    41.1647 
    1.3533    41.6791 
    1.3666    42.1935 
    1.3799    42.7080 
    1.4464    44.7657 
    1.4996    46.3090 
    1.5528    47.8523 
    1.6060    49.3956 
    1.6592    50.9389 
    1.7257    52.9966 
    1.7390    53.5111 
    1.7523    54.0255 
    1.7656    54.5399 
    1.7789    55.0544 
    1.7922    55.5688 
    1.8055    56.0832 
    1.8587    58.6554 
    1.8986    60.7131 
    1.9252    62.2564 
    1.9518    63.7997 
    1.9784    65.3430 
    2.0183    67.9152 
    2.0582    70.4874 
    2.0715    71.5162 
    2.0981    74.0884 
    2.1247    76.6923 
    2.1380    77.9239 
    2.1779    81.0033 
    2.2045    82.8509 
    2.2444    85.1646 
    2.2976    86.7765 
    2.3109    87.0988 
    2.3242    87.4637 
    2.3375    87.9781 
    2.4040    90.0358 
    2.4705    92.0936 
    2.4838    92.6080 
    2.5370    95.1802 
    2.5769    97.2379 
    2.6035    98.7812 
    2.6434   101.1053 
    2.6567   101.9733 
    2.6833   104.1430 
    2.7099   106.4379 
    2.7365   108.8238 
    2.7631   111.4151 
    2.7764   112.5205 
    2.8163   115.2837 
    2.8429   116.9414 
    2.8828   119.1523 
    2.9227   121.3633 
    2.9759   124.1264 
    2.9892   124.6786 
    3.0025   125.2319 
    3.0690   127.4418 
    3.1355   129.6470 
    3.1488   130.1620 
    3.2020   132.7340 
    3.2419   134.7920 
    3.2685   136.3350 
    3.3084   138.9070 
    3.3483   141.4790 
    3.3882   144.0510 
    3.4281   146.6230 
    3.4680   149.1960 
    3.5079   151.7680 
