    0.0598     0.0212 
    0.1194     2.6608 
    0.1790     5.0371 
    0.2386     7.5013 
    0.2982    10.3309 
    0.3578    13.0438 
    0.4174    15.6887 
    0.4323    16.2032 
    0.4472    16.6766 
    0.4621    17.1001 
    0.5217    18.2078 
    0.5962    19.6447 
    0.6260    20.1518 
    0.7005    21.1939 
    0.7750    22.2782 
    0.8048    22.8815 
    0.8793    24.9452 
    0.9240    26.5150 
    0.9836    28.8660 
    0.9985    29.3925 
    1.0581    31.0690 
    1.1028    32.4495 
    1.1326    33.9626 
    1.1624    35.5059 
    1.2071    37.5636 
    1.2667    40.1358 
    1.2816    40.6502 
    1.2965    41.1647 
    1.3114    41.6791 
    1.3263    42.1935 
    1.3412    42.7080 
    1.3561    43.2224 
    1.3710    43.7368 
    1.4306    46.3090 
    1.4753    48.3667 
    1.5051    49.9100 
    1.5498    52.4822 
    1.5945    55.0544 
    1.6392    57.6265 
    1.6690    59.1698 
    1.7137    61.2276 
    1.7286    61.7420 
    1.8031    63.7997 
    1.8180    64.3142 
    1.8329    64.8286 
    1.8478    65.3430 
    1.8627    65.8575 
    1.8776    66.3719 
    1.8925    66.8863 
    1.9074    67.4008 
    1.9819    69.4585 
    2.0564    71.5162 
    2.0713    72.0307 
    2.0862    72.5451 
    2.1011    73.0595 
    2.1160    73.5740 
    2.1309    74.0884 
    2.2054    76.1461 
    2.2203    76.6923 
    2.2799    79.7715 
    2.3395    82.8509 
    2.3991    85.4870 
    2.4140    85.8093 
    2.4736    86.7765 
    2.5183    87.4637 
    2.5481    87.9781 
    2.6226    89.0070 
    2.6971    90.0358 
    2.7716    91.0647 
    2.8461    92.0936 
    2.9206    93.1224 
    2.9504    93.6369 
    3.0249    95.1802 
    3.0696    96.2090 
    3.1143    97.2379 
    3.1739    98.7812 
    3.2335   100.2382 
    3.3080   101.9733 
    3.3825   103.7094 
    3.4570   105.4876 
    3.5315   107.3872 
    3.6060   109.3147 
    3.6805   111.4151 
    3.7550   113.6260 
    3.8295   115.8359 
    3.8444   116.3892 
    3.8891   118.6001 
    3.9189   120.2578 
    3.9636   123.0209 
    3.9785   124.1264 
    4.0083   126.8896 
    4.0381   129.6470 
    4.0530   130.6760 
    4.0977   133.2480 
    4.1275   134.7920 
    4.1573   136.3350 
    4.2020   138.3930 
    4.2467   140.4500 
    4.2914   142.5080 
    4.3361   144.5660 
    4.3808   146.6230 
    4.4106   148.1670 
    4.4553   150.7390 
    4.4702   151.7680 
