    0.0300     0.0178 
    0.0731     2.8861 
    0.0947     3.9770 
    0.1594     6.3587 
    0.2025     8.0013 
    0.2457     9.2753 
    0.3104    10.9916 
    0.3319    11.4838 
    0.4182    13.0561 
    0.4829    14.1787 
    0.5260    14.8349 
    0.6339    16.0544 
    0.6986    16.5018 
    0.7633    16.8670 
    0.8711    17.7241 
    0.9789    18.8206 
    1.0868    19.8603 
    1.1299    20.4197 
    1.1946    21.7859 
    1.2593    22.9953 
    1.3456    24.6956 
    1.4534    26.8453 
    1.4750    27.4527 
    1.5612    30.7733 
    1.5828    31.1932 
    1.6044    31.6203 
    1.6259    32.0440 
    1.6475    32.4199 
    1.6691    32.7892 
    1.6906    33.2532 
    1.7122    33.6703 
    1.7338    34.1404 
    1.8200    36.1833 
    1.9063    38.5045 
    1.9279    39.1134 
    2.0357    41.1647 
    2.1220    42.7080 
    2.2082    44.2513 
    2.3161    46.3090 
    2.3376    46.8234 
    2.3592    47.3379 
    2.3808    47.8523 
    2.4023    48.3667 
    2.4239    48.8812 
    2.4455    49.3956 
    2.4670    49.9100 
    2.4886    50.4245 
    2.5102    50.9389 
    2.5317    51.4533 
    2.6396    53.5111 
    2.6611    54.0255 
    2.6827    54.5399 
    2.7043    55.0544 
    2.7258    55.5688 
    2.7474    56.0832 
    2.7690    56.5977 
    2.8552    59.1698 
    2.8768    59.6843 
    2.9631    61.2276 
    3.0278    62.2564 
    3.1356    63.7997 
    3.2434    65.3430 
    3.3513    66.8863 
    3.4160    67.9152 
    3.5022    69.4585 
    3.5238    69.9729 
    3.6101    72.5451 
    3.6316    73.0595 
    3.6532    73.5740 
    3.6748    74.0884 
    3.6963    74.6028 
    3.7826    77.3081 
    3.8689    80.3875 
    3.9551    83.4668 
    4.0414    85.8093 
    4.1277    87.4637 
    4.2139    90.0358 
    4.2786    92.0936 
    4.3218    93.6369 
    4.3649    95.1802 
    4.4296    97.7523 
    4.4943   100.2382 
    4.5374   101.5398 
    4.5806   102.8414 
    4.6453   104.5774 
    4.7315   106.9125 
    4.8178   109.3147 
    4.9041   111.9673 
    4.9903   114.7304 
    5.0550   116.9414 
    5.0982   118.6001 
    5.1629   121.3633 
    5.2276   124.1264 
    5.2923   126.8896 
    5.3570   129.6470 
    5.4001   131.1900 
    5.4648   133.2480 
    5.4864   133.7630 
    5.5079   134.2770 
    5.5726   135.3060 
    5.6158   135.8200 
    5.7236   136.8490 
    5.8314   137.8780 
    5.8746   138.3930 
    5.9824   139.9360 
    6.0902   141.4790 
    6.1549   142.5080 
    6.2412   144.0510 
    6.2628   144.5660 
    6.3275   146.6230 
    6.3706   148.1670 
    6.4353   150.7390 
    6.4569   151.7680 
