    0.0650     2.6150 
    0.0842     3.0948 
    0.1033     3.5649 
    0.1225     4.0451 
    0.1480     4.6883 
    0.1544     4.8270 
    0.1608     4.9656 
    0.1671     5.0919 
    0.1735     5.2023 
    0.1799     5.3126 
    0.1863     5.4314 
    0.1927     5.5898 
    0.1991     5.7483 
    0.2054     5.9067 
    0.2374     6.5547 
    0.2693     7.1914 
    0.3012     7.8044 
    0.3076     7.9511 
    0.3140     8.0900 
    0.3203     8.2279 
    0.3267     8.3657 
    0.3523     9.0389 
    0.3778     9.8488 
    0.4033    10.6508 
    0.4097    10.7854 
    0.4161    10.9158 
    0.4225    11.0362 
    0.4289    11.1565 
    0.4352    11.2773 
    0.4672    11.7953 
    0.4991    12.3362 
    0.5054    12.4709 
    0.5118    12.6021 
    0.5182    12.7232 
    0.5246    12.8445 
    0.5501    13.4609 
    0.5757    14.2857 
    0.5820    14.4817 
    0.6140    15.3487 
    0.6459    16.2031 
    0.6778    17.0017 
    0.7097    17.7464 
    0.7416    18.3885 
    0.7480    18.5469 
    0.7544    18.7055 
    0.7799    19.4568 
    0.8055    20.1873 
    0.8310    20.7576 
    0.8565    21.2961 
    0.8821    21.8599 
    0.9076    22.4111 
    0.9331    23.2439 
    0.9587    24.1611 
    0.9842    24.8205 
    1.0097    25.4774 
    1.0161    25.6332 
    1.0225    25.7889 
    1.0289    25.9434 
    1.0353    26.0935 
    1.0417    26.2436 
    1.0480    26.3936 
    1.0544    26.5476 
    1.0608    26.7016 
    1.0672    26.8556 
    1.0736    27.0180 
    1.0800    27.1837 
    1.0863    27.3495 
    1.0927    27.5157 
    1.0991    27.6820 
    1.1055    27.8484 
    1.1119    28.0205 
    1.1183    28.2189 
    1.1246    28.4172 
    1.1310    28.6158 
    1.1374    28.8516 
    1.1438    29.0909 
    1.1502    29.3304 
    1.1566    29.5874 
    1.1629    29.8537 
    1.1693    30.0522 
    1.1757    30.1679 
    1.1821    30.2836 
    1.1885    30.3994 
    1.1949    30.5200 
    1.2012    30.6733 
    1.2076    30.8267 
    1.2140    30.9800 
    1.2204    31.1333 
    1.2268    31.2867 
    1.2332    31.4400 
    1.2395    31.5933 
    1.2459    31.7467 
    1.2523    31.9000 
    1.2587    32.0533 
    1.2651    32.2067 
    1.2715    32.3600 
    1.2778    32.5133 
    1.2842    32.6667 
    1.2906    32.8200 
    1.2970    32.9733 
    1.3034    33.1267 
    1.3098    33.2800 
    1.3161    33.4333 
    1.3225    33.5867 
    1.3289    33.7400 
    1.3353    33.8933 
    1.3417    34.0467 
    1.3481    34.2000 
    1.3544    34.3533 
    1.3608    34.5067 
    1.3672    34.6600 
    1.3736    34.8133 
    1.3800    34.9667 
    1.3864    35.1200 
    1.3927    35.2733 
    1.3991    35.4267 
    1.4055    35.5800 
    1.4119    35.7333 
    1.4183    35.8867 
    1.4247    36.0400 
    1.4310    36.1933 
    1.4374    36.3467 
    1.4438    36.5000 
    1.4502    36.6533 
    1.4566    36.8067 
    1.4630    36.9600 
    1.4693    37.1133 
    1.4757    37.2667 
    1.4821    37.4200 
    1.4885    37.5733 
    1.4949    37.7267 
    1.5013    37.8800 
    1.5076    38.0333 
    1.5332    38.8000 
    1.5587    39.5667 
    1.5842    40.3333 
    1.6098    41.1000 
    1.6162    41.2533 
    1.6225    41.4067 
    1.6289    41.5600 
    1.6353    41.7133 
    1.6672    42.3267 
    1.6991    42.9400 
    1.7311    43.5533 
    1.7630    44.1667 
    1.7949    44.7800 
    1.8204    45.2400 
    1.8460    45.7000 
    1.8715    46.1600 
    1.8970    46.6200 
    1.9226    47.0800 
    1.9481    47.5400 
    1.9736    48.0000 
