    0.0300     0.0136 
    0.0615     2.1183 
    0.0929     3.5026 
    0.1401     5.6985 
    0.1873     7.6925 
    0.2345     9.3818 
    0.2975    11.4144 
    0.3132    12.0025 
    0.3289    12.6679 
    0.3919    14.5061 
    0.4705    15.8285 
    0.5020    16.2612 
    0.5807    17.5501 
    0.6593    18.5914 
    0.7380    19.6330 
    0.8167    20.6000 
    0.8953    21.6909 
    0.9740    22.7209 
    1.0527    23.6044 
    1.1313    24.9770 
    1.2100    26.7021 
    1.2887    28.3556 
    1.3201    29.2277 
    1.3988    31.0386 
    1.4775    32.4195 
    1.5561    34.4699 
    1.6033    35.2529 
    1.6505    36.0077 
    1.7135    37.0889 
    1.7292    37.4734 
    1.7764    38.4898 
    1.8079    39.6214 
    1.8551    42.1935 
    1.9023    44.7657 
    1.9495    47.3379 
    1.9967    49.9100 
    2.0439    52.4822 
    2.0596    53.5111 
    2.0753    54.5399 
    2.1068    57.1121 
    2.1383    59.6843 
    2.1540    60.7131 
    2.1855    62.2564 
    2.2012    62.7709 
    2.2799    64.8286 
    2.3585    66.8863 
    2.4372    68.9441 
    2.5159    71.0018 
    2.5945    73.0595 
    2.6103    73.5740 
    2.6260    74.0884 
    2.6417    74.6028 
    2.7047    77.3081 
    2.7519    79.7715 
    2.7991    82.2351 
    2.8463    84.6985 
    2.9092    86.4541 
    2.9249    86.7765 
    3.0036    88.4925 
    3.0823    90.5503 
    3.0980    91.0647 
    3.1137    91.5791 
    3.1295    92.0936 
    3.1924    94.6657 
    3.2396    96.7235 
    3.2711    98.2668 
    3.3025    99.8038 
    3.3340   101.1053 
    3.3655   102.4078 
    3.3969   103.7094 
    3.4284   105.0120 
    3.4756   106.9125 
    3.5385   109.3147 
    3.5543   109.8065 
    3.5700   110.3096 
    3.5857   110.8618 
    3.6015   111.4151 
    3.6172   111.9673 
    3.6329   112.5205 
    3.6487   113.0727 
    3.6644   113.6260 
    3.6801   114.1782 
    3.6959   114.7304 
    3.7116   115.2837 
    3.7273   115.8359 
    3.7903   118.6001 
    3.8375   120.8100 
    3.8847   123.0209 
    3.9319   125.2319 
    3.9633   126.8896 
    3.9791   127.9950 
    4.0105   130.6760 
    4.0263   131.7050 
    4.0735   134.2770 
    4.1207   136.8490 
    4.1679   138.9070 
    4.1836   139.4210 
    4.1993   139.9360 
    4.2780   141.9940 
    4.3567   144.0510 
    4.4353   146.1090 
    4.5140   148.1670 
    4.5927   150.2250 
    4.6713   152.2820 
