0.03	1.28			
0.13	0.89			
0.18	0.96			
0.23	1.11			
0.28	0.61			
0.33	0.89			
0.38	1.08			
0.43	0.93			
0.48	1.17			
0.53	0.84			
0.58	0.94			
0.63	0.97			
0.68	0.86			
0.73	0.81			
0.78	1.02			
0.83	0.92			
0.88	0.91
0.93	0.97
0.98	1.01
1.03	1.17
1.08	1.08
1.13	1.03
1.18	1.06
1.23	1.08
1.28	1.13
1.33	1.35
1.38	1.13
1.43	1.11
1.48	0.91
1.53	1.24
1.58	1.28
1.63	1.18
1.68	1.16		
1.73	1.1		
1.78	1.03		
1.88	1.16		
1.93	1.38		
1.98	1.2		
2.03	1.52		
2.08	1.39		
2.13	1.27		
2.18	1.53		
2.23	1.56		
2.28	1.5		
2.33	1.32		
2.38	1.26		
2.43	1.18		
2.48	1.28		
2.53	1.13
2.58	1.36
2.63	1.23
2.68	1.29
2.73	1.33
2.78	1.31
2.83	1.25
2.88	1.26
2.93	1.27
2.98	1.24
3.13	1.44
3.18	1.27
3.23	1.3
3.28	1.28
3.33	1.14
3.38	1.33
3.43	0.99
3.48	0.98
3.53	1.14
3.58	1.17
3.63	1.08
3.68	1.09
3.73	1.09
3.78	1.21
3.83	1.29
3.88	1.23
3.93	1.13
3.98	1.25
4.03	1.15
4.08	1.29
4.13	1.22
4.18	1.27
4.23	1.35
4.28	1.46
4.33	1.44
4.38	1.12
4.43	1.23
