    0.0832     0.0178 
    0.1250     4.1900 
    0.1668     8.0013 
    0.1772     8.6388 
    0.2190    10.5520 
    0.2504    11.9782 
    0.2817    13.5932 
    0.3130    15.4852 
    0.3444    16.8670 
    0.3757    18.2832 
    0.4071    19.8603 
    0.4385    21.7859 
    0.4803    24.4036 
    0.4907    25.2546 
    0.5221    28.9729 
    0.5534    32.6038 
    0.5847    35.8107 
    0.6161    39.3755 
    0.6474    43.2224 
    0.6788    47.0807 
    0.7101    50.9389 
    0.7415    54.7971 
    0.7729    58.6554 
    0.8042    62.5136 
    0.8146    64.0570 
    0.8356    67.9152 
    0.8460    70.2302 
    0.8565    72.5451 
    0.8669    74.8601 
    0.8773    77.3081 
    0.8878    80.0796 
    0.8982    82.8509 
    0.9087    85.3258 
    0.9192    86.2929 
    0.9401    87.9781 
    0.9505    88.7498 
    1.0028    91.8364 
    1.0550    94.9230 
    1.1073    98.0096 
    1.1595   100.8885 
    1.2118   103.4926 
    1.2640   106.1996 
    1.3162   109.0692 
    1.3685   112.2444 
    1.4208   115.5598 
    1.4312   116.3892 
    1.4730   120.5339 
    1.5148   124.6786 
    1.5566   128.8244 
    1.5984   132.7340 
    1.6088   133.5050 
    1.6402   135.0490 
    1.6611   135.8200 
    1.7133   137.3640 
    1.7656   138.9070 
    1.7865   139.6790 
    1.8388   141.9940 
    1.8910   144.3090 
    1.9224   145.8520 
    1.9537   147.3950 
    1.9955   149.7100 
    2.0373   152.0250 
