    0.0550     1.0596 
    0.0740     1.1379 
    0.0930     1.2163 
    0.1120     1.3185 
    0.1310     1.4255 
    0.1500     1.5326 
    0.1690     1.6396 
    0.2450     2.2649 
    0.3020     2.7733 
    0.3590     3.2797 
    0.3970     3.6545 
    0.4350     3.9948 
    0.4730     4.2812 
    0.5110     4.5744 
    0.5490     4.8910 
    0.5870     5.2304 
    0.6250     5.5520 
    0.6630     5.8819 
    0.7200     6.4655 
    0.7770     7.1276 
    0.7960     7.3888 
    0.8340     7.9513 
    0.8720     8.4333 
    0.9100     8.8857 
    0.9290     9.0709 
    0.9480     9.2869 
    0.9670     9.5023 
    1.0240    10.0025 
    1.0810    10.4389 
    1.1190    10.7060 
    1.1760    11.1230 
    1.1950    11.2342 
    1.2710    11.5743 
    1.3280    11.7958 
    1.3850    12.0152 
    1.4800    12.3635 
    1.5180    12.4824 
    1.5560    12.6012 
    1.6510    12.8540 
    1.7460    13.1088 
    1.7840    13.2324 
    1.8600    13.5875 
    1.8790    13.7072 
    1.9550    14.3904 
    2.0310    15.1321 
    2.0500    15.2773 
    2.0690    15.4224 
    2.1640    15.9423 
    2.2590    16.3689 
    2.3540    16.7199 
    2.4300    16.9659 
    2.5060    17.2177 
    2.5630    17.4265 
    2.6580    17.7565 
    2.7530    18.1334 
    2.8100    18.3791 
    2.8670    18.6197 
    2.9240    18.8615 
    2.9810    19.1053 
    3.0570    19.4564 
    3.1330    19.7908 
    3.2280    20.2636 
    3.2470    20.4117 
    3.3230    21.1979 
    3.3800    21.7899 
    3.4370    22.3627 
    3.4940    22.8745 
    3.5510    23.4131 
    3.6080    23.9517 
    3.6650    24.3980 
    3.7220    24.9338 
    3.7790    25.3863 
    3.8360    25.8109 
    3.8930    26.3038 
    3.9690    26.9567 
    3.9880    27.0845 
    4.0640    27.5119 
    4.1210    27.8127 
    4.2160    28.3548 
    4.3110    28.8836 
    4.4060    29.3809 
    4.4630    29.6539 
    4.5580    30.1922 
    4.5770    30.3254 
    4.5960    30.4586 
    4.6720    30.9874 
    4.7480    31.4394 
    4.8240    31.9241 
    4.9000    32.3593 
    4.9190    32.4407 
    4.9380    32.5226 
    4.9570    32.6057 
    4.9760    32.6888 
    4.9950    32.7720 
    5.0140    32.8551 
    5.0330    32.9630 
    5.1280    33.3865 
    5.2230    33.7542 
    5.3180    34.1842 
    5.4130    34.5863 
    5.4320    34.6753 
    5.4510    34.7572 
    5.5270    35.1657 
    5.6030    35.6549 
    5.6790    36.1050 
    5.6980    36.1937 
    5.7930    36.6123 
    5.8880    37.0371 
    5.9070    37.1371 
    5.9830    37.6129 
    6.0590    38.1173 
    6.1350    38.7579 
    6.1540    38.8993 
    6.2490    39.3870 
    6.3440    39.8723 
    6.4200    40.2079 
    6.4960    40.5285 
    6.5720    40.8744 
    6.6480    41.2203 
    6.7240    41.5662 
    6.8000    41.9121 
    6.8760    42.2580 
    6.9520    42.6039 
    7.0470    43.0651 
    7.0660    43.1804 
    7.0850    43.2957 
    7.1040    43.4110 
    7.1230    43.5263 
    7.1420    43.6416 
    7.1610    43.7569 
    7.1800    43.8722 
    7.1990    43.9875 
    7.2750    44.5640 
    7.3320    45.0252 
    7.3700    45.3711 
    7.4270    45.9476 
    7.4460    46.1782 
    7.4840    46.7547 
    7.5030    46.9853 
    7.5600    47.5618 
    7.6170    48.0230 
    7.6360    48.1383 
    7.6550    48.2536 
    7.6740    48.3689 
    7.6930    48.4842 
    7.7880    48.9454 
    7.8640    49.2913 
    7.9210    49.5219 
    8.0160    49.8678 
    8.1110    50.2137 
    8.2060    50.5596 
    8.3010    50.9055 
    8.3580    51.1361 
    8.4340    51.4820 
    8.5290    51.9432 
    8.6240    52.4044 
    8.6430    52.5197 
    8.7190    53.0962 
    8.7950    53.6727 
    8.8710    54.2492 
    8.9470    54.8257 
    8.9660    54.9410 
    8.9850    55.0563 
    9.0040    55.1716 
    9.0230    55.2869 
    9.0420    55.4022 
    9.0610    55.5175 
    9.0800    55.6328 
    9.0990    55.7481 
    9.1180    55.8634 
    9.1370    55.9787 
    9.1433    56.0007 
    9.1750    56.2006 
    9.3017    57.2005 
    9.3967    58.0003 
    9.4600    58.6002 
    9.4917    59.0002 
    9.5550    60.0000 
