    0.0500     4.1986 
    0.0760     5.7849 
    0.0955     6.7522 
    0.1280     8.2144 
    0.1410     8.6410 
    0.1735     9.7355 
    0.1930    10.4585 
    0.1995    10.8684 
    0.2060    11.9159 
    0.2125    13.9171 
    0.2190    15.2735 
    0.2255    16.1146 
    0.2385    17.9141 
    0.2450    18.4018 
    0.2580    18.8705 
    0.2905    19.8841 
    0.3230    20.8520 
    0.3555    21.8944 
    0.3880    22.8660 
    0.4205    23.7471 
    0.4335    24.3636 
    0.4465    25.2192 
    0.4790    27.6662 
    0.5115    30.0236 
    0.5310    31.0668 
    0.5570    32.4126 
    0.5895    34.8211 
    0.5960    35.2002 
    0.6220    36.9944 
    0.6415    38.1694 
    0.6545    38.8752 
    0.6675    40.3936 
    0.6805    41.8995 
    0.6935    43.4054 
    0.7130    45.9152 
    0.7195    46.9191 
    0.7325    49.4290 
    0.7455    51.9388 
    0.7585    54.4486 
    0.7715    56.9585 
    0.7845    59.4683 
    0.7910    60.4722 
    0.8105    62.9821 
    0.8235    64.4880 
    0.8365    65.9939 
    0.8495    67.4998 
    0.8625    69.0057 
    0.8820    71.0135 
    0.9015    73.0214 
    0.9210    75.0293 
    0.9405    77.1430 
    0.9600    79.5468 
    0.9795    81.9507 
    0.9990    84.3544 
    1.0250    86.2349 
    1.0315    86.5494 
    1.0380    86.8640 
    1.0445    87.1786 
    1.0510    87.5784 
    1.0575    88.0804 
    1.0640    88.5824 
    1.0705    89.0843 
    1.0770    89.5863 
    1.0835    90.0883 
    1.0900    90.5902 
    1.0965    91.0922 
    1.1030    91.5942 
    1.1095    92.0961 
    1.1160    92.5981 
    1.1225    93.1001 
    1.1290    93.6020 
    1.1355    94.1040 
    1.1420    94.6060 
    1.1485    95.1079 
    1.1550    95.6099 
    1.1615    96.1119 
    1.1875    98.6217 
    1.2135   100.9189 
    1.2200   101.3415 
    1.2525   103.0354 
    1.2785   104.3058 
    1.2980   105.1672 
    1.3305   106.5579 
    1.3630   107.9487 
    1.3955   109.3681 
    1.4280   110.8822 
    1.4605   112.5001 
    1.4800   113.5787 
    1.5060   115.1967 
    1.5385   117.3528 
    1.5450   117.8921 
    1.5515   118.4314 
    1.5775   121.1280 
    1.6035   123.8245 
    1.6295   126.5211 
    1.6555   129.2176 
    1.6620   129.7440 
    1.6945   131.7510 
    1.7010   132.2530 
    1.7075   132.7550 
    1.7335   135.2650 
    1.7530   137.2730 
    1.7725   139.2810 
    1.7985   141.7910 
    1.8050   142.2930 
    1.8375   144.3010 
    1.8700   146.3090 
    1.9025   148.3160 
    1.9350   150.3240 
    1.9675   152.3320 
