    0.1597     0.0136 
    0.2345     2.1183 
    0.3093     3.5026 
    0.3842     5.2014 
    0.4590     6.6838 
    0.5338     8.1787 
    0.6087     9.3818 
    0.6835    10.4859 
    0.7284    11.4144 
    0.7733    12.6679 
    0.8182    14.0270 
    0.8631    14.9157 
    0.9379    16.2612 
    1.0128    18.1598 
    1.0577    19.1065 
    1.1026    20.1323 
    1.1475    21.1594 
    1.2073    22.7209 
    1.2822    24.9770 
    1.3570    28.3556 
    1.4318    31.0386 
    1.5067    32.8868 
    1.5815    35.2529 
    1.5965    35.6535 
    1.6114    36.0077 
    1.6713    37.8614 
    1.7312    38.9710 
    1.7461    39.6214 
    1.7611    40.1358 
    1.7761    40.6502 
    1.7910    41.1647 
    1.8060    41.6791 
    1.8210    42.1935 
    1.8359    42.7080 
    1.8509    43.2224 
    1.8659    43.7368 
    1.8808    44.2513 
    1.8958    44.7657 
    1.9108    45.2801 
    1.9257    45.7946 
    1.9407    46.3090 
    2.0006    48.8812 
    2.0604    51.4533 
    2.1203    54.0255 
    2.1802    56.5977 
    2.2400    59.1698 
    2.2550    59.6843 
    2.3298    61.7420 
    2.3897    63.2853 
    2.4346    64.3142 
    2.4795    65.3430 
    2.5244    66.3719 
    2.5843    67.9152 
    2.6591    69.9729 
    2.6741    70.4874 
    2.7190    72.5451 
    2.7489    74.0884 
    2.7938    76.6923 
    2.8088    77.9239 
    2.8387    81.0033 
    2.8686    84.0827 
    2.8836    85.1646 
    2.9135    86.1317 
    2.9584    87.4637 
    2.9734    87.9781 
    3.0482    90.0358 
    3.1231    92.0936 
    3.1979    94.1513 
    3.2727    96.2090 
    3.2877    96.7235 
    3.3476    99.2956 
    3.3925   101.1053 
    3.4374   102.8414 
    3.4972   105.0120 
    3.5122   105.4876 
    3.5870   107.3872 
    3.6619   109.3147 
    3.7367   111.4151 
    3.7517   111.9673 
    3.7666   112.5205 
    3.7816   113.0727 
    3.7966   113.6260 
    3.8564   116.3892 
    3.9013   118.6001 
    3.9313   120.2578 
    3.9462   121.3633 
    3.9762   124.1264 
    4.0061   126.8896 
    4.0360   129.6470 
    4.0660   132.2190 
    4.0959   134.7920 
    4.1109   135.8200 
    4.1408   137.3640 
    4.1558   137.8780 
    4.2306   139.9360 
    4.2456   140.4500 
    4.2905   142.5080 
    4.3204   144.0510 
    4.3653   146.6230 
    4.4102   149.1960 
    4.4551   151.7680 
