    0.0100     0.0136 
    0.0448     4.3337 
    0.0796     8.1787 
    0.1144    11.1453 
    0.1231    12.0025 
    0.1318    13.0425 
    0.1405    14.0270 
    0.1492    14.7171 
    0.1579    15.4251 
    0.2014    18.5914 
    0.2362    20.8824 
    0.2710    23.1469 
    0.2797    23.8416 
    0.2971    27.5155 
    0.3058    29.9593 
    0.3232    34.2527 
    0.3406    37.0889 
    0.3580    39.2896 
    0.3754    43.2224 
    0.3928    47.0807 
    0.4102    50.9389 
    0.4276    54.7971 
    0.4450    58.6554 
    0.4624    62.5136 
    0.4711    64.0570 
    0.4885    66.3719 
    0.4972    67.1436 
    0.5407    70.2302 
    0.5668    71.7735 
    0.6103    74.0884 
    0.6538    76.4034 
    0.6973    79.1557 
    0.7408    81.9272 
    0.7843    84.6985 
    0.8104    85.8093 
    0.8365    86.7765 
    0.8626    87.9781 
    0.8887    89.5214 
    0.9148    91.0647 
    0.9496    93.3797 
    0.9844    95.6946 
    1.0192    98.0096 
    1.0540   100.2382 
    1.0888   102.1901 
    1.1236   104.1430 
    1.1497   105.4876 
    1.1758   106.9125 
    1.2019   108.3375 
    1.2280   109.8065 
    1.2541   111.4151 
    1.2889   113.9021 
    1.3324   117.2175 
    1.3411   118.0468 
    1.3672   121.3633 
    1.3846   123.8503 
    1.4107   127.9950 
    1.4194   129.6470 
    1.4368   133.5050 
    1.4542   137.3640 
    1.4629   138.9070 
    1.4890   142.7650 
    1.5151   146.6240 
    1.5412   150.4820 
