    0.0100     0.0136 
    0.0533     2.1183 
    0.0965     3.5026 
    0.1398     5.2014 
    0.2047     7.1720 
    0.2912     9.3818 
    0.3129     9.7431 
    0.3345    10.1048 
    0.3561    10.4859 
    0.3778    10.9094 
    0.3994    11.4144 
    0.4210    12.0025 
    0.4427    12.6679 
    0.5292    15.4251 
    0.5508    15.8285 
    0.6157    16.8632 
    0.6590    17.5501 
    0.7023    18.1598 
    0.7672    18.5914 
    0.8321    19.1065 
    0.8970    19.6330 
    0.9619    20.1323 
    1.0268    20.6000 
    1.0917    21.1594 
    1.1566    21.6909 
    1.2215    22.2113 
    1.2864    22.7209 
    1.3513    23.1469 
    1.4162    23.6044 
    1.4811    24.1663 
    1.5460    24.9770 
    1.6109    25.8855 
    1.7190    27.5155 
    1.8272    29.2277 
    1.9354    30.5299 
    2.0435    31.5039 
    2.1517    32.4195 
    2.2599    33.8802 
    2.3680    34.8639 
    2.4329    35.6535 
    2.4546    36.0077 
    2.5195    37.4734 
    2.5627    38.1941 
    2.6276    40.1358 
    2.6493    41.1647 
    2.6925    43.7368 
    2.7358    46.3090 
    2.7791    48.8812 
    2.8223    51.4533 
    2.8656    54.0255 
    2.9089    56.5977 
    2.9305    57.6265 
    2.9521    58.6554 
    2.9954    60.1987 
    3.0170    60.7131 
    3.1252    62.7709 
    3.2117    64.3142 
    3.2766    65.3430 
    3.3415    66.3719 
    3.4281    67.9152 
    3.5146    69.4585 
    3.6228    71.5162 
    3.6444    72.0307 
    3.6660    72.5451 
    3.6877    73.0595 
    3.7742    75.6317 
    3.8175    77.3081 
    3.8391    78.5399 
    3.8824    81.6192 
    3.9256    84.6985 
    3.9473    85.4870 
    3.9905    86.4541 
    4.0122    86.7765 
    4.1203    88.4925 
    4.2285    90.5503 
    4.3367    92.6080 
    4.3583    93.1224 
    4.4232    95.1802 
    4.4881    97.7523 
    4.5097    98.7812 
    4.5530   101.1053 
    4.5963   103.2758 
    4.6179   104.1430 
    4.6612   105.4876 
    4.7261   107.3872 
    4.7477   107.8628 
    4.8559   109.8065 
    4.9424   111.4151 
    5.0289   113.0727 
    5.1155   114.7304 
    5.2236   116.9414 
    5.2453   117.4946 
    5.3102   119.7045 
    5.3534   121.3633 
    5.3751   122.4687 
    5.4183   125.2319 
    5.4616   127.9950 
    5.5049   130.6760 
    5.5481   133.2480 
    5.5698   134.2770 
    5.6130   135.8200 
    5.6347   136.3350 
    5.6996   137.3640 
    5.7428   137.8780 
    5.8510   138.9070 
    5.8943   139.4210 
    6.0024   140.9650 
    6.0673   141.9940 
    6.1539   143.5370 
    6.1755   144.0510 
    6.2620   146.6230 
    6.3269   148.6810 
    6.3702   150.2250 
    6.4135   151.7680 
