    0.1430     0.0178 
    0.2075     0.9475 
    0.2721     1.3778 
    0.3205     1.8256 
    0.3689     2.3325 
    0.4174     2.8393 
    0.4658     3.3442 
    0.4981     3.7170 
    0.5303     4.0419 
    0.5626     4.3282 
    0.5949     4.6210 
    0.6272     4.9441 
    0.6595     5.2797 
    0.6917     5.6004 
    0.7240     5.9314 
    0.7563     6.2749 
    0.7886     6.6393 
    0.8209     7.0469 
    0.8531     7.4372 
    0.9016     7.9903 
    0.9177     8.1870 
    0.9500     8.6544 
    0.9661     8.9181 
    0.9823     9.2178 
    0.9984     9.5383 
    1.0145     9.8449 
    1.0307    10.1183 
    1.0468    10.3793 
    1.0630    10.6441 
    1.0791    10.9468 
    1.1114    11.4945 
    1.1437    12.0461 
    1.1598    12.2775 
    1.1759    12.5146 
    1.2244    13.1416 
    1.2566    13.4986 
    1.3051    14.0079 
    1.3696    14.7231 
    1.3858    14.8723 
    1.4665    15.4529 
    1.5310    15.8422 
    1.5794    16.0923 
    1.6601    16.3873 
    1.7408    16.6535 
    1.8215    16.8963 
    1.9022    17.1474 
    1.9345    17.2312 
    2.0152    17.4431 
    2.0959    17.6579 
    2.1443    17.9001 
    2.1605    18.0254 
    2.2089    18.5150 
    2.2573    19.1194 
    2.2735    19.3574 
    2.3057    19.9204 
    2.3219    20.1561 
    2.3703    20.9057 
    2.4187    21.5047 
    2.4833    22.2372 
    2.4994    22.3690 
    2.5156    22.4959 
    2.5317    22.6228 
    2.5478    22.7498 
    2.5640    22.8797 
    2.5801    23.0140 
    2.6447    23.6853 
    2.7092    24.2892 
    2.7738    24.9330 
    2.8384    25.4889 
    2.9029    26.0296 
    2.9191    26.1639 
    2.9352    26.2984 
    2.9513    26.4328 
    3.0320    26.9498 
    3.0966    27.3587 
    3.1450    27.6465 
    3.1934    27.9802 
    3.2419    28.3405 
    3.2903    28.6949 
    3.3387    29.0420 
    3.3871    29.3678 
    3.4355    29.6402 
    3.5001    30.0445 
    3.5808    30.5543 
    3.6615    30.9760 
    3.7422    31.3259 
    3.8229    31.7220 
    3.9036    32.0955 
    3.9682    32.3452 
    4.0327    32.5906 
    4.0973    32.8393 
    4.1618    33.1590 
    4.2264    33.4585 
    4.2910    33.7311 
    4.3717    34.1600 
    4.3878    34.2620 
    4.4039    34.3622 
    4.4201    34.4623 
    4.4362    34.5625 
    4.4524    34.6557 
    4.4685    34.7374 
    4.4846    34.8191 
    4.5008    34.9008 
    4.5169    34.9825 
    4.5331    35.0637 
    4.5976    35.5164 
    4.6622    35.9991 
    4.6783    36.0816 
    4.7429    36.3724 
    4.7913    36.5812 
    4.8720    36.8984 
    4.9527    37.2029 
    5.0011    37.3942 
    5.0657    37.6752 
    5.1464    38.0788 
    5.1625    38.1921 
    5.1787    38.3055 
    5.1948    38.4257 
    5.2755    38.9900 
    5.3401    39.3439 
    5.3885    39.5810 
    5.4369    39.8259 
    5.4853    40.0611 
    5.5337    40.2727 
    5.5822    40.4844 
    5.6467    40.8279 
    5.7274    41.2878 
    5.7436    41.4028 
    5.7597    41.5178 
    5.7758    41.6328 
    5.7920    41.7477 
    5.8081    41.8627 
    5.8243    41.9777 
    5.8404    42.0927 
    5.8565    42.2077 
    5.8727    42.3226 
    5.9534    42.7826 
    6.0341    43.2425 
    6.1148    43.7024 
    6.1955    44.1623 
    6.2762    44.6222 
    6.2923    44.7372 
    6.3569    45.3121 
    6.4214    45.8870 
    6.4699    46.3469 
    6.5021    46.6919 
    6.5344    47.0368 
    6.5667    47.3818 
    6.6151    47.8417 
    6.6797    48.4166 
    6.6958    48.5316 
    6.7765    48.9915 
    6.8572    49.4514 
    6.9379    49.9113 
    7.0137    50.6969 
    7.0335    50.8388 
    7.1327    51.4068 
    7.2121    51.8327 
    7.2716    52.1167 
    7.3708    52.5426 
    7.4700    52.9685 
    7.5692    53.3945 
    7.6684    53.8204 
    7.7279    54.1044 
    7.8073    54.5303 
    7.9065    55.0982 
    7.9263    55.2402 
    8.0057    55.9501 
    8.0850    56.6600 
    8.1644    57.3699 
    8.2438    58.0798 
    8.2636    58.2218 
    8.2834    58.3638 
    8.3033    58.5058 
    8.3231    58.6477 
    8.4223    59.2157 
    8.5215    59.7836 
    8.6207    60.3515 
    8.7199    60.9194 
    8.8191    61.4873 
    8.9183    62.0553 
    8.9382    62.1972 
    9.0175    62.9071 
    9.0969    63.6170 
    9.1762    64.3269 
    9.2556    65.0368 
    9.3350    65.7467 
    9.4143    66.4566 
    9.4937    67.1665 
    9.5730    67.8764 
    9.6326    68.4444 
    9.6921    69.0123 
    9.7516    69.5802 
    9.8111    70.1481 
    9.8508    70.5741 
    9.8905    71.0000 
