    0.0300     0.0212 
    0.0466     1.7406 
    0.0631     3.1516 
    0.0963     5.4573 
    0.1294     8.0957 
    0.1625    10.9152 
    0.1791    12.1288 
    0.2122    13.4831 
    0.2288    14.0202 
    0.3116    16.2032 
    0.3282    16.6766 
    0.3448    17.1001 
    0.3613    17.4682 
    0.4276    18.6541 
    0.4773    19.6447 
    0.5601    21.1939 
    0.5933    21.7226 
    0.6761    22.8815 
    0.7589    24.1945 
    0.7921    24.9452 
    0.8749    27.3227 
    0.9577    29.3925 
    1.0406    30.1819 
    1.1234    30.7605 
    1.2062    31.3992 
    1.2891    32.1273 
    1.3719    32.9337 
    1.4547    33.9626 
    1.4879    34.4770 
    1.5210    34.9915 
    1.5707    36.0203 
    1.5873    36.5348 
    1.6038    37.0492 
    1.6204    37.5636 
    1.6867    40.1358 
    1.7364    42.1935 
    1.7861    44.2513 
    1.8358    46.3090 
    1.8689    47.8523 
    1.9020    49.3956 
    1.9352    50.9389 
    1.9683    52.4822 
    2.0014    54.0255 
    2.0511    56.0832 
    2.1174    58.6554 
    2.1340    59.1698 
    2.2168    61.2276 
    2.2831    62.7709 
    2.3493    64.3142 
    2.4156    65.8575 
    2.4819    67.4008 
    2.5481    68.9441 
    2.5647    69.4585 
    2.6310    72.0307 
    2.6475    72.5451 
    2.7304    74.6028 
    2.7469    75.1173 
    2.7635    75.6317 
    2.8298    77.3081 
    2.8795    78.5399 
    2.9292    79.7715 
    2.9789    81.0033 
    3.0286    82.2351 
    3.1114    84.0827 
    3.1942    85.4870 
    3.2771    86.4541 
    3.3102    86.7765 
    3.3433    87.0988 
    3.4262    87.9781 
    3.4593    88.4925 
    3.5421    90.0358 
    3.5918    91.0647 
    3.6084    91.5791 
    3.6747    94.1513 
    3.7244    96.2090 
    3.7575    97.7523 
    3.8072   100.2382 
    3.8238   101.1053 
    3.8569   103.2758 
    3.8735   104.1430 
    3.9232   106.4379 
    3.9563   107.8628 
    3.9729   108.3375 
    4.0391   109.8065 
    4.1220   111.4151 
    4.2048   113.0727 
    4.2545   114.1782 
    4.2711   114.7304 
    4.3042   116.3892 
    4.3539   119.1523 
    4.4036   121.9155 
    4.4533   124.6786 
    4.4699   125.7841 
    4.4864   126.8896 
    4.5030   127.9950 
    4.5196   129.1005 
    4.5527   131.7050 
    4.5858   134.2770 
    4.6190   136.8490 
    4.6355   137.8780 
    4.6687   139.4210 
    4.7184   141.4790 
    4.7681   143.5370 
    4.8178   145.5950 
    4.8509   147.1380 
    4.8840   148.6810 
    4.9172   150.2250 
    4.9503   151.7680 
