    0.0100     0.0136 
    0.0648     2.7769 
    0.1197     4.6285 
    0.1635     6.1707 
    0.2074     7.6925 
    0.2513     9.0149 
    0.2842     9.7431 
    0.3171    10.4859 
    0.3719    12.0025 
    0.4267    14.0270 
    0.4816    15.4251 
    0.5364    16.8632 
    0.5583    17.5501 
    0.5803    18.1598 
    0.6022    18.5914 
    0.6570    19.6330 
    0.7119    20.6000 
    0.7667    21.6909 
    0.7886    22.2113 
    0.8435    23.6044 
    0.8764    24.9770 
    0.9202    27.5155 
    0.9751    30.5299 
    0.9860    31.0386 
    0.9970    31.5039 
    1.0080    31.9500 
    1.0189    32.4195 
    1.0628    35.2529 
    1.0957    36.7212 
    1.1176    37.8614 
    1.1505    38.9710 
    1.1834    41.6791 
    1.2163    44.2513 
    1.2492    46.8234 
    1.2821    49.3956 
    1.3150    51.9678 
    1.3479    54.5399 
    1.3808    57.1121 
    1.4028    58.6554 
    1.4357    60.7131 
    1.4795    63.2853 
    1.4905    63.7997 
    1.5015    64.3142 
    1.5124    64.8286 
    1.5234    65.3430 
    1.5344    65.8575 
    1.5453    66.3719 
    1.5563    66.8863 
    1.5673    67.4008 
    1.5782    67.9152 
    1.5892    68.4296 
    1.6002    68.9441 
    1.6111    69.4585 
    1.6221    69.9729 
    1.6331    70.4874 
    1.6440    71.0018 
    1.6550    71.5162 
    1.6660    72.0307 
    1.6769    72.5451 
    1.6879    73.0595 
    1.6989    73.5740 
    1.7098    74.0884 
    1.7208    74.6028 
    1.7318    75.1173 
    1.7427    75.6317 
    1.7537    76.1461 
    1.7647    76.6923 
    1.7756    77.3081 
    1.7866    77.9239 
    1.7976    78.5399 
    1.8085    79.1557 
    1.8195    79.7715 
    1.8305    80.3875 
    1.8414    81.0033 
    1.8524    81.6192 
    1.8963    84.6985 
    1.9401    86.4541 
    1.9840    88.4925 
    2.0279    91.0647 
    2.0717    93.6369 
    2.1156    96.2090 
    2.1485    98.2668 
    2.1704    99.8038 
    2.1924   101.1053 
    2.2143   102.4078 
    2.2362   103.7094 
    2.2582   105.0120 
    2.2801   106.4379 
    2.3020   107.8628 
    2.3349   109.8065 
    2.3788   112.5205 
    2.4227   115.2837 
    2.4665   118.0468 
    2.5104   120.8100 
    2.5543   123.5731 
    2.5981   126.3374 
    2.6420   129.1005 
    2.6859   131.7050 
    2.6968   132.2190 
    2.7517   134.2770 
    2.7626   134.7920 
    2.7736   135.3060 
    2.7846   135.8200 
    2.7955   136.3350 
    2.8065   136.8490 
    2.8175   137.3640 
    2.8284   137.8780 
    2.8394   138.3930 
    2.8504   138.9070 
    2.8613   139.4210 
    2.8723   139.9360 
    2.8833   140.4500 
    2.8942   140.9650 
    2.9052   141.4790 
    2.9162   141.9940 
    2.9271   142.5080 
    2.9381   143.0220 
    2.9491   143.5370 
    2.9600   144.0510 
    2.9710   144.5660 
    2.9820   145.0800 
    2.9929   145.5950 
    3.0039   146.1090 
    3.0149   146.6230 
    3.0258   147.1380 
    3.0368   147.6520 
    3.0478   148.1670 
    3.0587   148.6810 
    3.0697   149.1960 
    3.0807   149.7100 
    3.0916   150.2250 
    3.1026   150.7390 
    3.1136   151.2530 
    3.1245   151.7680 
    3.1355   152.2820 
    3.1465   152.7970 
    3.1574   153.3110 
    3.1684   153.8260 
