    0.0163     0.0136 
    0.0226     0.7152 
    0.0289     1.4167 
    0.0352     2.1183 
    0.0415     2.7769 
    0.0478     3.1440 
    0.0541     3.5026 
    0.0604     4.0398 
    0.0667     4.6285 
    0.0730     5.2014 
    0.0793     5.6985 
    0.0856     6.1707 
    0.0919     6.6838 
    0.0982     7.1720 
    0.1045     7.6925 
    0.1108     8.1787 
    0.1171     8.6197 
    0.1234     9.0149 
    0.1297     9.3818 
    0.1360     9.7431 
    0.1423    10.1048 
    0.1486    10.4859 
    0.1549    10.9094 
    0.1612    11.4144 
    0.1675    12.0025 
    0.1927    14.9157 
    0.2179    17.5501 
    0.2242    18.1598 
    0.2494    19.6330 
    0.2683    20.6000 
    0.2809    21.1594 
    0.3124    22.2113 
    0.3439    23.1469 
    0.3754    24.1663 
    0.4069    25.8855 
    0.4195    26.7021 
    0.4510    29.2277 
    0.4825    31.0386 
    0.5140    32.4195 
    0.5455    34.4699 
    0.5644    35.2529 
    0.5896    36.3632 
    0.5959    36.7212 
    0.6022    37.0889 
    0.6211    38.1941 
    0.6400    40.1358 
    0.6463    41.1647 
    0.6589    43.7368 
    0.6715    46.3090 
    0.6841    48.8812 
    0.6967    51.4533 
    0.7093    54.0255 
    0.7219    56.5977 
    0.7345    59.1698 
    0.7408    60.1987 
    0.7597    62.7709 
    0.7723    64.3142 
    0.7912    66.3719 
    0.8101    68.4296 
    0.8290    70.4874 
    0.8479    72.5451 
    0.8668    74.6028 
    0.8920    77.3081 
    0.9172    80.3875 
    0.9424    83.4668 
    0.9676    85.8093 
    0.9739    86.1317 
    1.0054    87.4637 
    1.0306    89.0070 
    1.0495    90.0358 
    1.0684    91.0647 
    1.0873    92.0936 
    1.1125    93.6369 
    1.1377    95.1802 
    1.1629    96.7235 
    1.1881    98.2668 
    1.2133    99.8038 
    1.2322   100.6718 
    1.2637   101.9733 
    1.2952   103.2758 
    1.3267   104.5774 
    1.3582   105.9623 
    1.3771   106.9125 
    1.3960   107.8628 
    1.4212   109.3147 
    1.4527   111.4151 
    1.4590   111.9673 
    1.4779   114.1782 
    1.4905   115.8359 
    1.5094   118.6001 
    1.5157   119.7045 
    1.5283   122.4687 
    1.5409   125.2319 
    1.5535   127.9950 
    1.5661   130.6760 
    1.5787   133.2480 
    1.5850   134.2770 
    1.6039   136.8490 
    1.6165   138.3930 
    1.6354   140.4500 
    1.6543   142.5080 
    1.6732   144.5660 
    1.6921   146.6230 
    1.7173   149.1960 
    1.7236   149.7100 
    1.7299   150.2250 
    1.7362   150.7390 
    1.7425   151.2530 
    1.7488   151.7680 
    1.7551   152.2820 
    1.7614   152.7970 
    1.7677   153.3110 
    1.7740   153.8260 
