    0.0273     0.0178 
    0.0619     1.4241 
    0.0965     2.6959 
    0.1311     3.9753 
    0.1484     4.3746 
    0.2003     5.4837 
    0.2522     6.6808 
    0.3041     7.9682 
    0.3560     8.9365 
    0.3906     9.5863 
    0.4425    10.3631 
    0.5117    11.4097 
    0.5290    11.6455 
    0.5463    11.8737 
    0.6328    12.8583 
    0.7020    13.6203 
    0.7712    14.4681 
    0.8231    15.0859 
    0.8750    15.6719 
    0.9269    16.1734 
    0.9788    16.5716 
    1.0307    16.9096 
    1.0826    17.2641 
    1.1345    17.7129 
    1.1864    18.2358 
    1.2383    18.7372 
    1.2902    19.2441 
    1.3594    19.9541 
    1.4286    20.8331 
    1.4978    21.7704 
    1.5843    22.9002 
    1.6708    24.0159 
    1.7573    25.0502 
    1.7746    25.2731 
    1.7919    25.4911 
    1.8092    25.7128 
    1.8265    25.9351 
    1.8438    26.2018 
    1.8611    26.4823 
    1.8784    26.7529 
    1.8957    27.0189 
    1.9130    27.3052 
    1.9303    27.6054 
    1.9476    27.9445 
    1.9649    28.3205 
    1.9822    28.6905 
    1.9995    29.0528 
    2.0168    29.3881 
    2.0341    29.6721 
    2.0514    29.9545 
    2.0687    30.2316 
    2.0860    30.4997 
    2.1033    30.7255 
    2.1206    30.9472 
    2.1379    31.1286 
    2.1552    31.3104 
    2.1725    31.5169 
    2.1898    31.7235 
    2.2071    31.9188 
    2.2244    32.1131 
    2.2417    32.2865 
    2.2590    32.4558 
    2.2763    32.6279 
    2.2936    32.8009 
    2.3109    33.0097 
    2.3282    33.2359 
    2.3455    33.4401 
    2.3628    33.6288 
    2.3801    33.8351 
    2.3974    34.0588 
    2.4147    34.2764 
    2.4320    34.4854 
    2.4493    34.6815 
    2.4666    34.8521 
    2.4839    35.0223 
    2.5012    35.1917 
    2.5185    35.3709 
    2.5358    35.5982 
    2.5531    35.8209 
    2.5704    35.9929 
    2.5877    36.1648 
