    0.1194     0.0178 
    0.1641     4.1900 
    0.1865     5.5980 
    0.2535     9.2753 
    0.3206    11.9782 
    0.3429    12.7719 
    0.3653    13.5932 
    0.4323    15.4852 
    0.4770    16.2832 
    0.5888    17.4814 
    0.7005    19.0926 
    0.8123    20.7779 
    0.9240    22.7020 
    1.0357    24.4036 
    1.0804    25.2546 
    1.1252    25.9644 
    1.2369    28.9729 
    1.3039    30.7733 
    1.3934    32.6038 
    1.4157    33.2532 
    1.4604    35.1450 
    1.4828    36.4167 
    1.5275    40.1649 
    1.5721    43.9940 
    1.6168    47.8523 
    1.6392    49.3956 
    1.6839    51.7105 
    1.7510    54.7971 
    1.8403    58.6554 
    1.8627    59.4270 
    1.8850    60.1987 
    1.9074    60.9703 
    1.9298    61.7420 
    1.9521    62.5136 
    1.9745    63.2853 
    1.9968    64.0570 
    2.0191    64.8286 
    2.0415    65.6003 
    2.1309    69.4585 
    2.1980    72.5451 
    2.2426    74.8601 
    2.3097    79.1557 
    2.3767    83.7748 
    2.4215    85.8093 
    2.4438    86.2929 
    2.4661    86.7765 
    2.4885    87.2601 
    2.5109    87.9781 
    2.5332    88.7498 
    2.6450    91.8364 
    2.6673    92.6080 
    2.6896    93.3797 
    2.7567    96.4663 
    2.8014    98.7812 
    2.8685   102.1901 
    2.9355   105.4876 
    3.0025   109.0692 
    3.0696   113.0727 
    3.1366   117.2175 
    3.1590   118.8762 
    3.2037   123.0209 
    3.2484   127.1657 
    3.2708   128.8244 
    3.3154   131.1900 
    3.3825   134.2770 
    3.4049   135.0490 
    3.4719   136.5920 
    3.5166   137.3640 
    3.6284   138.9070 
    3.6730   139.6790 
    3.7178   140.4500 
    3.8295   142.7650 
    3.9413   145.0800 
    4.0530   147.3950 
    4.1647   149.7100 
    4.2765   152.0250 
