    0.0000     0.0178 
    0.0640     2.4393 
    0.1280     4.5903 
    0.1920     6.7047 
    0.2080     7.2261 
    0.2240     7.6806 
    0.2400     8.0722 
    0.2560     8.4318 
    0.2720     8.7748 
    0.3520    10.2433 
    0.4320    11.7746 
    0.5120    13.5685 
    0.5280    14.0561 
    0.5440    14.5931 
    0.6080    16.8125 
    0.6720    18.8536 
    0.6880    19.3109 
    0.7520    20.7275 
    0.7840    21.3056 
    0.8640    22.3934 
    0.9440    23.3804 
    0.9760    23.8864 
    1.0080    24.3183 
    1.0400    24.7995 
    1.1200    26.0753 
    1.2000    27.5955 
    1.2800    29.4974 
    1.3600    30.9066 
    1.4400    31.9616 
    1.4720    32.2909 
    1.5520    32.9277 
    1.6320    33.6759 
    1.7120    34.4565 
    1.7440    34.7954 
    1.8240    35.8356 
    1.9040    36.9323 
    1.9520    37.6621 
    2.0160    39.0116 
    2.0320    39.4530 
    2.0960    41.6068 
    2.1600    43.7733 
    2.1760    44.2066 
    2.1920    44.6399 
    2.2080    45.0732 
    2.2880    46.8064 
    2.3360    47.6730 
    2.4160    48.9729 
    2.4960    50.2728 
    2.5280    50.7061 
    2.5600    51.1394 
    2.6400    52.0060 
    2.7200    52.8726 
    2.8000    53.7392 
    2.8320    54.1725 
    2.9120    55.4724 
    2.9600    56.3390 
    3.0400    58.0722 
    3.0560    58.5055 
    3.0720    58.9388 
    3.1360    61.1053 
    3.1840    62.8385 
    3.2160    64.1384 
    3.2480    65.4383 
    3.2800    66.7382 
    3.3120    68.0381 
    3.3440    69.3380 
    3.3760    70.6379 
    3.4080    71.9378 
    3.4400    73.2377 
    3.4880    74.9709 
    3.5360    76.7443 
    3.6000    79.3380 
    3.6640    81.9317 
    3.7280    84.5254 
    3.7920    86.1093 
    3.8400    87.1954 
    3.8880    88.8365 
    3.9360    90.5697 
    3.9840    92.3029 
    4.0320    94.0361 
    4.0800    95.7693 
    4.1280    97.5025 
    4.1760    99.2357 
    4.2240   100.7814 
    4.2720   102.2433 
    4.3200   103.7052 
    4.3680   105.1838 
    4.4000   106.3834 
    4.4480   108.3846 
    4.4960   110.4804 
    4.5440   112.8085 
    4.5920   115.1354 
    4.6080   116.0669 
    4.6400   118.3949 
    4.6720   120.7219 
    4.7040   123.0499 
    4.7360   125.3769 
    4.7680   127.7050 
    4.8000   130.0000 
