    0.1330     0.0000 
    0.1990     1.9479 
    0.2650     3.0967 
    0.3310     4.3037 
    0.3970     5.3847 
    0.4630     6.2035 
    0.5620     7.7794 
    0.6610     9.4661 
    0.7600    11.1099 
    0.8590    12.2925 
    0.9580    13.5595 
    1.0570    14.8608 
    1.1230    15.6540 
    1.2220    16.8810 
    1.3540    18.5059 
    1.3870    18.7721 
    1.5520    19.8023 
    1.7170    20.6651 
    1.8820    22.0086 
    2.0140    22.9096 
    2.1460    23.7730 
    2.2450    24.4518 
    2.3440    25.1515 
    2.4430    25.9081 
    2.6080    27.1528 
    2.7730    28.4829 
    2.9380    29.7122 
    3.1030    30.8439 
    3.2680    32.0178 
    3.4330    33.2511 
    3.5980    34.3492 
    3.7630    35.3356 
    3.9280    36.2916 
    4.0930    37.3612 
    4.2580    38.4019 
    4.4230    40.3067 
    4.5880    42.6509 
    4.7530    44.6481 
    4.9180    46.3785 
    5.0830    47.8384 
    5.2480    49.8669 
    5.4130    52.0567 
    5.5780    54.4083 
    5.7430    56.7450 
    5.9080    58.6568 
    6.0730    60.3016 
    6.2380    61.4463 
    6.4030    62.3273 
    6.5680    63.0411 
    6.7330    63.6329 
    6.8320    64.1195 
    6.9640    64.8564 
    7.0960    65.8296 
    7.2280    66.7289 
    7.3600    67.5022 
    7.5250    68.8326 
    7.5580    69.2140 
    7.5910    69.7609 
    7.6240    70.3688 
    7.6570    70.9778 
    7.6900    71.5858 
    7.7230    72.1937 
    7.7560    72.8198 
    7.7890    73.4683 
    7.8220    74.1589 
    7.8550    74.9510 
    7.8880    76.2240 
    7.9210    77.6302 
    7.9540    79.0883 
    7.9870    80.4140 
    8.0200    81.3424 
    8.0530    82.0590 
    8.0860    82.4648 
    8.1190    82.8527 
    8.1520    83.2027 
    8.1850    83.5520 
    8.2180    83.9014 
    8.2510    84.2838 
    8.2840    84.6719 
    8.3170    85.0551 
    8.3500    85.2841 
    8.3830    85.5187 
    8.4820    86.4944 
    8.5480    87.2103 
    8.6470    88.9758 
    8.7460    91.4599 
    8.8450    95.5745 
    8.9440    99.3735 
    9.0430   102.1722 
    9.1420   104.8444 
    9.2410   107.2110 
    9.2740   108.3346 
    9.3400   111.8493 
    9.4060   117.0164 
    9.4720   121.8473 
    9.5380   126.1061 
    9.5710   128.7211 
    9.6370   131.2958 
    9.6700   132.1063 
    9.8020   134.2971 
    9.9010   136.0456 
   10.0000   137.2646 
