    0.1351     0.0136 
    0.1629     2.1183 
    0.1907     3.5026 
    0.2185     5.2014 
    0.2602     7.1720 
    0.3019     9.0149 
    0.3575    10.9094 
    0.3714    11.4144 
    0.3853    12.0025 
    0.3992    12.6679 
    0.4687    14.9157 
    0.5243    16.2612 
    0.5660    17.5501 
    0.6355    19.1065 
    0.7050    20.6000 
    0.7745    22.2113 
    0.8440    23.6044 
    0.9135    25.8855 
    0.9830    28.3556 
    1.0525    30.5299 
    1.0803    31.0386 
    1.1081    31.5039 
    1.1359    31.9500 
    1.2054    33.8802 
    1.2749    35.2529 
    1.3444    36.3632 
    1.4139    37.4734 
    1.4834    38.1941 
    1.5529    38.9710 
    1.6224    40.6502 
    1.6919    42.1935 
    1.7614    43.7368 
    1.8309    45.2801 
    1.8726    46.3090 
    1.9282    47.8523 
    1.9838    49.3956 
    2.0394    50.9389 
    2.0950    52.4822 
    2.1645    54.5399 
    2.2340    56.5977 
    2.2479    57.1121 
    2.2896    59.1698 
    2.3174    60.7131 
    2.3591    63.2853 
    2.3730    64.3142 
    2.4008    66.8863 
    2.4286    69.4585 
    2.4564    72.0307 
    2.4842    74.6028 
    2.5120    77.3081 
    2.5259    78.5399 
    2.5676    81.6192 
    2.6093    84.6985 
    2.6371    85.8093 
    2.6788    87.0988 
    2.7205    89.0070 
    2.7622    91.0647 
    2.8039    93.1224 
    2.8456    95.1802 
    2.8873    97.2379 
    2.9290    99.2956 
    2.9707   101.1053 
    3.0124   102.8414 
    3.0541   104.5774 
    3.0958   106.4379 
    3.1375   108.3375 
    3.1792   110.3096 
    3.2209   112.5205 
    3.2626   114.7304 
    3.3043   116.9414 
    3.3321   118.6001 
    3.3599   120.2578 
    3.3877   121.9155 
    3.4294   124.6786 
    3.4711   127.4418 
    3.5128   130.1620 
    3.5545   132.7340 
    3.5823   134.2770 
    3.6101   135.8200 
    3.6518   137.8780 
    3.6935   139.9360 
    3.7491   142.5080 
    3.7630   143.0220 
    3.8325   145.0800 
    3.8881   146.6230 
    3.9437   148.1670 
    3.9993   149.7100 
    4.0549   151.2530 
    4.1105   152.7970 
