0.2	0.22			
0.22	1.08			
0.24	1.05			
0.26	1.01			
0.28	0.93			
0.3	0.26			
0.32	0.85			
0.34	0.86			
0.35	1.11			
0.36	1.05			
0.38	0.81			
0.4	0.89			
0.42	0.82			
0.44	0.99			
0.45	1.07			
0.46	0.8			
0.48	0.73
0.5	0.19
0.5	1.32
0.52	-0.93
0.54	0.97
0.65	1.29
0.75	1.36
0.9	1.29
0.95	1.23
1	1.19
1.05	1.13
1.1	1.29
1.2	1.28
1.3	1.24
1.4	1.35
1.5	1.24
1.6	1.34
1.7	1.23
1.8	1.23
1.9	1.24
2	1.16
2.1	1.16
2.2	1.25
2.3	1.25
2.4	1.3
2.5	1.29
2.6	1.31
2.8	1.24
2.9	1.09
3	1.21
3.1	1.09
3.2	1.04
3.27	1.01
3.36	0.92
