    0.0246     1.1955 
    0.0430     1.6820 
    0.0614     2.2723 
    0.0798     2.8645 
    0.0982     3.4528 
    0.1166     3.9989 
    0.1350     4.4477 
    0.1396     4.5389 
    0.1442     4.6301 
    0.1488     4.7214 
    0.1534     4.8268 
    0.1580     4.9326 
    0.1626     5.0384 
    0.1672     5.1441 
    0.1718     5.2480 
    0.1764     5.3479 
    0.1810     5.4479 
    0.1856     5.5478 
    0.1902     5.6477 
    0.1948     5.7506 
    0.1994     5.8548 
    0.2040     5.9591 
    0.2086     6.0633 
    0.2132     6.1678 
    0.2178     6.2813 
    0.2224     6.3949 
    0.2270     6.5084 
    0.2316     6.6220 
    0.2362     6.7414 
    0.2408     6.8708 
    0.2454     7.0001 
    0.2500     7.1295 
    0.2546     7.2589 
    0.2592     7.3744 
    0.2638     7.4846 
    0.2684     7.5948 
    0.2730     7.7051 
    0.2776     7.8140 
    0.2822     7.9059 
    0.2868     7.9979 
    0.2914     8.0898 
    0.2960     8.1817 
    0.3006     8.2717 
    0.3052     8.3587 
    0.3098     8.4458 
    0.3144     8.5329 
    0.3190     8.6200 
    0.3236     8.7034 
    0.3282     8.7855 
    0.3328     8.8677 
    0.3374     8.9499 
    0.3420     9.0342 
    0.3466     9.1349 
    0.3512     9.2357 
    0.3558     9.3364 
    0.3604     9.4371 
    0.3650     9.5354 
    0.3880     9.9175 
    0.4110    10.2439 
    0.4340    10.5726 
    0.4570    10.9396 
    0.4800    11.3442 
