    0.2000     0.0000 
    0.4425     0.6649 
    0.6850     1.3298 
    0.9275     1.7000 
    1.1700     2.0082 
    1.4125     2.2949 
    1.6550     2.5701 
    1.8975     2.8822 
    2.1400     3.2345 
    2.2370     3.4106 
    2.4795     3.8916 
    2.7220     4.3257 
    2.9645     4.7049 
    3.1585     5.1640 
    3.2070     5.3178 
    3.4010     5.9059 
    3.5950     6.4105 
    3.7890     7.0263 
    3.8375     7.1661 
    3.8860     7.3059 
    3.9345     7.4429 
    3.9830     7.5664 
    4.0315     7.6899 
    4.2255     8.0674 
    4.3710     8.3314 
    4.6135     8.7239 
    4.8560     9.1149 
    4.9530     9.2609 
    5.1955     9.5529 
    5.4380     9.8388 
    5.6805    10.1151 
    5.9230    10.3822 
    6.1655    10.6157 
    6.2625    10.7325 
    6.4080    10.9745 
    6.4565    11.0991 
    6.6505    11.6491 
    6.8445    12.0977 
    6.8930    12.1825 
    6.9415    12.2447 
    6.9900    12.3069 
    7.0385    12.3692 
    7.0870    12.4314 
    7.1355    12.5253 
    7.1840    12.6332 
    7.4265    13.0692 
    7.6690    13.5109 
    7.7175    13.6191 
    7.8630    14.0392 
    7.9600    14.3408 
    8.0085    14.5419 
    8.0570    14.7431 
    8.1540    15.2644 
    8.2510    15.7929 
    8.3480    16.3687 
    8.3965    16.6150 
    8.4450    16.8980 
    8.4935    17.1911 
    8.5905    17.8854 
    8.6875    18.4466 
    8.7845    18.9842 
    8.8815    19.5162 
    8.9785    19.9455 
    9.0755    20.3574 
    9.1725    20.8183 
    9.2695    21.4444 
    9.3180    21.7635 
    9.4635    22.4379 
    9.6090    23.0066 
    9.6575    23.2251 
    9.7060    23.4363 
    9.8030    24.0816 
    9.9000    24.7323 
