    0.0050     0.0178 
    0.0544     2.8861 
    0.1037     5.3589 
    0.1530     8.0013 
    0.1860     9.2753 
    0.2353    10.9916 
    0.2517    11.4838 
    0.3176    13.0561 
    0.3669    14.1787 
    0.4491    16.0544 
    0.4656    16.5018 
    0.5150    18.2832 
    0.5643    20.4197 
    0.6137    22.9953 
    0.6795    25.7259 
    0.6959    26.2589 
    0.7124    26.8453 
    0.7288    27.4527 
    0.7452    28.1835 
    0.7617    28.9729 
    0.7782    29.6505 
    0.8275    30.7733 
    0.8604    31.1932 
    0.9426    32.0440 
    1.0249    32.7892 
    1.1072    33.6703 
    1.1894    34.5917 
    1.2223    34.9633 
    1.2552    35.3267 
    1.3375    36.6507 
    1.3868    37.5465 
    1.4362    38.5045 
    1.4855    39.6431 
    1.5349    40.6502 
    1.6006    42.1935 
    1.6665    43.7368 
    1.7487    45.7946 
    1.7652    46.3090 
    1.7816    46.8234 
    1.7980    47.3379 
    1.8145    47.8523 
    1.8967    49.9100 
    1.9132    50.4245 
    1.9297    50.9389 
    1.9461    51.4533 
    2.0119    54.0255 
    2.0284    54.5399 
    2.0942    56.0832 
    2.1435    57.1121 
    2.1929    58.1410 
    2.2586    59.6843 
    2.3409    61.7420 
    2.4232    63.7997 
    2.4396    64.3142 
    2.4560    64.8286 
    2.4725    65.3430 
    2.5383    67.9152 
    2.5877    69.9729 
    2.6206    71.5162 
    2.6699    74.0884 
    2.7193    76.6923 
    2.7521    78.5399 
    2.7851    80.3875 
    2.8344    82.8509 
    2.8508    83.4668 
    2.9331    85.4870 
    3.0154    86.7765 
    3.0318    87.0988 
    3.0482    87.4637 
    3.0647    87.9781 
    3.1305    90.5503 
    3.1963    93.1224 
    3.2621    95.6946 
    3.2786    96.2090 
    3.3608    98.2668 
    3.4266    99.8038 
    3.4924   101.1053 
    3.5582   102.4078 
    3.6240   103.7094 
    3.6898   105.0120 
    3.7556   106.4379 
    3.8379   108.3375 
    3.8543   108.8238 
    3.9036   110.8618 
    3.9366   112.5205 
    3.9859   115.2837 
    4.0352   118.0468 
    4.0517   119.1523 
    4.0682   120.2578 
    4.1010   123.0209 
    4.1339   125.7841 
    4.1669   128.5472 
    4.1833   129.6470 
    4.2326   132.2190 
    4.2820   134.2770 
    4.2984   134.7920 
    4.3807   136.8490 
    4.4465   138.3930 
    4.5123   139.9360 
    4.5781   141.4790 
    4.6439   143.0220 
    4.7261   145.0800 
    4.7426   145.5950 
    4.8084   148.1670 
    4.8578   150.2250 
    4.8906   151.7680 
