    0.0080     0.0212 
    0.0586     1.4963 
    0.1092     2.5353 
    0.1598     3.7222 
    0.3117     6.3929 
    0.4635     9.7740 
    0.6153    12.9993 
    0.7672    16.1147 
    0.8684    17.6010 
    0.9190    18.0371 
    1.1214    19.7090 
    1.3239    21.5532 
    1.3745    22.2005 
    1.4757    24.5112 
    1.5769    29.0890 
    1.6781    31.1596 
    1.7794    33.5572 
    1.8300    34.7771 
    1.9818    37.8269 
    2.1336    40.8766 
    2.1842    42.0965 
    2.2855    45.1463 
    2.3867    48.1960 
    2.4373    49.4159 
    2.5891    52.4657 
    2.6903    54.2955 
    2.8422    56.7353 
    3.0446    59.7851 
    3.0952    60.3951 
    3.3483    62.8349 
    3.6013    65.2747 
    3.8544    67.7145 
    3.9050    68.3244 
    3.9556    68.9343 
    4.0062    69.5443 
    4.0568    70.1543 
    4.2592    73.2040 
    4.4111    75.6438 
    4.5123    77.6657 
    4.6135    79.8563 
    4.7147    82.0470 
    4.8666    84.9679 
    4.9172    85.3654 
    5.0690    86.1299 
    5.3220    86.8944 
    5.5751    87.8428 
    5.8281    89.0627 
    6.0812    90.2826 
    6.3342    91.5025 
    6.5873    92.7224 
    6.8403    93.9423 
    7.0934    95.1622 
    7.1946    95.7722 
    7.4477    97.6020 
    7.5995    98.8219 
    7.8019   100.5140 
    8.0044   102.0577 
    8.2574   104.1151 
    8.5105   106.2846 
    8.7635   108.5392 
    9.0166   110.9531 
    9.2696   113.5744 
    9.5227   116.1947 
    9.5733   116.8500 
    9.6239   117.5054 
    9.6745   118.1607 
    9.7251   118.8161 
    9.7757   119.4714 
    9.8263   120.1267 
    9.8770   120.7821 
    9.9276   121.4374 
