    0.1230     0.0178 
    0.1608     2.4205 
    0.1860     3.8302 
    0.2112     4.9586 
    0.2364     6.1954 
    0.2742     8.3795 
    0.2868     9.0580 
    0.3120    10.8649 
    0.3246    11.6840 
    0.3498    13.0026 
    0.3876    14.9987 
    0.4002    15.5399 
    0.4632    17.0266 
    0.5136    18.2476 
    0.5514    19.1499 
    0.6144    20.5003 
    0.6774    22.1911 
    0.7152    23.1700 
    0.7656    24.5705 
    0.8160    25.8713 
    0.8790    27.8993 
    0.9420    30.2446 
    1.0050    31.7661 
    1.0680    33.0959 
    1.0806    33.4727 
    1.0932    33.8272 
    1.1058    34.2254 
    1.1184    34.6000 
    1.1688    36.2752 
    1.2066    37.7700 
    1.2444    39.5785 
    1.2822    41.2804 
    1.3200    43.0000 
