    0.0559     0.0178 
    0.0789     2.2554 
    0.1018     4.3072 
    0.1248     6.1749 
    0.1477     8.2425 
    0.1707     9.9418 
    0.1821    10.5486 
    0.2051    11.6472 
    0.2165    12.0277 
    0.2510    12.8606 
    0.2739    13.2940 
    0.3313    14.1718 
    0.3887    15.1895 
    0.4116    15.6746 
    0.4461    16.4474 
    0.4575    16.7418 
    0.4690    17.0279 
    0.4805    17.3413 
    0.4920    17.7159 
    0.5264    18.5733 
    0.5493    18.9936 
    0.6067    19.7933 
    0.6641    20.7261 
    0.7215    21.7746 
    0.7444    22.2818 
    0.7788    23.1845 
    0.7903    23.6516 
    0.8018    24.0953 
    0.8477    26.1128 
    0.8936    28.6970 
    0.9051    29.2985 
    0.9165    29.7720 
    0.9280    30.2367 
    0.9395    30.6545 
    0.9969    31.9874 
    1.0542    33.2405 
    1.1116    34.6284 
    1.1231    34.9127 
    1.1690    36.5328 
    1.2149    38.2975 
    1.2264    38.7653 
    1.2837    40.4125 
    1.3296    41.6048 
    1.3641    42.4047 
    1.3985    43.2046 
    1.4444    44.4044 
    1.5017    46.0042 
    1.5132    46.4042 
    1.5247    46.8041 
    1.5362    47.2041 
    1.5821    49.2038 
    1.5936    49.6038 
    1.6050    50.0037 
    1.6165    50.4037 
    1.6280    50.8036 
    1.6395    51.2036 
    1.6509    51.6035 
    1.6624    52.0035 
    1.6739    52.4034 
    1.6853    52.8034 
    1.7313    54.8031 
    1.7427    55.2031 
    1.8001    56.8029 
    1.8116    57.2028 
    1.8575    59.2026 
    1.8919    60.8024 
    1.9263    62.4022 
    1.9608    64.0020 
    1.9952    65.6018 
    2.0296    67.2016 
    2.0640    68.8014 
    2.0985    70.4012 
    2.1329    72.0010 
    2.1673    73.6008 
    2.2017    75.2006 
    2.2361    76.8596 
    2.2706    78.7749 
    2.3050    80.6901 
