    0.0305     0.0178 
    0.1128     1.4938 
    0.1952     2.8612 
    0.2776     4.1619 
    0.3600     5.3168 
    0.4424     6.5705 
    0.4973     7.4473 
    0.5522     8.1612 
    0.6071     8.7766 
    0.6895     9.6670 
    0.7993    10.6746 
    0.9092    11.8747 
    0.9366    12.1175 
    1.0739    13.2058 
    1.1838    14.0308 
    1.2936    14.9932 
    1.4035    15.9016 
    1.5133    16.5831 
    1.6231    17.1289 
    1.7330    17.8290 
    1.8428    18.6450 
    1.9527    19.4391 
    2.0625    20.2018 
    2.1723    21.2144 
    2.2822    22.1921 
    2.3920    23.0601 
    2.5019    23.9532 
    2.6117    24.7460 
    2.7215    25.5202 
    2.8588    26.5891 
    2.8863    26.8717 
    2.9138    27.1577 
    2.9412    27.4769 
    2.9687    27.8069 
    2.9961    28.2065 
    3.0236    28.6034 
    3.0511    28.9883 
    3.0785    29.3553 
    3.1060    29.6572 
    3.1334    29.9571 
    3.1609    30.2517 
    3.1884    30.5302 
    3.2158    30.7701 
    3.2433    30.9944 
    3.2707    31.1873 
    3.2982    31.3899 
    3.4080    32.4047 
    3.5179    33.4422 
    3.6277    34.5532 
    3.7376    35.5157 
    3.8474    36.5894 
    3.9572    37.6907 
    4.0671    39.0221 
    4.1769    40.3087 
    4.2868    41.5669 
    4.3142    41.8218 
    4.3417    42.0768 
    4.3691    42.3317 
    4.3966    42.5867 
    4.4241    42.8416 
    4.4515    43.0965 
    4.4790    43.3515 
    4.5064    43.6065 
    4.5339    43.8614 
    4.5614    44.1164 
    4.5888    44.3713 
    4.6163    44.6263 
    4.6437    44.8812 
    4.6712    45.1362 
    4.6987    45.3911 
    4.7261    45.6460 
    4.7536    45.9010 
    4.7810    46.1560 
    4.8085    46.4109 
    4.8360    46.6659 
    4.8634    46.9208 
    4.8909    47.1758 
    4.9183    47.4307 
    4.9458    47.6856 
    4.9733    47.9406 
    5.1106    48.9604 
    5.2479    49.9802 
    5.3852    51.0000 
