    0.0200     0.0178 
    0.0496     1.9796 
    0.0792     3.8925 
    0.1088     5.4558 
    0.1236     6.1247 
    0.1680     7.9853 
    0.1976     8.8371 
    0.2420    10.0535 
    0.3012    11.5473 
    0.3160    11.8831 
    0.3900    13.3431 
    0.4640    14.9977 
    0.5380    16.4877 
    0.6120    17.5720 
    0.6860    19.0431 
    0.7600    20.5127 
    0.8340    22.3331 
    0.9080    23.9391 
    0.9820    25.3910 
    1.0560    26.8524 
    1.1300    28.7657 
    1.2040    30.5089 
    1.2780    31.6975 
    1.3520    32.7503 
    1.4260    33.9560 
    1.4408    34.2762 
    1.4556    34.5810 
    1.4704    34.8377 
    1.4852    35.0857 
    1.5000    35.3327 
