    0.0500     0.0212 
    0.1042     2.0444 
    0.1584     3.8901 
    0.1945     4.9034 
    0.2307     5.8482 
    0.2849     7.4443 
    0.3571     9.5806 
    0.3752    10.0002 
    0.4655    11.8007 
    0.5378    12.8614 
    0.5920    13.5174 
    0.6462    14.3605 
    0.7004    15.1958 
    0.7727    16.3448 
    0.8449    17.2956 
    0.8991    17.8221 
    0.9353    18.1129 
    1.0256    18.7806 
    1.1159    19.5171 
    1.2063    20.2726 
    1.2966    21.0495 
    1.3869    21.8388 
    1.4773    22.6991 
    1.5676    23.6381 
    1.6579    24.7051 
    1.7483    25.8478 
    1.8386    27.0656 
    1.8747    27.6394 
    1.9109    28.2673 
    2.0012    29.5681 
    2.0915    30.3685 
    2.1819    31.0251 
    2.2722    31.7877 
    2.3625    32.5905 
    2.4529    33.7404 
    2.5071    34.5070 
    2.5793    35.6569 
    2.6697    37.1901 
    2.6877    37.5734 
    2.7058    37.9567 
    2.7239    38.3400 
    2.7419    38.7233 
    2.7600    39.1066 
    2.7781    39.4899 
    2.7961    39.8732 
    2.8142    40.2565 
    2.8323    40.6398 
    2.8503    41.0231 
    2.8684    41.4064 
    2.9407    43.3229 
    2.9949    44.8561 
    3.0310    46.0060 
    3.0852    47.9225 
    3.1033    48.6891 
    3.1394    50.6056 
    3.1755    52.5221 
    3.2117    54.4386 
    3.2478    56.3551 
    3.2839    58.2716 
    3.3020    59.0382 
    3.3562    60.9547 
    3.3923    62.1046 
    3.4465    63.6378 
    3.4646    64.0211 
    3.5549    65.5543 
    3.6453    67.0875 
    3.6633    67.4708 
    3.6814    67.8541 
    3.6995    68.2374 
    3.7175    68.6207 
    3.7356    69.0040 
    3.7537    69.3873 
    3.8259    71.3038 
    3.8801    72.8370 
    3.9163    73.9869 
    3.9705    75.9034 
    4.0247    78.0802 
    4.0789    80.3746 
    4.1331    82.6690 
    4.1873    84.9634 
    4.2415    86.1818 
    4.2776    86.9024 
    4.3318    88.1690 
    4.3860    89.7022 
    4.4402    91.2354 
    4.4944    92.7686 
    4.5486    94.3018 
    4.6028    95.8350 
    4.6389    96.9849 
    4.6751    98.1348 
    4.7293   100.0070 
    4.7835   101.6241 
    4.8377   103.2404 
    4.8919   104.8574 
    4.9280   105.9059 
    4.9822   107.3216 
    5.0545   109.1112 
    5.0725   109.4780 
    5.0906   109.8438 
    5.1087   110.2107 
    5.1267   110.6233 
    5.1448   111.0347 
    5.1629   111.4462 
    5.1809   111.8588 
    5.1990   112.2702 
    5.2171   112.6817 
    5.2351   113.0931 
    5.2532   113.5057 
    5.2713   113.9171 
