    0.0125     0.0178 
    0.0807     1.4241 
    0.1489     2.6960 
    0.2171     3.9754 
    0.2853     5.0274 
    0.3535     6.1741 
    0.4217     7.5084 
    0.5240     8.8756 
    0.6263    10.2419 
    0.7627    12.0262 
    0.7968    12.4311 
    0.9673    14.1697 
    1.1037    15.6724 
    1.2060    16.4457 
    1.3765    17.3392 
    1.5470    18.5709 
    1.7175    19.7907 
    1.8880    21.2579 
    2.0585    22.7203 
    2.1608    23.6482 
    2.2972    24.9548 
    2.4677    26.5764 
    2.5018    27.0196 
    2.6382    29.7678 
    2.7405    31.3110 
    2.8428    32.5709 
    2.9110    33.5666 
    2.9792    34.6254 
    3.0474    35.5233 
    3.1156    36.5287 
    3.1838    37.5763 
    3.2520    38.7595 
    3.3202    40.0399 
