    0.0725     0.0178 
    0.0914     2.8861 
    0.1104     5.3589 
    0.1293     8.0013 
    0.1419     9.2753 
    0.1608    10.9916 
    0.1860    13.5932 
    0.1924    14.1787 
    0.2176    16.0544 
    0.2365    16.8670 
    0.2681    18.2832 
    0.2996    19.8603 
    0.3311    21.7859 
    0.3627    23.5960 
    0.3942    25.2546 
    0.4258    26.8453 
    0.4573    28.9729 
    0.4889    30.7733 
    0.5078    31.6203 
    0.5330    32.7892 
    0.5646    34.5917 
    0.5709    34.9633 
    0.5772    35.3267 
    0.5835    35.8107 
    0.5898    36.1833 
    0.5961    36.6507 
    0.6024    37.1202 
    0.6087    37.5465 
    0.6150    37.9749 
    0.6213    38.5045 
    0.6276    39.1134 
    0.6339    39.6431 
    0.6402    40.1649 
    0.6718    42.1935 
    0.7033    44.2513 
    0.7096    44.7657 
    0.7159    45.2801 
    0.7412    47.8523 
    0.7601    49.9100 
    0.7727    51.4533 
    0.7853    52.9966 
    0.7980    54.5399 
    0.8106    56.0832 
    0.8232    57.6265 
    0.8421    59.6843 
    0.8673    62.2564 
    0.8737    62.7709 
    0.8800    63.2853 
    0.8863    63.7997 
    0.8926    64.3142 
    0.8989    64.8286 
    0.9052    65.3430 
    0.9115    65.8575 
    0.9178    66.3719 
    0.9241    66.8863 
    0.9304    67.4008 
    0.9367    67.9152 
    0.9431    68.4296 
    0.9494    68.9441 
    0.9557    69.4585 
    0.9620    69.9729 
    0.9683    70.4874 
    0.9746    71.0018 
    0.9809    71.5162 
    0.9872    72.0307 
    0.9935    72.5451 
    0.9998    73.0595 
    1.0061    73.5740 
    1.0124    74.0884 
    1.0188    74.6028 
    1.0251    75.1173 
    1.0314    75.6317 
    1.0377    76.1461 
    1.0440    76.6923 
    1.0503    77.3081 
    1.0566    77.9239 
    1.0629    78.5399 
    1.0881    81.6192 
    1.1134    84.6985 
    1.1197    85.1646 
    1.1449    86.1317 
    1.1638    86.7765 
    1.1954    87.9781 
    1.2269    89.5214 
    1.2585    91.0647 
    1.2774    92.0936 
    1.3026    93.6369 
    1.3342    95.6946 
    1.3657    97.7523 
    1.3720    98.2668 
    1.3909   100.2382 
    1.4036   101.5398 
    1.4162   102.8414 
    1.4351   105.0120 
    1.4540   107.3872 
    1.4730   109.8065 
    1.4856   111.4151 
    1.5045   113.6260 
    1.5297   116.3892 
    1.5360   116.9414 
    1.5676   119.1523 
    1.5991   121.3633 
    1.6054   121.9155 
    1.6307   124.6786 
    1.6559   127.4418 
    1.6811   130.1620 
    1.7064   132.7340 
    1.7127   133.2480 
    1.7442   135.3060 
    1.7757   137.3640 
    1.8073   139.4210 
    1.8136   139.9360 
    1.8199   140.4500 
    1.8262   140.9650 
    1.8325   141.4790 
    1.8578   144.0510 
    1.8830   146.6230 
    1.9082   149.1960 
    1.9335   151.7680 
