    0.2508     3.3448 
    0.3114     4.2577 
    0.3417     4.5792 
    0.3719     4.9301 
    0.4627     5.8354 
    0.5536     6.8256 
    0.6444     7.8589 
    0.7352     8.6479 
    0.7958     9.0975 
    0.8866     9.7931 
    1.0077    10.5342 
    1.0380    10.6801 
    1.1591    11.1967 
    1.2499    11.5703 
    1.4013    12.1148 
    1.4618    12.3107 
    1.6132    12.7077 
    1.7646    13.1276 
    1.8251    13.3266 
    1.9765    13.9409 
    2.0673    14.3956 
    2.1582    14.8887 
    2.2490    15.3682 
    2.3398    15.8071 
    2.4306    16.1942 
    2.5820    16.6520 
    2.7334    17.0586 
    2.8242    17.3620 
    2.9453    17.9254 
    2.9756    18.1324 
    3.0361    18.7323 
    3.0664    19.1335 
    3.1269    20.0829 
    3.1875    21.3034 
