    0.1000     0.0178 
    0.1463     0.9420 
    0.1925     1.3629 
    0.2504     2.1341 
    0.3082     2.9666 
    0.3198     3.1741 
    0.3660     4.1247 
    0.4123     4.9539 
    0.4586     5.8539 
    0.4701     6.0371 
    0.5048     6.4249 
    0.5280     6.6245 
    0.5627     6.8423 
    0.5974     7.0697 
    0.6321     7.2968 
    0.6668     7.4905 
    0.7015     7.6842 
    0.7362     7.8663 
    0.7709     8.0279 
    0.8056     8.1895 
    0.8403     8.3450 
    0.8750     8.4981 
    0.9097     8.6506 
    0.9444     8.7951 
    0.9791     8.9395 
    1.0138     9.0978 
    1.0716     9.4519 
    1.0947     9.6218 
    1.1294     9.9542 
    1.1757    10.3823 
    1.1873    10.5274 
    1.2104    11.0101 
    1.2335    11.9177 
    1.2567    12.8930 
    1.2682    13.3015 
    1.2914    13.9088 
    1.3261    14.8477 
    1.3723    15.9737 
    1.4302    16.6233 
    1.4880    17.1641 
    1.4996    17.3190 
    1.5343    18.0777 
    1.5690    19.0750 
    1.6037    20.0207 
    1.6384    21.2188 
    1.6731    22.4053 
    1.7078    23.4843 
    1.7425    24.4796 
    1.7772    25.4825 
    1.8119    26.4538 
    1.8466    27.5564 
    1.8813    28.6857 
    1.8928    28.9709 
    1.9507    29.9336 
    1.9854    30.3701 
    2.0432    30.7423 
    2.0779    30.9201 
    2.1126    31.0652 
    2.1473    31.2081 
    2.1820    31.3569 
    2.2167    31.5196 
    2.2514    31.6823 
    2.2861    31.8387 
    2.3208    31.9918 
    2.3555    32.1447 
    2.4133    32.4115 
    2.4712    32.6821 
    2.5290    32.9844 
    2.5868    33.3389 
    2.6447    33.6361 
    2.7025    33.9725 
    2.7603    34.3160 
    2.8182    34.6414 
    2.8760    34.9100 
    2.9338    35.1773 
    2.9570    35.3106 
    3.0032    35.8321 
    3.0148    35.9675 
    3.0495    36.6010 
    3.0726    37.1188 
    3.0842    37.4333 
    3.1073    38.2630 
    3.1305    39.3255 
    3.1420    39.7193 
    3.1767    40.6378 
    3.2114    41.5827 
    3.2230    41.9606 
    3.2346    42.3385 
    3.2577    43.2834 
    3.2808    44.2282 
    3.3040    45.1730 
    3.3271    46.1179 
    3.3387    46.4958 
    3.3502    46.8737 
    3.3618    47.2517 
    3.3734    47.6296 
    3.3965    48.5744 
    3.4196    49.5193 
    3.4428    50.4641 
    3.4543    51.0310 
    3.4659    51.5979 
    3.4775    52.1648 
    3.4890    52.7317 
    3.5006    53.2986 
    3.5122    53.8655 
    3.5237    54.4324 
    3.5500    55.5688 
    3.6190    58.1410 
    3.6420    59.1698 
    3.6650    60.1987 
    3.6880    61.2276 
    3.7110    62.2564 
    3.7570    64.8286 
    3.8030    67.4008 
    3.8260    68.9441 
    3.8490    70.4874 
    3.8720    71.5162 
    3.9180    73.0595 
    3.9870    75.6317 
    4.0330    78.5399 
    4.0790    81.6192 
    4.1250    84.6985 
    4.1710    86.4541 
    4.2400    88.4925 
    4.3090    90.5503 
    4.4010    93.1224 
    4.4240    93.6369 
    4.4470    94.1513 
    4.4700    94.6657 
    4.4930    95.1802 
    4.5160    95.6946 
    4.5390    96.2090 
    4.5620    96.7235 
    4.6540    99.2956 
    4.7000   100.6718 
    4.7230   101.5398 
    4.7690   103.7094 
    4.7920   105.0120 
    4.8150   106.4379 
    4.8610   108.8238 
    4.8840   109.8065 
    4.9300   111.4151 
    4.9990   113.6260 
    5.0220   114.1782 
    5.1370   116.3892 
    5.1600   116.9414 
    5.1830   117.4946 
    5.2750   120.2578 
    5.3440   122.4687 
    5.4130   124.6786 
    5.4820   126.8896 
    5.5280   128.5472 
    5.5740   130.1620 
    5.6200   131.7050 
    5.6890   133.7630 
    5.7810   136.3350 
    5.8040   136.8490 
    5.8960   138.3930 
    5.9650   139.4210 
    6.0800   140.9650 
    6.1950   142.5080 
    6.3100   144.0510 
    6.3790   145.0800 
    6.4480   146.1090 
    6.5170   147.1380 
    6.5860   148.1670 
    6.6550   149.1960 
    6.7240   150.2250 
    6.7930   151.2530 
    6.8620   152.2820 
    6.9310   153.3110 
