    0.2000     0.0000 
    0.2620     0.4336 
    0.3240     0.8673 
    0.3860     1.3009 
    0.4480     1.5795 
    0.5100     1.7804 
    0.5720     1.9814 
    0.6340     2.1752 
    0.6960     2.3547 
    0.7580     2.5342 
    0.8200     2.7137 
    0.8820     2.9435 
    0.9440     3.1732 
    1.0060     3.4030 
    1.0680     3.6169 
    1.1300     3.8229 
    1.3780     4.7159 
    1.5640     5.4847 
    1.6880     5.9272 
    1.8740     6.6120 
    2.0600     7.4751 
    2.1840     7.9584 
    2.3080     8.4749 
    2.4940     9.1593 
    2.5560     9.3498 
    2.8660    10.0911 
    3.1760    10.7375 
    3.4860    11.3808 
    3.5480    11.5086 
    3.7340    11.9933 
    3.9200    12.4503 
    3.9820    12.7317 
    4.1060    13.4498 
    4.2300    14.1353 
    4.3540    14.7928 
    4.4780    15.4728 
    4.5400    15.7498 
    4.7260    16.5079 
    4.8500    17.0509 
    5.0360    17.7838 
    5.2840    18.5287 
    5.3460    18.6656 
    5.4080    18.8025 
    5.4700    18.9489 
    5.5320    19.1000 
    5.5940    19.2512 
    5.6560    19.3910 
    5.7180    19.5084 
    5.7800    19.6258 
    5.8420    19.7432 
    5.9040    19.8497 
    5.9660    19.9562 
    6.0280    20.0627 
    6.0900    20.1702 
    6.1520    20.2782 
    6.2140    20.3862 
    6.2760    20.4996 
    6.3380    20.6237 
    6.4000    20.7479 
    6.4620    20.8721 
    6.5240    21.0396 
    6.8340    21.7774 
    7.0820    22.3234 
    7.3300    22.7700 
    7.5780    23.2068 
    7.8260    23.6337 
    8.0740    24.1712 
    8.3220    24.6762 
    8.5700    25.2353 
    8.8180    25.8206 
    9.0660    26.4555 
    9.3140    27.0949 
    9.5620    27.7604 
    9.8100    28.4583 
   10.0580    29.1109 
   10.3060    29.7226 
   10.5540    30.2867 
   10.7400    30.6879 
   11.0500    31.2913 
   11.3600    31.8951 
   11.6700    32.5115 
   11.9800    33.1555 
   12.2900    33.7866 
   12.6000    34.3041 
