    0.1370     0.0178 
    0.2011     2.8861 
    0.2652     5.3589 
    0.2972     6.3587 
    0.3933     8.8355 
    0.4574    10.1601 
    0.5535    11.9782 
    0.5855    12.4971 
    0.7136    14.1787 
    0.8097    15.4852 
    0.9699    16.8670 
    1.1301    18.2832 
    1.1941    18.8206 
    1.3543    19.8603 
    1.5145    21.1254 
    1.6746    22.4180 
    1.8348    23.5960 
    1.9950    24.6956 
    2.1551    25.7259 
    2.3153    26.8453 
    2.4755    28.1835 
    2.6356    29.6505 
    2.7958    30.7733 
    2.9560    31.6203 
    3.0200    32.0440 
    3.1802    33.2532 
    3.2763    34.1404 
    3.3724    34.9633 
    3.4685    35.8107 
    3.5646    36.6507 
    3.6607    37.5465 
    3.7568    38.5045 
    3.8529    39.6431 
    3.9810    41.1647 
    4.1412    43.2224 
    4.3014    45.2801 
    4.3334    45.7946 
    4.4615    48.3667 
    4.5897    50.9389 
    4.6217    51.4533 
    4.6537    51.9678 
    4.6858    52.4822 
    4.7178    52.9966 
    4.7498    53.5111 
    4.7819    54.0255 
    4.9100    56.5977 
    5.0381    59.1698 
    5.0702    59.6843 
    5.2303    61.7420 
    5.3585    63.2853 
    5.4866    64.8286 
    5.6147    66.3719 
    5.7429    67.9152 
    5.9030    69.9729 
    5.9351    70.4874 
    5.9671    71.0018 
    6.0952    73.5740 
    6.1913    75.6317 
    6.2554    77.3081 
    6.3515    80.3875 
    6.4476    83.4668 
    6.5437    85.8093 
    6.6078    86.7765 
    6.7039    88.4925 
    6.8000    90.5503 
    6.8961    92.6080 
    6.9922    94.6657 
    7.0562    96.2090 
    7.1203    97.7523 
    7.1844    99.2956 
    7.2484   100.6718 
    7.3125   101.9733 
    7.3766   103.2758 
    7.4406   104.5774 
    7.5047   105.9623 
    7.6008   107.8628 
    7.6969   109.8065 
    7.7930   111.9673 
    7.8891   114.1782 
    7.9852   116.3892 
    8.0493   118.0468 
    8.1454   120.8100 
    8.1774   121.9155 
    8.2415   124.6786 
    8.3055   127.4418 
    8.3696   130.1620 
    8.4337   132.7340 
    8.4657   133.7630 
    8.5298   135.3060 
    8.5618   135.8200 
    8.7220   137.8780 
    8.8821   139.9360 
    9.0423   141.9940 
    9.0743   142.5080 
    9.1064   143.0220 
    9.1384   143.5370 
    9.1704   144.0510 
    9.2025   144.5660 
    9.2345   145.0800 
    9.2665   145.5950 
    9.2986   146.1090 
    9.3306   146.6230 
    9.4587   149.1960 
    9.5869   151.7680 
