    0.0050     0.0212 
    0.0490     2.1691 
    0.0930     4.1527 
    0.1517     6.3704 
    0.1663     6.9213 
    0.2397     9.2339 
    0.2983    10.9152 
    0.3423    12.1288 
    0.4157    13.4831 
    0.4890    15.1652 
    0.5623    16.6766 
    0.6063    17.4682 
    0.6210    17.8146 
    0.6797    20.1518 
    0.6943    20.6682 
    0.7090    21.1939 
    0.7677    22.8815 
    0.8117    24.1945 
    0.8850    26.5150 
    0.9143    27.3227 
    0.9877    28.8660 
    1.0610    29.8289 
    1.0903    30.1819 
    1.1637    31.0690 
    1.2077    31.7527 
    1.2663    32.9337 
    1.3397    34.9915 
    1.3543    35.5059 
    1.3690    36.0203 
    1.4277    38.5925 
    1.4863    41.1647 
    1.5450    43.7368 
    1.6037    46.3090 
    1.6623    48.8812 
    1.6770    49.3956 
    1.6917    49.9100 
    1.7650    51.9678 
    1.8237    53.5111 
    1.8677    54.5399 
    1.9117    55.5688 
    1.9557    56.5977 
    2.0290    58.1410 
    2.1023    59.6843 
    2.1757    61.2276 
    2.2490    62.7709 
    2.3223    64.3142 
    2.3957    65.8575 
    2.4690    67.4008 
    2.5423    68.9441 
    2.5863    69.9729 
    2.6450    71.5162 
    2.7183    73.5740 
    2.7330    74.0884 
    2.7917    76.6923 
    2.8503    79.7715 
    2.9090    82.8509 
    2.9677    85.4870 
    3.0263    87.0988 
    3.0850    89.5214 
    3.1437    92.0936 
    3.2023    94.6657 
    3.2610    97.2379 
    3.3197    99.8038 
    3.3783   101.9733 
    3.3930   102.4078 
    3.4663   104.1430 
    3.5397   105.9623 
    3.6130   107.8628 
    3.6863   109.8065 
    3.7010   110.3096 
    3.7597   113.0727 
    3.8037   115.2837 
    3.8330   116.9414 
    3.8770   119.7045 
    3.8917   120.8100 
    3.9210   123.5731 
    3.9503   126.3374 
    3.9797   129.1005 
    3.9943   130.1620 
    4.0383   132.7340 
    4.0677   134.2770 
    4.0970   135.8200 
    4.1263   137.3640 
    4.1557   138.9070 
    4.1850   140.4500 
    4.2143   141.9940 
    4.2583   144.5660 
    4.3023   147.1380 
    4.3463   149.7100 
    4.3610   150.7390 
    4.3757   151.7680 
