    0.5000    13.6962 
    0.5450    13.9438 
    0.5900    14.3193 
    0.6170    14.5950 
    0.6260    14.7329 
    0.6530    15.2738 
    0.6800    15.8900 
    0.7070    16.3876 
    0.7250    16.6353 
    0.7520    16.9357 
    0.7790    17.2465 
    0.8060    17.6433 
    0.8420    18.2114 
    0.8510    18.3241 
    0.8600    18.4349 
    0.8690    18.5457 
    0.8780    18.6567 
    0.8870    18.7675 
    0.8960    18.8798 
    0.9050    18.9921 
    0.9140    19.1045 
    0.9230    19.2168 
    0.9320    19.3268 
    0.9410    19.4295 
    0.9500    19.5321 
    0.9590    19.6347 
    1.0040    20.0610 
    1.0490    20.5680 
    1.0940    21.1472 
    1.1390    21.6939 
    1.1840    22.2342 
    1.2290    22.7085 
    1.2740    23.1981 
    1.3190    23.6944 
    1.3280    23.8184 
    1.3370    23.9425 
    1.3460    24.0530 
    1.3550    24.1541 
    1.3640    24.2551 
    1.3730    24.3561 
    1.3820    24.4571 
    1.3910    24.5818 
    1.4000    24.7095 
    1.4090    24.8374 
    1.4180    24.9651 
    1.4270    25.0874 
    1.4360    25.1839 
    1.4450    25.2805 
    1.4540    25.3770 
    1.4630    25.4736 
    1.4720    25.5710 
    1.5170    25.9648 
    1.5620    26.4556 
    1.6070    26.9327 
    1.6520    27.4396 
    1.6610    27.5726 
    1.6970    28.3598 
    1.7240    29.0078 
    1.7420    29.4462 
    1.7690    30.0704 
    1.7960    30.6426 
    1.8115    30.7733 
    1.8813    31.1932 
    1.9511    31.6203 
    2.0209    32.0440 
    2.0907    32.4199 
    2.1605    32.7892 
    2.2303    33.2532 
    2.3001    33.6703 
    2.3699    34.1404 
    2.4397    34.5917 
    2.5095    34.9633 
    2.6259    35.8107 
    2.6724    36.1833 
    2.7887    37.5465 
    2.8585    38.5045 
    2.9516    40.1649 
    3.0679    42.1935 
    3.0912    42.7080 
    3.1843    45.2801 
    3.2541    47.3379 
    3.3006    48.8812 
    3.3471    50.4245 
    3.4169    52.9966 
    3.4867    55.5688 
    3.5565    58.1410 
    3.6263    60.7131 
    3.6961    63.2853 
    3.7659    65.8575 
    3.8357    68.4296 
    3.8823    69.9729 
    3.9521    72.0307 
    4.0219    74.0884 
    4.0917    76.1461 
    4.1382    77.9239 
    4.1615    79.1557 
    4.1847    80.3875 
    4.2080    81.6192 
    4.2313    82.8509 
    4.2778    84.6985 
    4.3011    85.1646 
    4.4174    86.4541 
    4.4407    86.7765 
    4.4639    87.0988 
    4.4872    87.4637 
    4.5105    87.9781 
    4.5337    88.4925 
    4.6035    90.5503 
    4.6501    92.0936 
    4.6733    93.1224 
    4.7199    95.6946 
    4.7664    98.2668 
    4.8129   100.6718 
    4.8595   102.8414 
    4.8827   103.7094 
    4.9525   105.9623 
    4.9991   107.3872 
    5.0689   109.3147 
    5.1387   111.4151 
    5.2085   113.6260 
    5.2783   115.8359 
    5.3248   117.4946 
    5.3946   120.2578 
    5.4179   121.3633 
    5.4644   124.1264 
    5.4877   125.7841 
    5.5109   127.4418 
    5.5342   129.1005 
    5.5575   130.6760 
    5.6040   133.2480 
    5.6505   134.7920 
    5.6738   135.3060 
    5.7436   136.3350 
    5.7901   136.8490 
    5.9065   137.8780 
    5.9530   138.3930 
    6.0693   139.9360 
    6.1391   140.9650 
    6.2089   141.9940 
    6.2787   143.0220 
    6.3485   144.0510 
    6.4183   145.0800 
    6.5114   146.6230 
    6.6045   148.1670 
    6.6975   149.7100 
    6.7906   151.2530 
    6.8837   152.7970 