    0.0190     0.0178 
    0.0609     1.2694 
    0.1029     2.3285 
    0.1448     3.4625 
    0.1867     4.4197 
    0.2287     5.3782 
    0.2706     6.3849 
    0.2986     7.0877 
    0.3265     7.7539 
    0.3685     8.6246 
    0.3825     8.9413 
    0.4104     9.8702 
    0.4384    10.6646 
    0.4663    11.6320 
    0.4803    12.0254 
    0.4943    12.4439 
    0.5362    13.5444 
    0.5782    14.7786 
    0.6201    16.0118 
    0.6481    16.5524 
    0.6900    17.1419 
    0.7459    18.1405 
    0.7599    18.3608 
    0.7739    18.5764 
    0.8438    19.4350 
    0.8997    20.0488 
    0.9417    20.5348 
    0.9696    20.8225 
    1.0395    21.3675 
    1.1094    21.8963 
    1.1793    22.4021 
    1.2492    22.8602 
    1.3191    23.3427 
    1.3890    23.8252 
    1.4589    24.2494 
    1.5288    24.6881 
    1.5568    24.9366 
    1.6267    25.5326 
    1.6966    26.1381 
    1.7665    26.8476 
    1.8084    27.3287 
    1.8643    28.1932 
    1.9342    29.4182 
    1.9482    29.6628 
    1.9622    29.9068 
    1.9762    30.1454 
    1.9902    30.3841 
    2.0461    31.2839 
    2.1020    32.1444 
