    0.2000     3.9142 
    0.2390     4.0500 
    0.2780     4.1857 
    0.3170     4.3221 
    0.3560     4.4612 
    0.3950     4.6004 
    0.4340     4.7421 
    0.4730     4.9034 
    0.4964     4.9841 
    0.5198     5.0648 
    0.5432     5.1454 
    0.5666     5.2255 
    0.5900     5.3017 
    0.6134     5.3779 
    0.6368     5.4541 
    0.6602     5.5303 
    0.6836     5.6065 
    0.7070     5.6828 
    0.7304     5.7623 
    0.7538     5.8419 
    0.7928     6.0009 
    0.8318     6.1599 
    0.8708     6.3326 
    0.9098     6.5057 
    0.9488     6.6789 
    0.9878     6.8742 
    1.0268     7.0715 
    1.0658     7.2689 
    1.1048     7.4408 
    1.1438     7.6089 
    1.1828     7.7770 
    1.2218     7.9223 
    1.2608     8.0625 
    1.2998     8.2027 
    1.3388     8.3373 
    1.3544     8.4037 
    1.3778     8.5365 
    1.3856     8.6030 
    1.4012     8.7931 
    1.4168     9.1254 
    1.4246     9.3558 
    1.4324     9.5813 
    1.4402     9.7998 
    1.4480    10.0056 
    1.4558    10.1908 
    1.4636    10.3772 
    1.4714    10.5660 
    1.4792    10.7653 
    1.4870    10.9877 
    1.5026    11.3767 
    1.5182    11.7751 
    1.5260    11.9312 
    1.5494    12.3384 
    1.5650    12.5920 
    1.5884    12.9517 
    1.5962    13.0422 
    1.6352    13.3889 
    1.6664    13.6413 
    1.6898    13.8251 
    1.7132    14.0160 
    1.7366    14.2071 
    1.7600    14.4117 
    1.7912    14.7309 
    1.8302    15.1495 
    1.8380    15.2527 
    1.8458    15.3560 
    1.8536    15.4591 
    1.8614    15.5616 
    1.8692    15.6507 
    1.8926    16.0073 
    1.9082    16.2368 
    1.9316    16.5748 
    1.9550    16.8625 
    1.9628    16.9813 
    1.9784    17.2908 
    1.9940    17.6735 
    2.0096    18.1145 
    2.0174    18.2914 
    2.0408    18.7192 
    2.0564    18.9784 
    2.0720    19.2385 
    2.0954    19.6400 
    2.1188    20.0512 
    2.1266    20.2192 
    2.1422    20.7616 
    2.1578    21.3070 
    2.1734    21.8323 
    2.1890    22.3430 
    2.1968    22.5240 
    2.2202    22.9852 
    2.2358    23.2724 
    2.2592    23.6553 
    2.2904    24.1079 
    2.2982    24.1858 
    2.3294    24.4197 
    2.3528    24.6038 
    2.3918    24.8997 
    2.4308    25.1649 
    2.4464    25.2394 
    2.4854    25.3883 
    2.5244    25.5375 
    2.5634    25.6895 
    2.6024    25.8414 
    2.6414    25.9948 
    2.6804    26.1864 
    2.7194    26.3781 
    2.7584    26.5699 
    2.7740    26.6608 
    2.8130    26.9334 
    2.8364    27.1151 
    2.8676    27.4214 
    2.9066    27.8519 
    2.9144    27.9804 
    2.9222    28.1089 
    2.9534    28.7433 
    2.9846    29.3466 
    3.0080    29.7349 
    3.0314    30.1172 
    3.0548    30.4894 
    3.0782    30.7978 
    3.1016    31.0720 
    3.1250    31.3216 
    3.1562    31.6745 
    3.1640    31.7448 
    3.1952    31.9439 
    3.2186    32.0768 
    3.2576    32.2590 
    3.2966    32.4326 
    3.3122    32.4904 
    3.3278    32.5494 
    3.3434    32.6085 
    3.3590    32.6676 
    3.3980    32.8449 
    3.4370    33.0729 
    3.4760    33.3048 
    3.5150    33.5023 
    3.5540    33.6957 
    3.5930    33.9201 
    3.6164    34.0730 
    3.6476    34.2948 
    3.6866    34.5805 
    3.6944    34.6469 
    3.7256    34.9382 
    3.7490    35.1699 
    3.7646    35.3474 
    3.7880    35.7358 
    3.7958    35.8705 
    3.8114    36.1643 
    3.8270    36.5361 
    3.8348    36.7615 
    3.8426    36.9881 
    3.8504    37.2015 
    3.8582    37.4062 
    3.8660    37.6071 
    3.8738    37.8052 
    3.8894    38.1885 
    3.8972    38.3502 
    3.9206    38.8431 
    3.9362    39.1211 
    3.9596    39.4551 
    3.9908    39.8889 
    3.9986    39.9762 
    4.0064    40.0548 
    4.0142    40.1303 
    4.0220    40.2057 
    4.0298    40.2812 
    4.0376    40.3566 
    4.0454    40.4320 
    4.0532    40.5081 
    4.0610    40.5901 
    4.0688    40.6721 
    4.0766    40.7541 
    4.0844    40.8360 
    4.0922    40.9180 
    4.1000    41.0000 
    4.1324    41.2933 
    4.2343    42.4507 
    4.3361    43.6082 
    4.3972    44.3799 
    4.4584    45.1515 
    4.5399    46.3090 
    4.5602    46.6948 
    4.6418    48.6240 
    4.6621    49.0098 
    4.7640    50.5531 
    4.8455    51.7105 
    4.9474    53.2538 
    4.9677    53.6397 
    5.0085    54.7971 
    5.0492    55.9546 
    5.0696    56.7263 
    5.1104    58.6554 
    5.1511    60.5845 
    5.1919    62.5136 
    5.2123    63.2853 
    5.2734    65.2144 
    5.3141    66.3719 
    5.3753    67.9152 
    5.4568    69.8443 
    5.4771    70.2302 
    5.4975    70.6160 
    5.5179    71.0018 
    5.6197    72.5451 
    5.7012    73.7026 
    5.7828    74.8601 
    5.8439    75.6317 
    5.9050    76.4034 
    5.9661    77.3081 
    6.0273    78.2320 
    6.0884    79.1557 
    6.1495    80.0796 
    6.2106    81.0033 
    6.2717    81.9272 
    6.3329    82.8509 
    6.3940    83.7748 
    6.4551    84.6985 
    6.5163    85.3258 
    6.5774    85.8093 
    6.6385    86.2929 
    6.6996    86.7765 
    6.7607    87.2601 
    6.8219    87.9781 
    6.8830    88.7498 
    6.9441    89.5214 
    7.0053    90.2931 
    7.0868    91.4505 
    7.1886    92.9938 
    7.2905    94.5371 
    7.3109    94.9230 
    7.3312    95.3088 
    7.3516    95.6946 
    7.4331    97.6237 
    7.4943    99.1670 
    7.5350   100.2382 
    7.5961   101.8654 
    7.6165   102.5158 
    7.6573   104.1430 
    7.6980   105.8441 
    7.7387   107.6255 
    7.7795   109.4379 
    7.8202   111.4151 
    7.8610   113.4874 
    7.9017   115.5598 
    7.9221   116.8038 
    7.9425   118.0468 
    7.9629   119.2909 
    7.9833   120.5339 
    8.0036   121.7780 
    8.0240   123.0209 
    8.0444   124.2639 
    8.0648   125.5080 
    8.0851   126.7510 
    8.1055   127.9950 
    8.1259   129.2380 
    8.1463   130.4190 
    8.1666   131.5760 
    8.1870   132.7340 
    8.2074   133.8910 
    8.2278   135.0490 
    8.2481   136.2060 
    8.2685   137.3640 
    8.2889   138.5210 
    8.3093   139.6790 
    8.3296   140.8360 
    8.3500   141.9940 
