    0.1811     2.7959 
    0.2055     3.4258 
    0.2299     4.0093 
    0.2543     4.4901 
    0.2787     5.0187 
    0.3031     5.5641 
    0.3092     5.6710 
    0.3153     5.7821 
    0.3214     5.8936 
    0.3275     6.0051 
    0.3336     6.1167 
    0.3397     6.2338 
    0.3458     6.3553 
    0.3519     6.4767 
    0.3580     6.5982 
    0.3641     6.7234 
    0.3702     6.8617 
    0.3763     7.0001 
    0.3824     7.1385 
    0.4129     7.6333 
    0.4434     8.0556 
    0.4739     8.4377 
    0.5044     8.8008 
    0.5349     9.1818 
    0.5654     9.6065 
    0.5959    10.0030 
    0.6264    10.3500 
    0.6569    10.7045 
    0.6813    11.0164 
    0.6996    11.2311 
    0.7301    11.5703 
    0.7606    11.9007 
    0.7728    12.0101 
    0.8033    12.2385 
    0.8338    12.4757 
    0.8643    12.7187 
    0.8948    12.9729 
    0.9070    13.0999 
    0.9375    13.4600 
    0.9558    13.6962 
    0.9802    14.0982 
    1.0107    14.6746 
    1.0168    14.8238 
    1.0412    15.5507 
    1.0534    15.9267 
    1.0595    16.1602 
    1.0717    16.6275 
    1.0839    17.0368 
    1.0900    17.2042 
    1.1022    17.5161 
    1.1205    17.9853 
    1.1266    18.1106 
    1.1571    18.5967 
    1.1815    18.9591 
    1.1998    19.2023 
    1.2303    19.5441 
    1.2608    19.8830 
    1.2913    20.2366 
    1.3218    20.6949 
    1.3401    21.0136 
    1.3645    21.4579 
    1.3889    21.8988 
    1.4133    22.3290 
    1.4438    22.8375 
    1.4743    23.3747 
    1.5048    23.9119 
    1.5353    24.3644 
    1.5414    24.4750 
    1.5475    24.6133 
    1.5536    24.7516 
    1.5597    24.8899 
    1.5658    25.0283 
    1.5719    25.1430 
    1.5780    25.2475 
    1.5841    25.3520 
    1.5902    25.4565 
    1.6146    25.9880 
    1.6390    26.6557 
    1.6634    27.3144 
    1.6878    28.1051 
    1.7061    28.8153 
    1.7183    29.3263 
    1.7305    29.7347 
    1.7488    30.4025 
    1.7671    30.9496 
    1.7854    31.3950 
    1.8037    31.8812 
    1.8220    32.3208 
    1.8403    32.7316 
    1.8586    33.2350 
    1.8769    33.7028 
    1.8952    34.2322 
    1.9135    34.7132 
    1.9318    35.1209 
    1.9501    35.5933 
    1.9684    36.0573 
    1.9867    36.5506 
    2.0050    37.0793 
