    0.0200     1.0936 
    0.0289     1.1706 
    0.0377     1.2543 
    0.0466     1.3596 
    0.0820     1.9220 
    0.1175     2.5470 
    0.1529     3.1704 
    0.1883     3.7859 
    0.2238     4.2786 
    0.2592     4.7650 
    0.2947     5.3170 
    0.3301     5.8511 
    0.3567     6.3023 
    0.3833     6.7936 
    0.4098     7.3329 
    0.4276     7.6817 
    0.4453     7.9935 
    0.4630     8.2819 
    0.4807     8.5575 
    0.4984     8.8222 
    0.5250     9.2020 
    0.5339     9.3083 
    0.5782     9.7207 
    0.6136    10.0096 
    0.6491    10.2657 
    0.6845    10.5259 
    0.7111    10.7008 
    0.7554    11.0085 
    0.7997    11.2193 
    0.8263    11.3308 
    0.8528    11.4423 
    0.8706    11.5538 
    0.8971    11.7723 
    0.9060    11.8802 
    0.9414    12.4451 
    0.9503    12.5621 
    0.9592    12.6825 
    0.9680    12.8078 
    0.9769    12.9331 
    0.9857    13.0584 
    0.9946    13.1836 
    1.0035    13.3001 
    1.0478    13.7752 
    1.0832    14.1716 
    1.1098    14.4537 
    1.1541    14.8951 
    1.1984    15.3244 
    1.2250    15.6027 
    1.2604    15.9726 
    1.3047    16.3862 
    1.3136    16.4825 
    1.3224    16.5696 
    1.3490    16.8884 
    1.3579    17.0535 
    1.3756    17.5301 
    1.3844    17.7476 
    1.4022    18.1183 
    1.4287    18.5973 
    1.4642    19.1944 
    1.4730    19.3133 
    1.4819    19.4228 
    1.4908    19.5324 
    1.5351    19.9818 
    1.5794    20.5000 
    1.6237    21.1213 
    1.6680    21.7046 
    1.7123    22.2803 
    1.7566    22.7810 
    1.8009    23.3081 
    1.8097    23.4406 
    1.8186    23.5730 
    1.8274    23.7054 
    1.8363    23.8378 
    1.8452    23.9702 
    1.8540    24.0824 
    1.8983    24.5255 
    1.9426    25.0709 
    1.9869    25.4830 
    2.0312    25.9025 
    2.0755    26.4105 
    2.0844    26.5431 
    2.1198    27.1790 
    2.1553    27.9230 
    2.1641    28.1007 
    2.2084    28.8015 
    2.2439    29.3097 
    2.2704    29.5782 
    2.2970    29.8468 
    2.3236    30.1096 
    2.3502    30.3716 
    2.3768    30.6014 
    2.4033    30.8148 
    2.4299    31.0090 
    2.4565    31.1806 
    2.4831    31.3582 
    2.5097    31.5535 
    2.5362    31.7482 
    2.5628    31.9319 
    2.5983    32.1993 
    2.6071    32.2793 
    2.6426    32.6834 
    2.6780    33.1644 
    2.7134    33.6377 
    2.7223    33.7277 
    2.7312    33.8334 
    2.7400    33.9392 
    2.7489    34.0449 
    2.7577    34.1506 
    2.7666    34.2519 
    2.8109    34.6429 
    2.8552    34.9653 
    2.8641    35.0455 
    2.8729    35.1255 
    2.8818    35.2056 
    2.8995    35.4845 
    2.9084    35.6994 
    2.9261    36.1319 
    2.9349    36.4319 
    2.9438    36.7425 
    2.9527    37.0559 
    2.9615    37.3412 
    2.9704    37.5288 
    2.9970    38.0050 
    3.0235    38.4673 
    3.0324    38.6065 
    3.0413    38.7456 
    3.0767    39.1361 
    3.1033    39.3671 
    3.1476    39.7227 
    3.1919    40.0734 
    3.2362    40.3865 
    3.2805    40.7168 
    3.3248    41.0570 
    3.3691    41.3972 
    3.3957    41.6240 
    3.4222    41.8508 
    3.4577    42.1910 
    3.5020    42.6446 
    3.5108    42.7580 
    3.5374    43.2116 
    3.5551    43.5518 
    3.5817    44.1188 
    3.5906    44.3456 
    3.6083    44.9126 
    3.6260    45.4796 
    3.6437    46.0466 
    3.6526    46.3868 
    3.6615    46.7270 
    3.6703    47.0672 
    3.6792    47.4074 
    3.6969    47.9744 
    3.7146    48.3146 
    3.7235    48.4280 
    3.7501    48.6548 
    3.7944    48.9950 
    3.8121    49.1084 
    3.8564    49.3352 
    3.9007    49.5620 
    3.9184    49.6754 
    3.9627    50.0156 
    4.0070    50.3558 
    4.0513    50.6960 
    4.0779    50.9228 
    4.1133    51.2630 
    4.1576    51.7166 
    4.1665    51.8300 
    4.2019    52.3970 
    4.2285    52.8506 
    4.3222    54.0255 
    4.3515    54.5399 
    4.4685    57.1121 
    4.5856    59.6843 
    4.7027    62.2564 
    4.7319    62.7709 
    4.7612    63.2853 
    4.7905    63.7997 
    4.8197    64.3142 
    4.8490    64.8286 
    4.8783    65.3430 
    4.9075    65.8575 
    4.9368    66.3719 
    4.9661    66.8863 
    4.9953    67.4008 
    5.0246    67.9152 
    5.1417    70.4874 
    5.1709    71.0018 
    5.2002    71.5162 
    5.2295    72.0307 
    5.3758    74.0884 
    5.4051    74.6028 
    5.4343    75.1173 
    5.4636    75.6317 
    5.4929    76.1461 
    5.5221    76.6923 
    5.5514    77.3081 
    5.6685    80.3875 
    5.7855    83.4668 
    5.9026    85.8093 
    5.9319    86.1317 
    5.9611    86.4541 
    5.9904    86.7765 
    6.1367    88.4925 
    6.1660    89.0070 
    6.2831    91.5791 
    6.3709    93.6369 
    6.4294    95.1802 
    6.5172    97.7523 
    6.5465    98.7812 
    6.6050   101.1053 
    6.6635   103.2758 
    6.6928   104.1430 
    6.7806   105.9623 
    6.8099   106.4379 
    6.9562   108.3375 
    7.1025   110.3096 
    7.2489   112.5205 
    7.2781   113.0727 
    7.3074   113.6260 
    7.3367   114.1782 
    7.3659   114.7304 
    7.3952   115.2837 
    7.4245   115.8359 
    7.5123   118.0468 
    7.5708   119.7045 
    7.6586   122.4687 
    7.6879   123.5731 
    7.7464   126.3374 
    7.8049   129.1005 
    7.8635   131.7050 
    7.9220   134.2770 
    7.9513   135.3060 
    8.0098   136.8490 
    8.0976   138.9070 
    8.2147   141.4790 
    8.2439   141.9940 
    8.2732   142.5080 
    8.3025   143.0220 
    8.3317   143.5370 
    8.3610   144.0510 
    8.3903   144.5660 
    8.4195   145.0800 
    8.5366   147.6520 
    8.6244   149.7100 
    8.6829   151.2530 
    8.7415   152.7970 
