    0.0200     0.0178 
    0.0766     1.6099 
    0.1332     3.1358 
    0.1898     4.4769 
    0.2464     5.7863 
    0.2841     6.6396 
    0.3407     7.8667 
    0.3973     8.7847 
    0.4539     9.7654 
    0.5294    10.8841 
    0.5483    11.1372 
    0.5671    11.4116 
    0.5860    11.6853 
    0.6049    11.9516 
    0.6237    12.2267 
    0.6426    12.5154 
    0.6615    12.8164 
    0.6803    13.1258 
    0.6992    13.4173 
    0.7181    13.7058 
    0.8124    15.0890 
    0.8879    16.0660 
    0.9445    16.5454 
    1.0388    17.1444 
    1.1331    17.9339 
    1.2275    18.8245 
    1.3218    19.6770 
    1.4161    20.6149 
    1.5105    21.7239 
    1.5482    22.0799 
    1.6425    22.7235 
    1.7369    23.3715 
    1.8312    24.0195 
    1.9255    24.5737 
    2.0199    25.2040 
    2.0576    25.4583 
    2.1142    25.9759 
    2.1897    26.9348 
    2.2085    27.2604 
    2.2274    27.6108 
    2.3029    29.6301 
    2.3783    31.0718 
    2.4538    32.2053 
    2.5293    33.3161 
    2.5481    33.5385 
    2.5670    33.7655 
    2.5859    34.0264 
    2.6047    34.2810 
    2.6236    34.5250 
    2.6425    34.7422 
    2.7179    35.8536 
    2.7934    37.0476 
    2.8689    38.2583 
    2.8877    38.5694 
    2.9821    39.7963 
    3.0764    40.8851 
    3.1707    42.0050 
    3.1896    42.2850 
    3.2651    43.6848 
    3.3405    45.0846 
    3.4160    46.4845 
    3.4349    46.7644 
    3.4537    47.0444 
    3.4726    47.3244 
    3.5669    48.4442 
    3.6613    49.5641 
    3.6801    49.8441 
    3.6990    50.1240 
    3.7179    50.4040 
    3.7367    50.6840 
    3.7556    50.9639 
    3.7745    51.2439 
    3.7933    51.5239 
    3.8122    51.8038 
    3.8311    52.0838 
    3.8499    52.3638 
    3.8688    52.6437 
    3.9631    53.7636 
    4.0575    54.8835 
    4.1518    56.0033 
    4.1707    56.2833 
    4.1895    56.5633 
    4.2084    56.8432 
    4.2273    57.1232 
    4.2461    57.4032 
    4.2650    57.6831 
    4.2839    57.9631 
    4.3027    58.2431 
    4.3216    58.5230 
    4.3405    58.8030 
    4.3593    59.0830 
    4.3782    59.3629 
    4.3971    59.6429 
    4.4725    61.0427 
    4.5480    62.4426 
    4.5669    62.7225 
    4.6612    63.8424 
    4.7555    64.9623 
    4.8499    66.0821 
    4.9442    67.2020 
    5.0385    68.3219 
    5.1329    69.4417 
    5.1517    69.7217 
    5.1706    70.0017 
    5.1895    70.2816 
    5.2083    70.5616 
    5.2272    70.8416 
    5.2461    71.1215 
    5.3027    72.2414 
    5.3404    73.0813 
    5.3970    74.4811 
    5.4536    75.8810 
    5.4725    76.4409 
    5.5102    78.1051 
    5.5479    79.7810 
    5.5857    81.4568 
    5.6234    83.1326 
    5.6611    84.8086 
    5.6800    85.2507 
