    0.0500     0.0178 
    0.0842     0.9064 
    0.1183     1.2655 
    0.1525     1.7524 
    0.1867     2.3194 
    0.2208     2.8861 
    0.2550     3.4491 
    0.3917     5.8439 
    0.5283     8.4304 
    0.6650    10.5520 
    0.8017    13.0561 
    0.8358    13.5932 
    1.0067    16.0544 
    1.1092    16.8670 
    1.2117    17.7241 
    1.2800    18.2832 
    1.3825    18.8206 
    1.4850    19.3592 
    1.5875    19.8603 
    1.6900    20.4197 
    1.7925    21.1254 
    1.8950    21.7859 
    1.9975    22.4180 
    2.1000    22.9953 
    2.2025    23.5960 
    2.3733    24.6956 
    2.5442    25.7259 
    2.7150    26.8453 
    2.7833    27.4527 
    2.8858    28.9729 
    2.9200    29.6505 
    2.9542    30.2504 
    2.9883    30.7733 
    3.0225    31.1932 
    3.1592    33.2532 
    3.2958    35.3267 
    3.4325    37.5465 
    3.4667    37.9749 
    3.5008    38.5045 
    3.5350    39.1134 
    3.7058    41.1647 
    3.7400    41.6791 
    3.7742    42.1935 
    3.8083    42.7080 
    3.8425    43.2224 
    3.8767    43.7368 
    3.9108    44.2513 
    3.9450    44.7657 
    3.9792    45.2801 
    4.0133    45.7946 
    4.0475    46.3090 
    4.0817    46.8234 
    4.2525    48.8812 
    4.3892    50.4245 
    4.5258    51.9678 
    4.6625    53.5111 
    4.7992    55.0544 
    4.9700    57.1121 
    5.1408    59.1698 
    5.3117    61.2276 
    5.4825    63.2853 
    5.6533    65.3430 
    5.6875    65.8575 
    5.7217    66.3719 
    5.7558    66.8863 
    5.7900    67.4008 
    5.8242    67.9152 
    5.8583    68.4296 
    5.8925    68.9441 
    5.9267    69.4585 
    5.9608    69.9729 
    5.9950    70.4874 
    6.1317    73.0595 
    6.2342    75.1173 
    6.3025    76.6923 
    6.3708    78.5399 
    6.4392    80.3875 
    6.5075    82.2351 
    6.5758    84.0827 
    6.6442    85.4870 
    6.7467    86.7765 
    6.7808    87.0988 
    6.9517    89.0070 
    6.9858    89.5214 
    7.0200    90.0358 
    7.0542    90.5503 
    7.0883    91.0647 
    7.1225    91.5791 
    7.1567    92.0936 
    7.1908    92.6080 
    7.3275    95.1802 
    7.4300    97.2379 
    7.4983    98.7812 
    7.5667   100.2382 
    7.6350   101.5398 
    7.7033   102.8414 
    7.8058   104.5774 
    7.9425   106.9125 
    7.9767   107.3872 
    8.0108   107.8628 
    8.1817   109.8065 
    8.3525   111.9673 
    8.5233   114.1782 
    8.6942   116.3892 
    8.7283   116.9414 
    8.8650   119.7045 
    8.9675   121.9155 
    9.0358   123.5731 
    9.1383   126.3374 
    9.1725   127.4418 
    9.2408   130.1620 
    9.3092   132.7340 
    9.3775   135.3060 
    9.4117   136.3350 
    9.4800   137.8780 
    9.5825   139.9360 
    9.6850   141.9940 
    9.7533   143.5370 
    9.8217   145.0800 
    9.8900   146.6230 
    9.9925   149.1960 
   10.0950   151.7680 
