    0.0890     5.3230 
    0.1185     5.8881 
    0.1480     6.5534 
    0.1776     7.3162 
    0.2072     8.1065 
    0.2367     8.8784 
    0.2662     9.6161 
    0.2958    10.3449 
    0.3056    10.6419 
    0.3253    11.4992 
    0.3451    12.2475 
    0.3648    12.8538 
    0.3845    13.4424 
    0.3943    13.7045 
    0.4239    14.4898 
    0.4436    14.9454 
    0.4731    15.5050 
    0.5027    16.0586 
    0.5223    16.4511 
    0.5519    17.0398 
    0.5617    17.2450 
    0.5716    17.4410 
    0.5913    17.9169 
    0.6011    18.1255 
    0.6209    18.4721 
    0.6307    18.5901 
    0.6800    19.1184 
    0.7194    19.5132 
    0.7588    19.9171 
    0.7982    20.3268 
    0.8277    20.6024 
    0.8572    20.8836 
    0.8868    21.1646 
    0.9164    21.4453 
    0.9459    21.7299 
    0.9755    22.0183 
    1.0050    22.3273 
    1.0346    22.6460 
    1.0740    23.1409 
    1.1232    23.8280 
    1.1330    24.0129 
    1.1429    24.2112 
    1.1823    25.2196 
    1.2119    26.0421 
    1.2414    26.9338 
    1.2710    27.7648 
    1.3103    28.8050 
    1.3202    28.9728 
    1.3596    29.3800 
    1.3892    29.6176 
    1.4088    29.7321 
    1.4581    29.9610 
    1.5074    30.1337 
    1.5566    30.2971 
    1.6059    30.4501 
    1.6551    30.6029 
    1.7044    30.7552 
    1.7536    30.9148 
    1.8029    31.0851 
    1.8521    31.2604 
    1.9014    31.4392 
    1.9506    31.6283 
    1.9703    31.7244 
    1.9900    31.8205 
