    0.1135     0.0212 
    0.1225     1.0844 
    0.1315     1.3921 
    0.1405     1.8028 
    0.1495     2.2668 
    0.1585     2.7809 
    0.1675     3.3055 
    0.1765     3.8382 
    0.1900     4.6441 
    0.2035     5.3940 
    0.2170     6.1568 
    0.2305     7.1206 
    0.2440     8.1525 
    0.2575     9.1475 
    0.2620     9.5326 
    0.2710    10.4834 
    0.2800    11.5947 
    0.2890    12.5031 
    0.2935    12.9727 
    0.2980    13.4344 
    0.3025    13.9855 
    0.3070    14.6191 
    0.3115    15.1848 
    0.3160    15.7343 
    0.3205    16.2711 
    0.3250    16.5997 
    0.3340    17.0521 
    0.3385    17.1880 
    0.3475    17.3164 
    0.3565    17.4447 
    0.3790    17.6874 
    0.3925    17.8088 
    0.4150    18.0818 
    0.4375    18.3776 
    0.4465    18.5321 
    0.4690    19.0436 
    0.4780    19.2163 
    0.4870    19.3885 
    0.5095    19.7374 
    0.5185    19.9143 
    0.5275    20.0916 
    0.5365    20.2715 
    0.5455    20.4513 
    0.5545    20.6327 
    0.5770    21.0007 
    0.5995    21.3683 
    0.6220    21.7397 
    0.6445    22.1180 
    0.6535    22.3265 
    0.6760    22.9625 
    0.6895    23.4008 
    0.7075    24.1053 
    0.7300    25.1586 
    0.7345    25.4264 
    0.7390    25.6960 
    0.7435    25.9657 
    0.7480    26.2444 
    0.7525    26.5391 
    0.7705    27.9450 
    0.7885    29.1807 
    0.8065    29.9473 
    0.8110    30.0673 
    0.8335    30.4826 
    0.8560    30.8859 
    0.8740    31.2234 
    0.8920    31.5817 
    0.9100    31.9864 
    0.9235    32.2154 
    0.9460    32.5855 
    0.9685    33.1254 
    0.9910    33.6653 
    1.0135    34.2052 
    1.0360    34.7452 
    1.0495    35.1051 
    1.0630    35.4651 
    1.0810    36.0050 
    1.0990    36.5449 
    1.1170    37.0848 
    1.1350    37.6248 
    1.1575    38.3447 
    1.1620    38.5246 
    1.1665    38.7046 
    1.1710    38.8846 
    1.1890    39.7845 
    1.2025    40.5044 
    1.2160    41.2243 
    1.2295    41.9442 
    1.2430    42.6641 
    1.2565    43.3840 
    1.2700    44.1039 
    1.2790    44.6438 
    1.2880    45.1837 
    1.2970    45.7236 
    1.3060    46.2636 
    1.3150    46.8035 
    1.3285    47.7034 
    1.3330    48.0633 
    1.3375    48.4233 
    1.3465    49.3231 
    1.3555    50.2230 
    1.3645    51.1229 
    1.3690    51.4828 
    1.3825    52.3827 
    1.3915    52.9226 
    1.4050    53.6425 
    1.4230    54.5424 
    1.4275    54.7224 
    1.4500    55.4423 
    1.4725    56.1622 
    1.4770    56.3422 
    1.4950    57.2420 
    1.4995    57.4220 
    1.5040    57.6020 
    1.5085    57.7820 
    1.5130    57.9619 
    1.5355    58.6818 
    1.5400    58.8618 
    1.5580    59.7617 
    1.5715    60.4816 
    1.5805    61.0215 
    1.5895    61.5614 
    1.5985    62.1014 
    1.6075    62.6413 
    1.6210    63.3612 
    1.6390    64.2611 
    1.6435    64.4410 
    1.6480    64.6210 
    1.6525    64.8010 
    1.6570    64.9810 
    1.6615    65.1609 
    1.6660    65.3409 
    1.6705    65.5209 
    1.6750    65.7009 
    1.6795    65.8808 
    1.6840    66.0608 
    1.6885    66.2408 
    1.6930    66.4208 
    1.6975    66.6007 
    1.7020    66.7807 
    1.7065    66.9607 
    1.7110    67.1407 
    1.7155    67.3206 
    1.7200    67.5006 
    1.7245    67.6806 
    1.7290    67.8606 
    1.7335    68.0406 
    1.7380    68.2205 
    1.7425    68.4005 
    1.7470    68.5805 
    1.7515    68.7604 
    1.7560    68.9404 
    1.7605    69.1204 
    1.7830    69.8403 
    1.8055    70.5602 
    1.8280    71.2801 
    1.8505    72.0000 
