    0.1100     0.0178 
    0.2200     2.8861 
    0.3300     5.3589 
    0.4033     6.9311 
    0.4767     8.4304 
    0.5500     9.7435 
    0.6233    10.9916 
    0.6967    12.4971 
    0.7700    14.1787 
    0.8433    16.0544 
    0.9533    17.7241 
    1.1000    20.4197 
    1.1367    21.1254 
    1.1733    21.7859 
    1.2100    22.4180 
    1.3933    24.6956 
    1.5767    26.8453 
    1.6133    27.4527 
    1.7600    30.7733 
    1.8700    32.4199 
    1.9433    33.6703 
    1.9800    34.5917 
    2.0533    36.6507 
    2.0900    37.5465 
    2.1633    39.1134 
    2.2000    39.6431 
    2.2367    40.1649 
    2.2733    40.6502 
    2.4567    42.7080 
    2.6400    44.7657 
    2.6767    45.2801 
    2.7133    45.7946 
    2.7500    46.3090 
    2.8967    48.8812 
    3.0433    51.4533 
    3.0800    51.9678 
    3.1167    52.4822 
    3.1533    52.9966 
    3.1900    53.5111 
    3.2267    54.0255 
    3.4100    56.0832 
    3.4467    56.5977 
    3.4833    57.1121 
    3.5200    57.6265 
    3.5567    58.1410 
    3.5933    58.6554 
    3.6300    59.1698 
    3.6667    59.6843 
    3.7033    60.1987 
    3.7400    60.7131 
    3.7767    61.2276 
    3.9600    63.2853 
    4.1433    65.3430 
    4.1800    65.8575 
    4.2167    66.3719 
    4.2533    66.8863 
    4.2900    67.4008 
    4.3267    67.9152 
    4.5100    69.9729 
    4.6933    72.0307 
    4.8767    74.0884 
    5.0600    76.1461 
    5.2433    78.5399 
    5.2800    79.1557 
    5.3167    79.7715 
    5.3533    80.3875 
    5.3900    81.0033 
    5.4267    81.6192 
    5.4633    82.2351 
    5.5000    82.8509 
    5.5367    83.4668 
    5.5733    84.0827 
    5.6100    84.6985 
    5.6467    85.1646 
    5.6833    85.4870 
    5.7200    85.8093 
    5.7567    86.1317 
    5.9400    87.4637 
    6.1233    89.5214 
    6.3067    91.5791 
    6.3433    92.0936 
    6.3800    92.6080 
    6.4167    93.1224 
    6.4533    93.6369 
    6.4900    94.1513 
    6.5267    94.6657 
    6.5633    95.1802 
    6.6000    95.6946 
    6.6367    96.2090 
    6.6733    96.7235 
    6.7100    97.2379 
    6.7467    97.7523 
    6.7833    98.2668 
    6.8200    98.7812 
    6.8567    99.2956 
    6.8933    99.8038 
    6.9300   100.2382 
    6.9667   100.6718 
    7.0033   101.1053 
    7.0400   101.5398 
    7.0767   101.9733 
    7.1133   102.4078 
    7.1500   102.8414 
    7.1867   103.2758 
    7.2233   103.7094 
    7.2600   104.1430 
    7.2967   104.5774 
    7.3333   105.0120 
    7.5167   106.9125 
    7.6633   108.3375 
    7.7733   109.3147 
    7.8833   110.3096 
    7.9933   111.4151 
    8.1033   112.5205 
    8.2500   114.1782 
    8.4333   116.3892 
    8.4700   116.9414 
    8.5800   119.1523 
    8.6533   120.8100 
    8.7633   123.5731 
    8.8000   124.6786 
    8.8733   127.4418 
    8.9467   130.1620 
    9.0200   132.7340 
    9.0567   133.7630 
    9.1300   135.3060 
    9.1667   135.8200 
    9.2767   136.8490 
    9.3500   137.3640 
    9.5333   138.3930 
    9.7167   139.4210 
    9.7900   139.9360 
    9.9733   141.4790 
   10.0833   142.5080 
   10.2300   144.0510 
   10.4133   146.1090 
   10.4500   146.6230 
   10.4867   147.1380 
   10.5233   147.6520 
   10.5600   148.1670 
   10.5967   148.6810 
   10.6333   149.1960 
   10.7800   151.7680 
