    0.1416     0.0178 
    0.1747     2.8861 
    0.1913     3.9770 
    0.2411     6.3587 
    0.2742     8.0013 
    0.3240     9.7435 
    0.3738    11.4838 
    0.4401    14.1787 
    0.4567    14.8349 
    0.4733    15.4852 
    0.4898    16.0544 
    0.5064    16.5018 
    0.5230    16.8670 
    0.5893    18.2832 
    0.6225    18.8206 
    0.7054    19.8603 
    0.7883    21.1254 
    0.8712    22.4180 
    0.9542    23.5960 
    1.0371    24.6956 
    1.1200    25.7259 
    1.1532    26.2589 
    1.2361    27.4527 
    1.3190    28.9729 
    1.3522    29.6505 
    1.4019    30.7733 
    1.4683    32.0440 
    1.5512    33.6703 
    1.5678    34.1404 
    1.5843    34.5917 
    1.6009    34.9633 
    1.6175    35.3267 
    1.6838    37.5465 
    1.7004    37.9749 
    1.7668    39.6431 
    1.8165    40.6502 
    1.8663    41.6791 
    1.9326    43.2224 
    2.0155    45.2801 
    2.0321    45.7946 
    2.0984    48.3667 
    2.1150    48.8812 
    2.1316    49.3956 
    2.1482    49.9100 
    2.2311    51.9678 
    2.3140    54.0255 
    2.3969    56.0832 
    2.4632    57.6265 
    2.5462    59.6843 
    2.6291    61.7420 
    2.7120    63.7997 
    2.7949    65.8575 
    2.8778    67.9152 
    2.8944    68.4296 
    2.9110    68.9441 
    2.9276    69.4585 
    2.9442    69.9729 
    3.0105    72.5451 
    3.0602    74.6028 
    3.0934    76.1461 
    3.1432    79.1557 
    3.1763    81.0033 
    3.2261    83.4668 
    3.2758    85.4870 
    3.3256    86.7765 
    3.3588    87.9781 
    3.3919    89.5214 
    3.4417    92.0936 
    3.4583    93.1224 
    3.4914    95.6946 
    3.5246    98.2668 
    3.5578   100.6718 
    3.5743   101.5398 
    3.6241   103.7094 
    3.6738   105.9623 
    3.7070   107.3872 
    3.7567   109.3147 
    3.8065   111.4151 
    3.8563   113.6260 
    3.9060   115.8359 
    3.9392   117.4946 
    3.9889   120.2578 
    4.0055   121.3633 
    4.0387   124.1264 
    4.0718   126.8896 
    4.1050   129.6470 
    4.1216   130.6760 
    4.1547   132.2190 
    4.1713   132.7340 
    4.2377   134.2770 
    4.3206   135.8200 
    4.3537   136.3350 
    4.4367   137.3640 
    4.4698   137.8780 
    4.5527   139.4210 
    4.6357   140.9650 
    4.7186   142.5080 
    4.7683   143.5370 
    4.8347   145.0800 
    4.9176   147.1380 
    4.9342   147.6520 
    5.0005   150.2250 
    5.0503   152.2820 
