    0.0050     3.4358 
    0.1340     4.0431 
    0.2629     4.5667 
    0.3403     4.8289 
    0.4434     5.4350 
    0.5724     6.2694 
    0.5982     6.5150 
    0.7013     7.6184 
    0.7787     8.2834 
    0.8303     8.8195 
    0.8819     9.3169 
    0.9334     9.7299 
    0.9850    10.1385 
    1.0366    10.5585 
    1.1140    11.2427 
    1.1913    11.9440 
    1.2429    12.4653 
    1.3203    13.0272 
    1.4235    13.7290 
    1.4492    13.8617 
    1.4750    14.0166 
    1.5008    14.1951 
    1.5266    14.3736 
    1.5524    14.5527 
    1.6813    15.2774 
    1.7845    15.8063 
    1.8619    16.1276 
    1.9392    16.4311 
    2.0166    16.7339 
    2.0940    17.0543 
    2.1972    17.5320 
    2.3261    18.1550 
    2.3519    18.2770 
    2.3777    18.3837 
    2.4035    18.4903 
    2.4293    18.6083 
    2.4551    18.7402 
    2.4808    18.8721 
    2.5066    19.0129 
    2.5324    19.1843 
    2.5582    19.3558 
    2.5840    19.5273 
