    0.0400    14.6286 
    0.0992    16.2248 
    0.1584    17.6621 
    0.2028    18.4851 
    0.2472    19.3703 
    0.2916    20.2082 
    0.3360    21.2132 
    0.3804    22.0829 
    0.4248    22.8002 
    0.4692    23.6851 
    0.5136    24.9799 
    0.5580    26.1190 
    0.6024    27.2439 
    0.6468    29.0622 
    0.6912    30.2737 
    0.7356    31.8091 
    0.7800    32.8540 
    0.8244    33.1208 
    0.8688    33.9875 
    0.9132    35.1293 
    0.9576    36.4269 
    1.0020    38.3072 
    1.0464    40.1523 
    1.0908    42.4513 
    1.1352    44.3236 
    1.1796    46.0950 
    1.2240    47.8740 
    1.2684    50.1952 
    1.3128    52.6336 
    1.3572    55.2620 
    1.4016    57.4537 
    1.4460    59.3152 
    1.4904    60.6153 
    1.5348    61.5853 
    1.5792    62.3480 
    1.6236    63.0171 
    1.6680    63.8100 
    1.7124    64.7779 
    1.7568    65.7831 
    1.8012    66.6522 
    1.8604    68.2572 
    1.9344    72.0665 
    1.9492    73.1361 
    1.9936    80.7197 
    2.0232    82.8134 
    2.0676    85.3011 
    2.1120    87.5926 
    2.1564    91.7441 
    2.2008    98.3810 
    2.2304   101.1566 
    2.2748   104.6188 
    2.3192   107.9209 
    2.3636   112.8412 
    2.4080   119.9587 
    2.4672   127.6283 
    2.4820   129.2225 
    2.4968   130.5431 
    2.5708   135.7976 
    2.5856   136.5612 
    2.6004   137.0481 
    2.6596   139.5610 
    2.7188   143.6118 
    2.7632   145.9443 
    2.8076   149.6058 
