0	0.72
0.02	0.7
0.04	0.24
0.06	1.09
0.08	0.82
0.1	0.92
0.12	0.87
0.14	0.89
0.16	1.02
0.18	0.69
0.2	0.94
0.22	0.94
0.24	0.85
0.26	1.05
0.28	1.03
0.3	0.95
0.32	0.95
0.34	0.91
0.36	1.11
0.38	1.18
0.4	1.03
0.42	1.08
0.44	0.99
0.46	0.78
0.48	1.01
0.5	0.66
0.52	1.1
0.54	0.91
0.56	0.97
0.58	0.99
0.6	0.72
0.62	0.63
0.64	0.58
0.66	0.47
0.68	0.48
0.7	0.37
0.72	0.77
0.74	0.54
0.76	0.88
0.78	0.66
0.8	0.62
0.82	0.78
0.84	0.28
0.86	0.16
0.9	0.21
0.92	0.14
0.96	0.16
0.98	-0.27
1	0.22
1.02	0.25
1.04	0.71
1.06	0.38
1.08	0.32
1.1	0.7
1.12	0.32
1.14	0.4
1.16	0.34
1.16	0.32
1.18	0.35
1.18	0.28
1.2	0.88
1.2	-0.14
1.22	0.37
1.22	0.38
1.24	0.38
1.24	0.23
1.26	0.34
1.28	0.24
1.3	0.4
1.34	-0.02
1.36	0.18
1.36	0.18
1.38	0.66
1.38	0.26
1.4	0.55
1.4	0.42
1.42	0.21
1.42	0.43
1.44	0.44
1.46	0.46
1.48	0.37
1.5	0.35
1.52	0
1.54	0.6
1.56	0.46
1.58	0.35
1.6	0.42
1.62	0.12
1.66	0.19
1.68	0.13
1.74	0.42
1.8	0.26
1.82	0.52
1.84	0.9
1.86	1.25
1.9	0.74
1.92	0.6
1.94	0.81
1.96	0.81
1.98	0.7
2	-0.05
2.02	0.38
2.04	0.81
2.06	0.49
2.08	0.39
2.1	0.34
2.12	0.92
2.14	0.87
2.16	0.8
2.18	0.75
2.2	0.84
2.22	1.02
2.24	0.62
2.26	0.52
2.28	0.37
2.3	0.92
2.32	0.8
2.34	0.31
2.36	0.67
2.38	0.51
2.4	0.76
2.44	0.47
2.46	0.82
2.48	0.21
2.5	-0.08
2.52	0.35
2.54	0.38
2.56	0.52
2.58	0.31
2.58	0.29
2.6	0.5
2.6	0.19
2.62	0.21
2.78	0.51
2.78	0.6
2.8	0.57
2.84	0.29
2.86	0.55
2.88	0.74
2.9	0.62
2.92	0.51
2.94	0.71
2.94	0.49
2.96	0.64
2.98	0.89
3	0.73
3.02	1
3.04	0.65
3.06	0.75
3.08	0.78
3.1	0.86
3.12	0.96
3.14	0.61
3.16	0.9
3.18	0.9
3.2	0.71
3.22	0.44
3.24	0.62
3.26	0.72
3.28	1
3.3	0.75
3.32	0.84
3.34	0.73
3.36	0.8
3.38	0.55
3.4	0.74
3.42	0.04
3.44	0.38
3.46	0.26
3.48	0.17
3.58	0.85
3.6	0.94
3.62	0.91
3.64	0.69
3.66	0.84
3.68	0.83
3.7	0.8
3.72	0.95
3.74	0.3
3.76	0.4
3.78	0.77
3.8	0.13
3.82	0.85
3.84	0.83
3.88	0.64
3.9	0.67
3.92	0.66
3.94	0.71
3.96	1.02
3.98	1.05
4	0.65
4.02	0.52
4.04	0.82
4.06	0.41
4.08	0.36
4.1	0.75
4.12	0.58
4.14	0.58
4.16	0.83
4.18	0.9
4.2	0.33
4.22	0.52
4.24	0.65
4.26	-0.27
4.28	0.76
4.3	0.4
4.34	0.34
4.36	0.16
4.38	0.05
4.4	-0.04
4.42	0.71
4.44	0.65
4.46	0.69
4.5	0.11
4.52	-0.07
4.58	-0.14
4.64	-0.08
4.68	-0.04
4.7	-0.39
4.72	0.15
4.74	0.33
4.76	0.89
4.78	0.49
4.8	0.6
4.82	0.13
4.84	0.47
4.86	0.58
4.88	0.39
4.9	0.46
4.92	0.69
4.94	0.62
4.96	0.34
4.98	0.62
5	0.84
5.02	0.76
5.04	0.56
5.06	0.83
5.08	0.63
5.1	0.97
5.12	0.8
5.14	0.96
5.16	0.87
5.18	0.75
5.2	0.64
5.22	0.74
5.24	0.49
5.26	0.8
5.28	0.64
5.3	0.62
5.32	0.71
5.34	0.62
5.36	0.62
5.38	0.17
5.4	0.35
5.42	0.73
5.44	0.87
5.46	0.85
5.48	0.5
5.5	0.75
5.52	0.64
5.54	0.96
5.56	0.61
5.58	0.55
5.6	0.87
5.62	0.56
5.64	0.67
5.66	0.87
5.68	0.85
5.7	0.82
5.72	0.74
5.74	0.82
5.76	0.69
5.78	0.53
5.8	0.49
5.82	0.59
5.84	0.28
5.86	0.5
5.88	0.4
5.9	0.31
5.92	0.62
5.96	0.54
5.98	0.7
6	0.78
6.02	0.74
6.04	0.8
6.06	0.26
6.08	0.76
6.1	0.93
6.12	0.96
6.14	0.7
6.16	0.69
6.18	0.77
6.2	0.69
6.22	0.63
6.24	0.68
6.26	0.72
6.3	0.47
6.32	0.3
6.34	0.22
6.36	0.53
6.38	0.78
6.4	0.35
6.42	0.89
6.44	0.27
6.46	0.74
6.48	0.3
6.5	0.68
6.52	0.64
6.54	0.8
6.56	0.53
6.58	0.46
6.6	0.73
6.62	0.91
6.64	0.87
6.66	0.78
6.68	0.71
6.7	0.57
6.72	0.74
6.74	0.85
6.76	0.62
6.78	0.68
6.8	0.79
6.82	0.76
6.84	0.84
6.86	0.71
6.88	0.77
6.9	0.48
6.92	0.51
6.94	0.49
6.96	0.68
6.98	0.2
7	0.43
7.02	0.43
7.04	0.22
7.06	0.23
7.08	-0.34
7.1	0.48
7.12	0.68
7.14	0.61
7.16	0.3
7.18	0.54
7.2	0.64
7.22	0.53
7.24	0.23
7.26	0.54
7.28	0.36
7.3	0.6
7.32	-0.95
7.34	0.28
7.36	0.57
7.38	0.25
7.4	0.64
7.42	0.44
7.44	0.5
7.46	0.17
7.48	0.58
7.5	0.31
7.52	0.7
7.54	0.68
7.56	0.7
7.58	0.7
7.6	0.74
7.64	0.44
7.66	0.56
7.68	0.34
7.72	0.74
7.74	0.47
7.76	0.47
7.78	0.74
7.8	0.52
7.82	0.73
7.84	0.71
7.86	0.79
7.88	0.42
7.9	0.5
7.92	0.56
7.94	0.48
7.96	0.75
7.98	0.2
8	0.66
8.02	0.47
8.04	0.72
8.06	0.76
8.08	0.74
8.1	0.83
8.12	0.55
8.14	0.49
8.16	0.75
8.18	0.56
8.2	0.88
8.22	0.57
8.24	0.93
8.26	0.8
8.28	0.82
8.3	1.01
8.32	0.83
8.34	0.94
8.36	0.82
8.38	0.92
8.4	0.64
8.41	0.79
8.42	0.93
8.43	0.87
8.44	0.86
8.45	0.94
8.46	0.85
8.47	0.83
8.48	0.73
8.49	0.78
8.5	0.94
8.51	0.68
8.52	0.98
8.53	0.64
8.54	0.96
8.55	0.85
8.56	0.8
8.57	0.77
8.58	0.48
8.59	0.66
8.6	0.26
8.61	0.8
8.62	0.85
8.63	0.08
8.64	-0.3
8.65	0.79
8.66	0.82
8.67	0.85
8.68	0.67
8.69	0.87
8.7	0.27
8.72	0.8
8.73	0.68
8.75	0.53
8.76	0.74
8.77	0.57
8.78	0.91
8.79	-0.12
8.81	0.18
8.82	0.06
8.83	0.24
8.84	0.01
8.85	0.19
8.86	0.08
8.87	0.07
8.88	0.02
8.89	-0.01
8.9	0.05
8.91	0.05
8.92	0.13
8.93	0.09
8.94	0.16
8.95	0.18
8.96	0.1
8.97	0.09
8.98	0.2
8.99	0.16
9	0.15
9.01	0.12
9.02	-0.14
9.03	0.16
9.04	0.39
9.05	0.37
9.06	-0.04
9.07	0.56
9.08	-0.01
9.09	0.6
9.1	0.32
9.11	0.5
9.12	-0.07
9.13	0.41
9.14	-0.22
9.15	0.33
9.16	0.1
9.17	0.27
9.18	0.08
9.19	0.4
9.2	0
9.21	0.25
9.22	0.06
9.23	0.12
9.24	0.08
9.25	0.21
9.26	0.25
9.27	-0.01
9.28	0.17
9.29	0.18
9.3	0.17
9.32	0.12
9.33	0.18
9.34	0.25
9.35	0.17
9.36	0.03
9.37	0.11
9.38	-0.24
9.39	0.12
9.4	0.04
9.41	0.02
9.42	0.12
9.43	-0.11
9.44	0.28
9.45	0.22
9.46	0.08
9.47	0.05
9.48	0.18
9.49	0
9.5	-0.06
9.51	0.22
9.52	-0.01
9.53	0.03
9.54	0.26
9.55	0.31
9.56	-0.08
9.57	0.04
9.58	-0.18
9.59	0.12
9.6	-0.08
9.61	0.03
9.62	-0.14
9.63	-0.01
9.64	-0.07
9.66	-0.22
9.68	-0.17
9.69	-0.09
9.7	-0.2
9.71	0.7
9.73	-0.22
9.74	-0.15
9.75	-0.37
9.76	-0.28
9.77	-0.18
9.78	-0.28
9.79	-0.09
9.8	-0.17
9.81	-0.28
9.82	-0.08
9.83	-0.2
9.84	1.15
9.85	-0.16
9.86	0.14
9.87	-0.37
9.88	-0.07
9.9	-0.04
9.91	-0.21
9.92	-0.21
9.93	-0.38
9.94	-0.02
9.95	0.1
9.96	-0.06
9.98	0.54
9.99	0.09
10	0.43
10.01	0.27
10.02	0.1
10.03	0.11
10.04	0.04
10.05	0.51
10.06	-0.18
10.07	0.37
10.08	0.22
10.09	-0.07
10.1	0.28
10.11	0.05
10.12	0.26
10.13	0.13
10.14	0.58
10.15	0.5
10.16	0.22
10.17	0.23
10.18	-0.52
10.19	0.13
10.2	0.44
10.21	-0.33
10.22	-0.14
10.23	0
10.24	-0.07
10.25	0.06
10.26	0.46
10.27	-0.15
10.28	0.15
10.29	-0.23
10.3	0.07
10.31	-0.05
10.32	0.1
10.34	-0.14
10.36	0.32
10.38	0.34
10.4	0.38
10.42	0.1
10.43	0.04
10.44	0.48
10.45	0.32
10.46	0.3
10.47	0.3
10.48	0.06
10.49	0.23
10.5	0.34
10.51	-0.08
10.52	0.1
10.53	0.25
10.54	0.28
10.55	0.12
10.56	0.27
10.57	0.31
10.58	0.19
10.59	-0.07
10.6	0.3
10.61	-0.18
10.62	0.11
10.63	0.06
10.64	0
10.65	0.15
10.66	-0.13
10.67	0.36
10.68	0
10.69	-0.09
10.7	0.05
10.71	0.28
10.73	0.07
10.74	0
10.75	-0.14
10.76	0.29
10.77	-0.12
10.78	0.56
10.79	0.23
10.8	-0.09
10.81	0.41
10.82	0.05
10.83	0.01
10.84	0.1
10.85	0.15
10.86	0.16
10.87	-0.07
10.88	0.12
10.89	0.46
10.9	0.18
10.91	0.26
10.92	0.12
10.93	0.26
10.94	0.07
10.95	0.25
10.96	-0.08
10.97	0.13
10.98	0.16
10.99	0.22
11	0.07
11.01	-0.21
11.02	-0.1
11.03	0.07
11.04	-0.19
11.05	-0.11
11.06	-0.16
11.07	-0.09
11.08	0.27
11.09	-0.46
11.11	-0.15
11.12	-0.07
11.13	0.06
11.14	0.02
11.15	0.58
11.16	-0.19
11.18	0.34
11.19	0.19
11.2	-0.03
11.22	0.03
11.23	0.24
11.24	0.18
11.25	-0.09
11.26	0.1
11.27	0.1
11.28	0.2
11.29	0.09
11.3	0.11
11.31	0.11
11.32	0
11.33	-0.21
11.35	0.19
11.37	-0.57
11.38	0.15
11.39	-0.04
11.4	0.08
11.41	0.55
11.42	0.31
11.43	0.28
11.45	0.56
11.46	0.37
11.47	0.26
11.48	0.42
11.49	0.13
11.5	-0.05
11.51	0.16
11.52	0.41
11.53	0.24
11.54	0.3
11.55	0.44
11.56	0.17
11.57	0.65
11.58	0.62
11.59	0.17
11.6	0.45
11.61	0.29
11.62	0.76
11.63	0.14
11.64	0.26
11.65	0.27
11.66	0.17
11.67	0.53
11.68	0.4
11.69	0.54
11.7	0.73
11.71	0.41
11.72	0.44
11.73	0.31
11.74	0.17
11.75	-0.85
11.76	0.45
11.77	0.61
11.79	0.59
11.8	0.58
11.81	0.31
11.82	0.17
11.83	0.52
11.84	0.25
11.85	0.66
11.86	0.44
11.88	0.22
11.89	-0.55
11.9	0.18
11.91	0.56
11.92	0.57
11.93	0.61
11.94	0.55
11.95	0.38
11.96	0.51
11.97	0.63
11.98	0.13
11.99	0.65
12	0.63
12.01	0.35
12.02	0.49
12.03	0.65
12.04	0.48
12.05	0.16
12.06	0.72
12.07	0.62
12.08	0.62
12.09	0.56
12.1	0.63
12.11	0.68
12.12	0.64
12.13	0.58
12.14	0.78
12.15	0.91
12.16	0.69
12.17	0.77
12.18	0.2
12.19	0.76
12.2	0.84
12.21	0.62
12.22	0.37
12.23	0.48
12.24	0.57
12.25	0.64
12.26	0.49
12.27	0.66
12.28	0.76
12.29	0.39
12.3	0.75
12.31	0.37
12.32	0.19
12.33	0.61
12.34	0.58
12.35	0.78
12.36	0.77
12.37	0.93
12.38	0.77
12.39	0.78
12.4	0.77
12.41	0.71
12.42	0.63
12.43	0.42
12.44	0.65
12.46	0.79
12.47	0.4
12.48	0.52
12.49	0.2
12.5	0.64
12.51	0.52
12.52	0.73
12.53	0.7
12.54	0.6
12.55	0.56
12.56	0.71
12.57	0.71
12.58	0.51
12.59	0.43
12.61	0.69
12.62	0.64
12.63	0.16
12.64	0.54
12.65	0.6
12.66	0.64
12.67	0.67
12.68	0.78
12.69	0.61
12.71	0.41
12.73	0.29
12.75	0.44
12.77	0.92
12.79	0.89
12.81	0.88
12.83	0.74
12.85	0.56
12.87	0.97
12.89	0.76
12.91	0.54
12.93	0.92
12.95	0.71
12.97	0.95
12.99	0.83
13.01	0.91
13.03	0.78
13.05	0.86
13.07	0.38
13.09	0.75
13.11	1.02
13.13	0.67
13.15	0.62
13.17	0.22
13.19	0.85
13.21	0.51
13.23	0.79
13.25	0.59
13.27	0.86
13.29	0.77
13.31	0.8
13.33	0.7
13.35	0.87
13.39	0.86
13.41	0.61
13.43	0.62
13.45	0.64
13.47	0.73
13.49	0.43
13.51	0.18
13.53	0.12
13.55	0.08
13.57	-0.16
13.59	0.23
13.61	0.02
13.63	-0.41
13.65	0.06
13.67	-0.03
13.69	-0.02
13.71	-0.08
13.73	-0.05
13.75	-0.02
13.77	0
13.79	0.27
13.81	0.31
13.83	0.2
13.85	0.69
13.87	0.61
13.89	0.47
13.91	0.05
13.93	0.08
13.95	0.42
13.97	0.72
13.99	0.63
14.01	0.55
14.03	0.41
14.05	0.22
14.07	0.42
14.09	0.47
14.11	0.51
14.13	0.5
14.15	0.49
14.17	-0.28
14.19	0.41
14.21	0.12
14.23	0.27
14.25	0.67
14.29	0.86
14.31	0.56
14.33	0.66
14.35	0.68
14.37	0.62
14.39	0.59
14.41	0.35
14.42	0.68
14.44	0.68
14.46	0.03
14.48	0.6
14.5	0.17
14.52	0.52
14.54	0.49
14.56	0.46
14.58	0.56
14.6	0.59
14.62	1.02
14.64	0.65
14.66	0.76
14.68	0.51
14.7	0.75
14.72	0.69
14.74	0.78
14.76	-0.2
14.78	0.89
14.8	0.65
14.82	0.77
14.84	0.58
14.86	0.33
14.88	0.93
14.9	0.65
14.92	0.79
14.94	0.84
14.96	0.66
14.98	0.56
15	0.28
15.02	0.58
15.04	0.69
15.06	0.79
15.08	0.89
15.1	0.2
15.12	0.65
15.14	0.46
15.16	0.04
15.18	0.37
15.2	-0.11
15.22	0.16
15.24	-0.38
15.26	0.02
15.28	0.06
15.3	0.17
15.32	0
15.34	0.26
15.4	0.13
15.44	0.27
15.46	0.66
15.48	0.31
15.5	0.48
15.52	0.45
15.54	0.62
15.56	0.59
15.58	0.45
15.6	0.34
15.62	0.22
15.64	0.33
15.66	0.41
15.68	0.15
15.7	0.51
15.72	0.51
15.74	0.6
15.76	0.36
15.78	0.27
15.8	0.35
15.82	0.4
15.84	-0.15
15.86	0.24
15.88	0.13
15.9	0.42
15.92	-0.24
15.94	0.21
15.96	0.39
15.98	0.47
16	0.58
16.02	0.53
16.04	0.56
16.06	0.44
16.08	0.39
16.1	0.32
16.12	0.17
16.14	0.46
16.16	0.41
16.18	0.35
16.2	0.09
16.22	0.46
16.24	0.35
16.26	0.41
16.28	0.53
16.3	0.49
16.32	0.56
16.34	0.37
16.36	0.54
16.38	0.58
16.4	0.25
16.42	0.44
16.44	0.19
16.46	0.22
16.48	-0.02
16.5	0.01
16.76	0.16
16.78	0.46
16.8	0.58
16.82	0.34
16.84	0.29
16.86	0.21
16.88	0.28
16.9	1.28
16.92	0.38
16.94	0.27
16.96	0.31
16.98	-0.33
17	0.51
17.02	0.17
17.04	-0.03
17.06	-0.04
17.08	-0.12
17.1	-0.07
17.12	0.07
17.14	-0.19
17.2	-0.22
17.22	-0.12
17.24	-0.61
17.26	-0.42
17.28	-0.28
17.3	-0.44
17.32	-0.61
17.34	-0.4
17.36	0.44
17.38	0.44
17.4	0.23
17.44	-0.14
17.48	-0.16
17.5	-0.15
17.52	-0.2
17.54	-0.19
17.56	-0.37
17.58	-0.12
17.6	-0.27
17.64	-0.44
17.66	-0.34
17.68	0
17.7	-0.38
17.72	-0.01
17.74	0.48
17.76	0.02
17.78	-0.23
17.82	0.38
17.84	0.2
17.86	0.48
17.88	0.4
17.9	-0.02
17.94	0.43
17.96	0.61
17.98	0.47
18	0.93
18.02	0.77
18.04	0.85
18.06	0.23
18.08	1.05
18.1	0.42
18.14	0.54
18.16	0.45
18.18	0.34
18.2	0.55
18.24	0.31
18.26	0.81
18.28	0.36
18.3	0.5
18.32	0.56
18.34	0.52
18.36	0.62
18.38	0.55
18.4	0.72
18.42	0.05
18.44	0.61
18.46	0.6
18.48	0.32
18.5	0.28
18.52	0.31
18.54	0.61
18.56	0.45
18.58	-0.01
18.6	0.06
18.62	0.25
18.64	0.41
18.66	0.45
18.68	0.06
18.7	-0.06
18.72	-0.33
18.74	0.04
18.76	-0.02
18.78	0.09
18.8	-0.23
18.82	-0.3
18.84	-0.18
18.86	-0.61
18.88	-0.15
18.9	-0.21
18.92	-0.39
18.94	-0.5
18.96	-0.34
18.98	-0.65
19	-0.33
19.02	0.35
19.04	0.24
19.06	0.35
19.08	0.4
19.1	0.62
19.12	0.24
19.14	-0.3
19.16	0.48
19.18	0.49
19.2	0.56
19.22	0.67
19.24	0.71
19.26	0.63
19.28	0.52
19.3	0.76
19.32	0.63
19.34	0.45
19.36	0.59
19.38	0.83
19.4	0.66
19.42	0.4
19.44	0.65
19.46	0.61
19.48	0.85
19.5	0.67
19.52	0.66
19.54	0.59
19.56	0.45
19.58	0.53
19.6	0.69
19.62	0.39
19.64	0.24
19.66	0.57
19.68	0.62
19.7	0.71
19.72	0.42
19.74	0.62
19.76	0.09
19.78	0.43
19.8	0.17
19.82	0.62
19.86	0.49
19.88	0.57
19.9	0.47
19.92	0.37
19.94	-0.41
19.96	0.38
19.98	0.31
20	0.38
20.02	0.2
20.04	-0.09
20.06	0.27
20.08	0.26
20.1	0.28
20.12	0.64
20.14	0.64
20.16	0.47
20.18	0.33
20.2	0.64
20.22	0.56
20.24	0.12
20.26	0.04
20.28	0.43
20.3	0.26
20.32	0.47
20.34	0.42
20.36	0.53
20.38	0.44
20.4	0.5
20.42	0.45
20.44	0.43
20.46	-0.18
20.52	0.99
20.54	0.38
20.56	0.49
20.58	0.9
20.6	1.07
20.62	1.02
20.64	0.65
20.66	0.82
20.68	0.39
20.7	0.98
20.72	0.8
20.74	0.82
20.76	0.55
20.78	0.87
20.8	0.14
20.82	0.76
20.84	0.63
20.86	0.85
20.88	0.71
20.9	0.6
20.92	0.81
20.94	0.84
20.96	0.56
20.98	0.61
21	0.8
21.02	0.66
21.04	0.71
21.06	0.66
21.08	0.63
21.1	0.32
21.12	0.71
21.14	0.57
21.16	0.67
21.18	0.46
21.2	0.56
21.22	0.53
21.24	0.6
21.26	0.82
21.3	0.19
21.32	-0.13
21.34	-0.13
21.36	-0.16
21.38	-0.49
21.4	-0.42
21.42	-0.41
21.44	-0.37
21.46	-0.6
21.83	0.12
21.85	-0.4
21.87	-0.31
21.89	-0.14
21.91	-0.18
21.93	-0.16
21.95	-0.76
21.97	-0.48
21.99	-0.55
22.01	-0.73
22.03	-0.06
22.05	-0.09
22.07	-0.11
22.09	-0.24
22.11	-0.05
22.13	0.47
22.15	0.22
22.17	0.43
22.19	0.3
22.21	0.26
22.23	0.59
22.27	0.54
22.29	0.17
22.31	0.22
22.33	0.25
22.35	0.18
22.37	0.08
22.39	0.01
22.41	-0.1
22.43	-0.17
22.45	-0.21
22.47	-0.17
22.51	-0.79
22.53	0.39
22.55	-0.48
22.57	-0.6
22.59	-0.22
22.63	-0.23
22.65	-0.52
22.67	-0.43
22.69	-0.42
22.71	-0.36
22.73	-0.52
22.75	-0.44
22.77	-0.22
22.79	-0.26
22.81	-0.23
22.83	-0.21
22.85	-0.32
22.87	-0.03
22.89	-0.08
22.91	0.03
22.93	0.65
22.95	-0.15
22.97	-0.16
22.99	-0.24
23.01	-0.41
23.03	-0.03
23.05	-0.22
23.07	0.11
23.09	0.06
23.11	-0.18
23.13	-0.24
23.15	0.16
23.17	0
23.19	-0.26
23.21	-0.28
23.23	-0.48
23.25	0.22
23.27	0.01
23.29	-0.15
23.31	0.1
23.33	-0.56
23.35	-0.31
23.37	-0.41
23.39	-0.01
23.41	0.43
23.43	0.08
23.45	-0.01
23.47	-0.01
23.49	0.36
23.51	0.02
23.53	0.47
23.55	0.54
23.61	0.39
23.63	0.24
23.65	0.19
23.67	0.43
23.69	0.21
23.71	0.06
23.73	-0.3
23.75	0.08
23.77	0.49
23.81	0.46
23.83	0.42
23.85	0.62
23.87	0.28
23.89	0.19
23.91	0.31
23.93	0.07
23.95	0.52
23.97	0.79
23.99	0.4
24.01	0.38
24.03	0.26
24.05	0.53
24.07	0.91
24.09	0.73
24.11	0.73
24.13	0.4
24.15	0.6
24.17	0.59
24.21	0.61
24.23	0.47
24.25	0.41
24.27	0.48
24.29	0.58
24.31	0.45
24.33	0.68
24.35	0.84
24.37	0.69
24.39	0.71
24.41	0.76
24.43	0.52
24.45	0.71
24.47	0.2
24.49	0.63
24.51	0.66
24.53	0.59
24.55	0.41
24.57	0.71
24.59	0.38
24.61	0.51
24.63	0.56
24.65	0.07
24.67	0.58
24.69	0.28
24.73	0.1
24.75	0.64
24.77	0.37
24.79	0.65
24.81	-0.17
24.83	0.48
24.85	0.33
24.87	0.49
24.89	0.24
24.91	0.53
24.93	0.45
24.95	0.45
24.97	0.37
24.99	0.74
25.01	0.78
25.03	0.83
25.05	0.45
25.07	0.26
25.09	0.92
25.11	0.71
25.13	0.98
25.17	0.8
25.19	0.89
25.21	1.17
25.23	0.9
25.25	0.98
25.27	1.09
25.29	0.95
25.31	0.66
25.33	0.78
25.35	0.87
25.37	0.9
25.39	0.87
25.41	0.86
25.43	0.85
25.45	0.81
25.47	0.24
25.49	1.17
25.51	1.22
25.53	0.92
25.55	0.85
25.57	0.43
25.59	1.2
25.61	1.08
25.63	1.04
25.65	0.74
25.67	1.02
25.69	1.33
25.71	0.9
25.73	1.04
25.75	1.28
25.77	1.05
25.79	1.1
25.81	0.83
25.83	1.12
25.85	0.9
25.87	1.03
25.89	0.94
25.91	0.89
25.93	0.86
25.95	0.93
25.97	0.8
25.99	0.84
26.01	1.02
26.03	0.51
26.05	0.76
26.07	0.69
26.09	0.7
26.11	1.09
26.13	0.96
26.15	0.77
26.17	1.15
26.21	0.99
26.23	0.87
26.25	0.94
26.27	1.02
26.29	1.17
26.31	1.07
26.33	1.16
26.35	0.86
26.37	0.85
26.39	1.09
26.41	0.32
26.45	1
26.47	0.94
26.49	0.97
26.51	0.89
26.53	0.93
26.55	0.72
26.57	0.39
26.58	0.99
26.6	0.93
26.62	0.76
26.64	0.99
26.66	0.88
26.68	0.62
26.7	0.5
26.72	0.57
26.74	0.73
26.76	0.69
26.78	0.36
26.8	-0.24
26.82	0.6
26.84	0.44
26.86	0.55
26.88	0.39
26.9	0.1
26.92	0.36
26.94	0.5
26.96	0.08
26.98	0.14
27	0.04
27.02	0.06
27.04	0.01
27.06	-0.25
27.08	-0.43
27.1	-0.16
27.12	-0.46
27.14	-0.17
27.18	-0.39
27.2	-0.48
27.26	-0.4
27.28	-0.16
27.3	-0.41
27.34	-0.46
27.36	-0.56
27.38	-0.29
27.4	-0.23
27.42	-0.39
27.44	-0.2
27.46	-0.16
27.48	-0.18
27.5	-0.33
27.52	-0.32
27.54	-0.3
27.58	-0.33
27.6	-0.21
27.62	-0.16
27.7	0.57
27.74	0.01
27.76	-0.42
27.78	-0.03
27.8	-0.09
27.82	-0.15
27.86	-0.16
27.88	0.21
27.9	0.29
27.92	-0.08
27.94	0.05
27.96	-0.35
27.98	-0.12
28	-0.27
28.02	-0.67
28.04	-0.05
28.06	-0.24
28.08	0.1
28.1	-0.04
28.12	0
28.14	-0.3
28.16	-0.06
28.18	-0.56
28.2	-0.37
28.28	-0.14
28.34	-0.46
28.36	-0.16
28.38	0.06
28.4	-0.03
28.42	0.04
28.44	0.04
28.46	-0.58
28.48	-0.53
28.5	0.43
28.52	-0.18
28.54	-0.38
28.56	0.23
28.58	0.05
28.6	0.21
28.62	0.3
28.64	-0.24
28.66	-0.27
28.68	-0.43
28.7	-0.22
28.72	0.12
28.76	-0.32
28.8	-0.24
28.82	0.09
28.84	0.01
28.86	0.18
28.88	0
28.9	0.12
28.92	0.36
28.94	-0.04
28.96	-0.31
29	-0.17
29.02	-0.31
29.06	0.1
29.1	-0.06
29.12	0.06
29.14	0.19
29.16	0.34
29.18	0.18
29.2	0.51
29.22	0.19
29.24	0.56
29.26	0.5
29.28	1.04
29.3	0.78
29.38	0.64
29.4	1.05
29.42	0.94
29.44	1.1
29.46	0.39
29.48	0.89
29.5	0.33
29.52	1.11
29.54	0.48
29.56	-0.13
29.64	0.3
29.68	0.28
29.7	0.07
29.72	0.4
29.74	0.11
29.76	0.84
29.78	0.47
29.8	0.74
29.82	0.91
29.84	0.94
29.86	0.69
29.88	0.96
29.9	0.68
29.92	0.93
29.94	0.56
29.96	1.12
29.98	0.67
30	0.37
30.02	0.93
30.04	0.42
30.06	0.81
30.06	1.1
30.08	0.94
30.1	0.92
30.12	0.99
30.14	1.05
30.18	0.78
30.2	0.97
30.22	1.13
30.24	1.09
30.26	0.96
30.28	1.05
30.3	0.82
30.32	1.06
30.34	1.03
30.36	1.17
30.38	1.09
30.4	1.08
30.42	1.1
30.44	0.76
30.46	1
30.48	1.01
30.5	1.12
30.52	1.12
30.54	1.14
30.56	0.91
30.6	1.23
30.62	1.02
30.64	0.87
30.68	1.37
30.7	0.79
30.72	1.07
30.74	1.06
30.76	1.07
30.78	1.32
30.8	1.34
30.82	1.36
30.84	1.28
30.86	1.39
30.88	1.4
30.9	1.18
30.92	1.49
30.94	1.21
30.96	1.29
31	1.43
31.02	1.31
31.04	1
31.06	0.99
31.08	1.04
31.1	1.36
31.12	0.99
31.14	1.35
31.16	0.98
31.18	0.98
31.2	1.45
31.22	1.47
31.24	1.41
31.26	1.39
31.28	1.36
31.3	1.33
31.32	1.05
31.34	1.26
31.36	1.04
31.38	1.33
31.4	1.04
31.42	1.39
31.44	0.91
31.46	1.28
31.48	1.2
31.5	1.38
31.52	1.44
31.54	1.36
31.56	1.34
31.58	1.18
31.6	1.36
31.62	0.88
31.64	1.16
31.66	1.31
31.68	1.14
31.7	1.26
31.72	0.87
31.74	1.29
31.76	1.08
31.78	1.19
31.8	1.2
31.82	0.61
31.84	1.06
31.86	1.63
31.88	1.1
31.9	1.33
31.92	1.31
31.94	1.21
31.96	1.25
31.98	1.11
32	0.92
32.02	1.15
32.04	0.77
32.06	1.25
32.08	1.27
32.1	0.95
32.12	1.13
32.14	1.02
32.16	1.12
32.18	0.77
32.2	1.03
32.22	0.98
32.24	0.75
32.26	1.19
32.28	0.93
32.3	1.3
32.32	0.66
32.34	1.17
32.36	0.96
32.38	1.19
32.4	1.31
32.42	1.16
32.44	1.36
32.48	1.71
32.5	1.25
32.52	1.09
32.54	1.18
32.56	1.14
32.58	1.06
32.6	0.98
32.62	0.87
32.64	1.23
32.66	1.1
32.68	0.93
32.7	0.87
32.72	0.99
32.74	1.18
32.76	1.4
32.78	0.92
32.8	1.03
32.82	1.29
32.84	1.11
32.86	1.09
32.88	1.09
32.9	1
32.92	0.38
32.94	1.23
32.96	1.36
32.98	0.87
33	1.17
33.02	1.27
33.04	1.19
33.06	0.77
33.08	1.49
33.1	1.16
33.12	0.91
33.14	0.7
33.16	1.09
33.18	1.25
33.2	1.25
33.22	1.12
33.24	1.2
33.26	1.22
33.28	1.14
33.3	1.02
33.32	1.27
33.34	1.21
33.36	1.21
33.38	1.24
33.4	1.22
33.42	1.16
33.44	1.18
33.46	0.93
33.48	1
33.5	1.26
33.52	1.08
33.54	1.03
33.56	1.23
33.58	1.15
33.6	0.97
33.62	1.16
33.64	1.17
33.66	0.95
33.68	1.01
33.7	1.12
33.72	1.13
33.74	1.01
33.76	0.81
33.78	1.07
33.8	0.94
33.82	1.12
33.84	1.13
33.86	1.13
33.88	1.21
33.9	1.22
33.92	1.19
33.94	0.93
33.96	1.01
33.98	1.14
34	1.03
34.02	1.21
34.04	0.94
34.06	0.96
34.08	1.26
34.1	0.98
34.12	1.01
34.14	1.05
34.16	1.2
34.18	1.12
34.2	0.98
34.22	1.08
34.24	0.82
34.26	1.15
34.28	0.95
34.3	0.94
34.32	0.97
34.34	0.82
34.36	0.83
34.38	0.95
34.4	1.03
34.42	1.07
34.44	1
34.46	0.74
34.48	0.81
34.5	0.7
34.52	0.76
34.54	1.06
34.56	1.32
34.58	0.85
34.6	0.88
34.62	0.77
34.64	0.76
34.66	0.87
34.68	0.54
34.7	0.77
34.72	0.34
34.74	0.26
34.76	0.06
34.78	0.37
34.8	0.42
34.82	0.38
34.84	-0.06
34.86	-0.02
34.88	0.06
34.9	0.12
34.92	0.15
34.94	-0.09
34.96	0.1
34.98	0.07
35	0.15
35.02	0.15
35.04	0.42
35.06	0.11
35.08	0.35
35.1	0.35
35.12	0.15
35.16	0.52
35.18	0.36
35.2	0.48
35.22	-0.05
35.26	-0.75
35.28	0.68
35.3	0.29
35.32	0.32
35.36	0.32
35.38	0.43
35.4	0.54
35.42	0.23
35.44	-0.43
35.46	0.33
35.5	0.36
35.54	0.46
35.6	0.37
35.62	0.26
35.64	0.09
35.66	0.2
35.68	0.44
35.7	0.12
35.72	0.41
35.74	0.27
35.76	0.43
35.78	0.4
35.8	0.4
35.82	0.42
35.84	0.23
35.86	0.23
35.88	0.09
35.9	0.28
35.92	0.36
35.94	0.48
35.96	0.19
35.98	0.39
36	0.11
36.02	0.17
36.04	0.1
36.06	0.12
36.08	0.44
36.1	-0.04
36.12	0.26
36.14	-0.16
36.16	0.25
36.18	0.61
36.2	0.3
36.22	0.39
36.24	0.54
36.26	0.4
36.28	0.25
36.3	0.5
36.32	0.35
36.34	0.42
36.36	0.56
36.38	0.35
36.4	0.59
36.42	0.57
36.44	0.38
36.46	0.2
36.48	0.71
36.5	0.3
36.52	0.27
36.56	0.45
36.6	-0.08
36.62	0.14
36.64	0.18
36.66	0.35
36.68	0.39
36.7	0.23
36.72	-0.17
36.74	0.57
36.76	0.42
36.78	0.63
36.8	0.49
36.82	0.84
36.84	0.54
36.86	-0.16
36.88	0.5
36.9	0.61
36.92	0.57
36.94	0.75
36.96	0.55
36.98	0.37
37	0.54
37.02	0.81
37.04	0.81
37.06	0.98
37.08	0.75
37.1	0.84
37.12	0.77
37.14	0.56
37.16	1.03
37.18	0.63
37.2	0.94
37.22	0.74
37.24	0.86
37.26	0.93
37.28	1.01
37.3	1.02
37.32	0.81
37.34	0.46
37.36	0.84
37.38	0.89
37.4	0.73
37.42	1.13
37.44	1.03
37.46	0.9
37.48	1.11
37.5	1.03
37.52	0.78
37.56	1.05
37.58	0.13
37.6	0.1
37.62	0.12
37.64	-0.03
37.66	0.09
37.68	0.16
37.7	-0.27
37.72	0.33
37.74	0.12
37.76	0.11
37.78	0.08
37.8	0.42
37.82	0.28
37.84	0.17
37.86	0.44
37.88	0.09
37.9	0.17
37.92	-0.33
37.94	-0.65
37.96	0.37
37.98	0.83
38	0.29
38.02	0.24
38.04	0.74
38.06	0.83
38.08	0.72
38.1	0.79
38.12	0.83
38.14	0.55
38.16	1.06
38.18	0.47
38.2	0.79
38.22	0.44
38.24	1.1
38.26	1.06
38.28	0.87
38.3	0.9
38.32	0.65
38.34	1.01
38.36	0.46
38.38	0.28
38.4	0.27
38.42	0.57
38.44	0.21
38.46	0.7
38.48	0.44
38.5	0.54
38.52	0.27
38.54	0.39
38.56	0.35
38.58	0.71
38.6	0.15
38.62	0.11
38.64	0.61
38.66	-0.05
38.68	0.39
38.7	0.22
38.72	0.38
38.74	-0.05
38.76	0.54
38.78	0.5
38.8	0.42
38.82	0.16
38.84	0.62
38.86	0.21
38.88	0.08
38.9	0.59
38.92	0.51
38.94	-0.24
38.96	0.7
38.98	0.34
39	0.28
39.02	0.69
39.04	0.91
39.06	0.69
39.08	0.74
39.1	0.49
39.12	0.51
39.14	0.78
39.16	0.68
39.18	0.66
39.2	0.57
39.22	0.91
39.24	0.8
39.26	1.02
39.28	0.98
39.3	0.81
39.32	0.9
39.34	0.9
39.36	0.73
39.38	0.83
39.4	0.85
39.42	1.06
39.44	0.9
39.46	0.71
39.48	0.83
39.5	1.04
39.52	0.48
39.54	0.57
39.56	0.78
39.58	0.73
39.6	0.77
39.62	0.61
39.64	0.83
39.66	0.44
39.68	0.5
39.68	0.43
39.7	0.46
39.72	0.65
39.74	0.47
39.76	0.22
39.78	0.52
39.8	0.01
39.82	-0.26
39.84	0.05
39.86	0.09
39.88	-0.04
39.9	0.07
39.92	0.39
39.94	-0.1
39.96	0.1
39.98	0.19
40	-0.18
40.02	0.14
40.04	-0.18
40.06	-0.2
40.12	0.3
40.24	0.31
40.26	0.2
40.28	0.1
40.3	0.26
40.32	0.08
40.4	0.29
40.42	0.14
40.44	0.13
40.46	-0.48
40.48	-0.62
40.5	-0.04
40.52	0.21
40.54	0.13
40.56	0.1
40.58	0.01
40.6	0.05
40.62	-0.14
40.64	-0.24
40.66	0.04
40.68	-0.01
40.7	-0.22
40.72	-0.23
40.8	-0.24
40.82	-0.25
40.96	-0.17
40.98	-1.31
41	0.18
41.02	0.11
41.04	0.31
41.06	0.06
41.08	0.06
41.1	0.28
41.12	0.1
41.14	-0.13
41.16	0.14
41.18	0.28
41.2	0.2
41.22	-0.34
41.26	0.16
41.28	-0.14
41.3	-0.01
41.32	0.06
41.34	0.11
41.36	-0.04
41.38	0.09
41.4	0.36
41.42	0.44
41.44	-0.08
41.46	0.34
41.48	0.22
41.5	0.35
41.52	0.18
41.54	0.43
41.56	0.21
41.58	0.48
41.6	0.23
41.62	-0.26
41.64	0.17
41.66	0.11
41.68	0.03
41.7	0
41.72	0.2
41.74	0.32
41.76	0.21
41.78	0.01
41.82	0.24
41.86	-0.04
41.88	-0.18
41.9	-0.02
41.92	-0.44
41.94	-0.14
41.96	-0.21
41.98	-0.02
42	-0.34
42.02	-0.34
42.04	-0.45
42.06	-0.15
42.08	-0.31
42.1	-0.52
42.12	0.11
42.16	-0.46
42.18	-0.47
42.2	-0.14
42.22	-0.02
42.24	0.26
42.26	-0.17
42.28	-0.37
42.3	0.25
42.32	-0.04
42.34	0.35
42.36	0.11
42.38	0.18
42.4	0.02
42.42	-0.47
42.44	-0.52
42.46	-0.09
42.48	-0.32
42.5	-0.85
42.52	-0.3
42.54	-0.25
42.56	0.17
42.58	-0.08
42.62	0.17
42.64	-0.13
42.66	0.23
42.68	0.08
42.7	0.11
42.72	-0.25
42.74	-0.5
42.76	-0.52
42.78	0.18
42.8	-0.01
42.82	-0.12
42.84	-0.1
42.88	-0.15
42.9	-0.17
42.92	-0.31
42.94	0.02
42.96	-0.17
42.98	0.22
43	0.35
43.02	-0.16
43.04	0.28
43.06	-0.18
43.08	-0.13
43.1	0.31
43.12	-0.05
43.14	0.36
43.16	0.24
43.18	0.11
43.2	0.15
43.22	-0.52
43.24	0
43.26	0.6
43.28	-0.19
43.3	0.6
43.32	0.3
43.34	0.45
43.36	0.46
43.38	0.42
43.4	0.66
43.42	0.3
43.44	0.45
43.52	0.18
43.58	0.01
43.6	0.43
43.62	-0.09
43.64	-0.03
43.66	0.28
43.68	0.34
43.7	0.69
43.72	0.59
43.74	0.54
43.76	-0.14
43.78	0.64
43.8	0.2
43.82	0.8
43.84	0.65
43.86	0.52
43.88	-0.03
43.9	0.5
43.92	0.57
43.94	0.65
43.96	0.39
43.98	0.58
44	0.82
44.02	0.83
44.04	0.71
44.06	0.54
44.08	0.71
44.1	0.74
44.12	0.69
44.14	1.11
44.16	1.11
44.18	1.05
44.2	0.29
44.22	1.14
44.24	1.05
44.26	0.89
44.28	0.21
44.3	0.88
44.32	0.91
44.34	0.82
44.36	0.58
44.38	0.95
44.4	1
44.42	1.11
44.44	0.75
44.46	0.89
44.48	0.99
44.52	0.43
44.54	1.15
44.56	0.93
44.58	0.72
44.6	1.04
44.62	0.67
44.64	0.39
44.66	0.95
44.68	0.9
44.7	0.93
44.72	0.8
44.74	1.02
44.76	0.66
44.78	0.98
44.8	1.05
44.82	0.87
44.84	0.85
44.86	0.99
44.88	0.21
44.9	1.04
44.92	1
44.94	0.93
44.96	0.45
44.98	0.71
44.98	1.09
45	0.83
45.02	0.98
45.04	0.9
45.06	0.76
45.08	0.93
45.1	0.89
45.12	0.93
45.16	0.99
45.18	0.89
45.22	0.86
45.24	0.54
45.26	0.74
45.28	0.47
45.3	0.83
45.32	1.12
45.34	0.95
45.36	0.83
45.38	0.72
45.4	0.75
45.42	1.02
45.44	0.76
45.46	0.57
45.48	0.86
45.5	0.87
45.52	0.73
45.54	0.72
45.58	0.65
45.6	0.61
45.62	0.6
45.64	0.71
45.66	0.51
45.68	0.51
45.7	0.18
45.72	0.57
45.74	0.75
45.76	0.3
45.78	0.36
45.8	0.77
45.82	-0.06
45.84	0.52
45.86	0.48
45.88	0.71
45.9	0.3
45.92	0.6
45.94	0.51
45.96	0.47
45.98	0.53
46	-0.11
46.02	0.69
46.04	0.37
46.52	-0.55
46.56	-0.48
46.66	0.08
46.68	-0.19
46.7	0.08
46.72	0.13
46.74	0.05
46.76	0.02
46.78	-0.02
46.8	0.15
46.82	0.25
46.84	-0.05
46.86	-0.16
46.88	0.17
46.9	0.08
46.92	-0.07
46.94	0.27
46.96	0.48
46.98	0.43
47	0.14
47.02	0.31
47.04	0.35
47.06	0.08
47.08	-0.12
47.1	0.14
47.12	0.06
47.14	-0.31
47.16	0.11
47.18	0.38
47.2	0.71
47.22	0.5
47.24	0.43
47.26	0.63
47.28	0.53
47.3	0.76
47.32	0.72
47.34	0.6
47.36	0.64
47.38	0.6
47.4	0.6
47.42	0.59
47.44	0.65
47.46	0.52
47.48	0.76
47.5	0.84
47.52	0.73
47.54	0.68
47.56	0.23
47.58	0.29
47.6	0.64
47.62	0.27
47.64	0.65
47.66	0.56
47.68	0.1
47.7	-0.07
47.72	0.07
47.74	0.17
47.76	0.04
47.78	-0.23
47.8	0.21
47.82	0.06
47.84	0.11
47.86	0.24
47.88	0.08
47.9	0.29
47.92	0.05
47.96	-0.05
48	0.05
48.06	-0.07
48.08	0.55
48.1	0.17
48.12	-0.48
48.14	0.56
48.16	0.6
48.2	0.34
48.22	-0.06
48.26	0.41
48.34	0.5
48.36	0.19
48.38	0.41
48.42	0.24
48.44	0.3
48.46	-0.3
48.48	0
48.5	-0.04
48.52	-0.24
48.58	0.33
48.6	-0.09
48.68	-0.42
48.7	-0.36
48.72	-0.37
48.74	-0.56
48.76	-0.23
48.78	-0.18
48.8	-0.57
48.82	-0.33
48.84	-0.32
48.86	-0.35
48.88	-0.88
48.9	-0.55
48.92	-0.47
48.94	-0.38
48.96	-0.47
48.98	-0.71
49	-0.03
49.02	-0.29
49.08	-0.34
49.1	0.46
49.12	-0.43
49.14	-0.41
49.16	-0.3
49.18	-0.26
49.2	-0.71
49.22	-0.7
49.24	-0.25
49.26	-0.62
49.3	0.01
49.32	-0.07
49.36	0.16
49.38	-0.14
49.4	0.64
49.42	0.52
49.44	0.15
49.46	0.72
49.48	0.5
49.5	0.37
49.52	0.41
49.56	0.05
49.58	0.21
49.6	-0.35
49.62	-0.38
49.64	0.03
49.66	0.47
49.68	0.43
49.7	0.42
49.72	0.32
49.74	0.56
49.76	0.46
49.78	0.56
49.8	0.44
49.82	0.24
49.84	-0.06
49.88	0.81
49.9	0.39
49.92	0.54
49.94	0.91
49.96	0.4
49.98	0.99
50	0.51
50.02	0.75
50.04	0.56
50.06	0.47
50.08	0.52
50.1	0.88
50.12	0.16
50.14	0.52
50.16	0.79
50.18	0.47
50.2	0.56
50.22	0.67
50.24	0.74
50.26	0.64
50.28	0.68
50.3	0.63
50.32	0.32
50.34	0.35
50.36	0.4
50.38	0.22
50.4	0.45
50.42	0.83
50.44	0.32
50.46	0.77
50.48	0.67
50.5	0.56
50.52	0.88
50.54	0.53
50.56	0.65
50.58	0.74
50.6	0.78
50.62	0.69
50.64	0.82
50.66	0.54
50.68	0.91
50.7	0.8
50.72	0.88
50.74	0.86
50.76	0.93
50.78	0.9
50.8	0.85
50.82	0.87
50.84	0.82
50.86	0.84
50.86	0.61
50.88	0.7
50.9	0.39
50.92	0.76
50.94	0.78
50.96	0.5
50.98	0.53
51	0.68
51.02	0.4
51.04	0.82
51.06	0.7
51.08	0.65
51.1	0
51.12	0.26
51.14	0.18
51.16	-0.38
51.18	-0.08
51.2	-0.36
51.22	-0.3
51.24	-0.32
51.26	-0.31
51.28	-0.44
51.3	-0.46
51.32	-0.4
51.56	-1.37
51.6	0.56
51.62	-0.27
51.64	-0.34
51.66	-0.54
51.68	-0.06
51.72	-0.4
51.74	-0.29
51.76	-0.13
51.8	-0.35
51.84	0.01
51.86	-0.11
51.9	0.03
51.96	-0.23
51.98	-0.39
52.02	0.06
52.04	-0.15
52.06	0.26
52.08	-0.36
52.1	-0.28
52.12	-0.28
52.14	-0.44
52.16	0.15
52.18	0.26
52.2	0.17
52.22	-0.53
52.24	0.34
52.26	0.08
52.28	0.15
52.3	-0.21
52.32	0.4
52.36	0.38
52.38	-0.08
52.4	-0.02
52.44	0.32
52.46	0.17
52.48	0.17
52.5	0.31
52.52	0.26
52.54	0.25
52.56	0.77
52.58	0.58
52.6	0.46
52.62	0.54
52.66	0.49
52.68	0.21
52.7	0.33
52.72	0.71
52.74	0.42
52.76	0.47
52.8	0.54
52.82	0.56
52.84	0.46
52.86	0.4
52.88	0.78
52.9	0.67
52.92	0.72
52.94	0.73
52.96	0.59
52.98	0.78
53	0.64
53.02	0.72
53.04	0.73
53.06	0.51
53.08	0.58
53.1	0.69
53.12	0.12
53.14	0.04
53.16	0.49
53.18	0.32
53.2	0.06
53.22	0.15
53.24	0.13
53.26	0.4
53.28	0.46
53.3	0.18
53.32	0.12
53.34	-0.09
53.36	0.09
53.38	0.05
53.4	0.56
53.42	0.13
53.44	0.47
53.46	0.6
53.48	0.61
53.5	0.41
53.52	0.62
53.54	0.79
53.56	0.19
53.58	0.22
53.6	0.5
53.62	0.29
53.64	0.47
53.66	0.5
53.68	0.54
53.7	0.2
53.72	0.58
53.74	0.46
53.76	0.04
53.78	0.56
53.8	0.41
53.88	-0.12
53.98	-0.1
54.02	-0.16
54.04	-0.07
54.06	-0.14
54.08	0.08
54.1	-0.06
54.12	0.11
54.14	0.58
54.16	0.7
54.18	0.46
54.2	0.1
54.24	0.57
54.26	0.04
54.29	0.7
54.31	0.7
54.33	0.42
54.35	0.44
54.37	0.73
54.41	0.61
54.43	0.61
54.45	0.56
54.47	0.57
54.49	0.55
54.51	0.44
54.53	0.16
54.55	0.36
54.57	0.63
54.59	0.55
54.61	0.51
54.63	0.59
54.65	0.64
54.67	0.3
54.69	0.62
54.71	0.72
54.73	0.5
54.77	0.49
54.79	0.74
54.81	0.64
54.83	0.34
54.85	0.38
54.87	0.32
54.89	-0.12
54.91	0.31
54.93	-0.13
54.95	-0.12
54.97	0.13
54.99	-0.1
55.01	-0.14
55.03	0.3
55.05	-0.05
55.07	0.21
55.09	0.43
55.11	0.22
55.13	0.66
55.15	0.24
55.17	0.54
55.19	0.5
55.21	0.14
55.23	-0.15
55.25	0.58
55.27	0.51
55.29	0.46
55.31	0.75
55.33	0.56
55.35	0.42
55.37	0.51
55.39	0.56
55.41	0.63
55.43	0.52
55.45	0.21
55.47	0.82
55.49	0.78
55.51	0.85
55.53	0.45
55.55	0.83
55.57	0.64
55.59	0.61
55.61	0.62
55.63	0.73
55.65	0.53
55.69	0.68
55.71	0.27
55.73	-0.15
55.75	0.27
55.79	0.77
55.81	0.45
55.83	0.8
55.85	0.84
55.87	0.7
55.89	0.66
55.91	0.41
55.95	0.42
56.01	0.42
56.03	0.08
56.05	0.21
56.21	0.62
56.27	0.41
56.31	-0.47
56.33	0.11
56.37	0.01
56.41	-0.27
56.43	-0.5
56.45	-0.42
56.47	-0.55
56.49	-0.48
56.51	-0.38
56.53	-0.62
56.55	-0.62
56.57	-0.8
56.59	-0.63
56.61	-0.49
56.65	-0.89
56.67	-0.35
56.69	-0.29
56.71	-0.42
56.73	-0.29
56.75	-0.2
56.77	-0.18
56.79	0.03
56.83	-0.51
56.85	-0.01
56.87	-0.15
56.89	-0.15
56.91	-0.13
56.93	-0.35
56.95	0.07
56.97	-0.27
57.01	-0.06
57.03	-0.34
57.05	-0.53
57.07	-0.06
57.09	0.26
57.11	0.24
57.13	-0.08
57.17	-0.56
57.19	-0.45
57.24	-0.41
57.26	-0.24
57.28	-0.4
57.58	-0.15
57.72	-0.92
57.76	-0.52
57.8	-0.46
57.94	-0.39
58.04	-0.49
58.06	0.63
58.1	-0.24
58.12	-0.07
58.16	0.04
58.18	-0.43
58.2	-0.32
58.22	-0.15
58.28	0.27
58.32	-0.45
58.34	0.18
58.38	-0.09
58.4	0.1
58.42	0.19
58.44	0.26
58.46	-0.04
58.48	0.2
58.5	-0.08
58.52	0.05
58.54	-0.18
58.56	-0.21
58.58	0.26
58.6	0.02
58.62	0.22
58.64	0
58.66	-0.24
58.68	0.29
58.7	-0.41
58.72	0.42
58.74	0.03
58.76	0.01
58.82	0.42
58.86	0.05
58.88	0.04
58.9	0.05
58.92	0.09
58.94	0.38
58.96	-0.06
58.98	-0.61
59	0.56
59.02	0.3
59.04	-0.06
59.06	0.15
59.08	0.1
59.1	0.45
59.12	0.18
59.14	0.11
59.16	-0.45
59.18	0.03
59.2	0.19
59.22	-0.2
59.24	0.08
59.26	0.21
59.28	-0.28
59.3	0.1
59.32	0
59.34	-0.17
59.36	0.15
59.38	-0.48
59.4	-0.03
59.42	-0.19
59.44	-0.07
59.46	-0.36
59.48	0.04
59.5	0.25
59.52	-0.29
59.54	0.04
59.56	-0.05
59.58	0.19
59.6	-0.05
59.62	-0.28
59.64	-1.27
59.66	-0.17
59.68	-0.15
59.7	0.09
59.72	-0.45
59.74	-0.13
59.76	0.12
59.78	-0.02
59.8	-0.23
59.82	-0.1
59.84	-0.38
59.86	-0.56
59.88	-0.04
59.92	-0.67
59.94	-0.61
59.96	-0.19
59.98	-0.56
60	-0.42
60.04	-0.53
60.06	-0.53
60.1	-0.62
60.12	-0.75
60.16	-0.41
60.18	-0.47
60.2	-0.62
60.26	-0.31
60.28	-0.35
60.38	-0.2
60.42	-0.25
60.44	-0.21
60.46	-0.2
60.48	-0.3
60.5	-0.36
60.52	-0.24
60.56	0.2
60.58	-0.24
60.6	0.24
60.62	0.17
60.64	-0.27
60.66	0.38
60.68	-0.12
60.7	0.38
60.72	-0.11
60.74	0.32
60.76	0.02
60.78	-0.17
60.84	0.46
60.86	-0.51
60.88	-0.02
60.9	0.02
60.92	-0.36
60.94	-0.19
60.96	0.05
60.98	-0.55
61	0.01
61.02	0.45
61.06	-0.12
61.08	-0.13
61.1	0.19
61.16	-0.67
61.18	-0.26
61.2	0.1
61.22	0.09
61.24	-0.09
61.26	-0.16
61.28	0.09
61.3	0.14
61.32	0.03
61.34	0.38
61.36	0.09
61.38	0.59
61.4	0.2
61.42	0.42
61.44	0.08
61.46	0.47
61.48	0.09
61.5	-0.08
61.52	0.12
61.54	0.39
61.56	0.21
61.58	0.41
61.6	0.32
61.62	0.52
61.64	0.47
61.66	0.27
61.68	0.27
61.7	0.38
61.72	0.66
61.74	0.36
61.76	-0.16
61.78	0.13
61.8	0.31
61.82	-0.03
61.84	-0.18
61.86	0.52
61.88	0.21
61.9	0.5
61.92	0.08
61.94	0.27
61.96	0.25
61.98	0.38
62.02	0.33
62.04	0.34
62.06	0.28
62.08	0.24
62.1	0.54
62.12	-0.06
62.14	0.65
62.18	0.75
62.2	0.6
62.22	0.51
62.24	0.8
62.26	0.58
62.28	0.39
62.3	0.35
62.32	0.62
62.34	0.56
62.36	0.79
62.38	0.63
62.4	0.79
62.42	0.65
62.44	0.56
62.46	0.51
62.48	0.1
62.5	0.46
62.52	0.7
62.54	0.31
62.56	0.61
62.58	0.63
62.6	0.82
62.62	0.83
62.64	0.51
62.66	0.73
62.68	0.31
62.7	0.6
62.72	0.79
62.74	0.86
62.76	0.76
62.78	0.81
62.8	0.93
62.82	0.76
62.84	0.32
62.86	0.76
62.88	0.77
62.9	0.73
62.92	0.75
62.94	0.7
62.96	0.92
62.945	0.75
62.965	0.83
62.985	0.8
63.005	0.69
63.025	0.85
63.045	0.28
63.065	0.86
63.085	0.81
63.105	0.83
63.125	0.81
63.145	0.5
63.165	0.47
63.185	0.66
63.205	0.59
63.225	0.75
63.245	0.85
63.265	0.37
63.285	0.83
63.305	0.64
63.325	-0.05
63.345	0.63
63.365	0.7
63.385	0.51
63.405	0.55
63.425	0.73
63.445	0.28
63.465	0.41
63.485	0.27
63.505	0.04
63.525	0.38
63.545	0.58
63.565	0.42
63.585	0.19
63.605	0.31
63.625	0.38
63.645	0.24
63.665	0.37
63.685	0.09
63.705	-0.19
63.725	0.32
63.745	-0.23
63.765	-0.35
63.785	-0.1
63.805	-0.26
63.825	-0.41
63.845	-0.38
63.865	-0.05
63.885	-0.29
63.905	-0.42
63.925	-0.31
63.995	-0.44
64.025	-0.16
64.045	-0.27
64.075	-0.51
64.115	0.22
64.145	0.01
64.165	-0.15
64.205	0.55
64.245	0.14
64.275	-0.17
64.305	0.02
64.325	0.36
64.345	-0.19
64.365	-0.19
64.385	-0.15
64.405	0.23
64.425	0.22
64.445	0.16
64.475	0.39
64.635	-0.16
64.665	0
64.685	-0.27
64.705	0.3
64.725	0.19
64.745	0.04
64.775	-0.14
64.805	0.07
64.825	0.45
64.845	-0.01
64.865	0.1
64.895	0.06
64.925	-0.07
64.945	0.03
64.965	-0.46
64.985	-0.3
65.005	0.31
65.025	0.72
65.045	0.48
65.065	0.44
65.085	0.75
65.105	0.57
65.125	0.46
65.145	0.66
65.165	0.7
65.185	0.57
65.205	0.65
65.225	0.31
65.255	0.68
65.285	0.58
65.305	0.84
65.325	0.62
65.345	-0.2
65.365	0.38
65.385	0.42
65.405	0.15
65.425	0.16
65.445	0.58
65.465	0.55
65.485	0.59
65.505	0.34
65.525	0.43
65.545	0.53
65.565	0.3
65.585	0.45
65.605	0.19
65.625	0.56
65.645	0.38
65.665	0.79
65.685	0.06
65.705	0.16
65.725	0.35
65.745	0.4
65.765	0.24
65.785	0.85
65.805	0.33
65.825	0.15
65.845	0.31
65.865	0.22
65.905	-0.26
65.925	-0.27
65.945	-0.06
65.965	-0.05
65.985	0.14
66.005	-0.17
66.025	0.11
66.045	0.21
66.065	0.25
66.085	0.47
66.105	0.26
66.125	0.22
66.145	0.57
66.165	0.52
66.185	0.41
66.205	0.39
66.225	0.13
66.245	0.51
66.265	0.34
66.285	-0.26
66.305	0.19
66.325	0.12
66.345	-0.12
66.365	-0.42
66.385	-0.19
66.405	-0.08
66.425	0.2
66.445	-0.18
66.465	-0.06
66.485	0.02
66.505	0.08
66.535	-0.06
66.565	0.05
66.585	-0.01
66.605	0.26
66.625	0.2
66.645	0.43
66.665	0.3
66.685	0.1
66.705	0.13
66.725	0.12
66.745	0.21
66.775	0.05
66.825	0.24
66.845	0.01
66.865	0.81
66.885	0.1
66.905	0.75
66.925	0.7
66.945	0.42
66.965	0.59
66.985	0.24
67.005	0.64
67.025	0.64
67.045	1
67.065	0.81
67.085	0.61
67.105	0.64
67.125	0.97
67.145	0.15
67.165	0.93
67.185	0.7
67.205	0.85
67.225	0.78
67.245	0.69
67.265	0.15
67.285	0.6
67.305	0.55
67.325	1.03
67.345	0.79
67.365	0.86
67.385	0.92
67.405	0.47
67.425	0.72
67.445	0.82
67.465	0.66
67.485	0.6
67.505	0.71
67.525	0.72
67.545	0.08
67.585	0.33
67.605	0.41
67.625	0.3
67.645	0.5
67.665	0.91
67.685	0.77
67.705	-0.05
67.725	0.86
67.745	0.46
67.765	0.28
67.79	0.25
67.81	0.55
67.83	0.14
67.85	0.21
67.87	-0.04
67.89	0.34
67.91	0.17
67.93	0.49
67.95	0.16
67.97	0.11
67.99	0.31
68.01	-0.02
68.03	0.07
68.05	0.44
68.07	-0.09
68.09	-0.08
68.11	0.32
68.13	0.49
68.15	0.34
68.17	0.45
68.21	0.42
68.23	0.12
68.25	0.07
68.27	0.32
68.29	0.11
68.31	0.38
68.33	0.24
68.35	0.42
68.37	0.51
68.39	-0.04
68.41	0.53
68.43	-0.01
68.45	0.8
68.47	0.47
68.49	0.8
68.51	0.92
68.53	0.34
68.58	0.45
68.61	0.6
68.63	1.01
68.65	0.41
68.67	0.38
68.69	0.4
68.72	0.21
68.75	1.01
68.77	0.83
68.79	0.99
68.81	0.86
68.83	0.27
68.85	0.82
68.87	0.79
68.89	0.81
68.91	1.01
68.93	0.79
68.95	0.81
68.99	0.88
69.03	0.4
69.05	0.61
69.09	-0.17
69.11	-0.21
69.13	-0.02
69.15	0.18
69.17	-0.45
69.19	0.56
69.21	0.36
69.23	0.5
69.25	0.47
69.27	0.7
69.29	0.63
69.31	0.56
69.33	0.22
69.35	0.93
69.37	0.88
69.39	0.59
69.39	0.82
69.41	0.7
69.47	0.83
69.49	1.08
69.51	0.97
69.53	0.86
69.55	0.89
69.57	1.01
69.59	0.73
69.61	0.68
69.63	0.6
69.65	0.48
69.652	0.88
69.672	0.98
69.692	0.63
69.712	0.42
69.732	0.72
69.752	0.5
69.772	0.93
69.792	0.74
69.812	0.43
69.832	0.45
69.852	0
69.872	0.21
69.892	0.51
69.912	0.51
69.932	-0.12
69.952	0.36
69.972	0.44
69.992	0.13
70.012	0.53
70.032	0.71
70.052	0.77
70.072	0.83
70.092	0.86
70.112	0.63
70.132	0.62
70.152	0.22
70.172	0.63
70.192	0.4
70.212	0.83
70.232	0.82
70.252	0.53
70.272	0.65
70.292	0.46
70.312	0.69
70.332	0.24
70.352	0.23
70.372	0.69
70.392	0.55
70.412	0.61
70.432	0.37
70.452	0.22
70.472	0.09
70.492	0.13
70.512	0.3
70.532	-0.03
70.552	0.35
70.572	0.38
70.592	0.38
70.612	0.09
70.632	0.1
70.652	0.33
70.672	0.64
70.692	-0.34
70.712	0.06
70.732	0.27
70.752	0.08
70.772	0.03
70.792	0.56
70.812	0.35
70.832	0.42
70.852	0.29
70.872	0.25
70.892	0.21
70.912	0.45
70.932	0.23
70.952	0.12
70.972	0.28
70.992	-0.01
71.012	0.29
71.032	0.08
71.052	0.63
71.072	0.45
71.092	0.18
71.112	0.3
71.132	0.22
71.152	0.22
71.172	-0.04
71.192	0.55
71.212	0.79
71.232	0.47
71.252	0.52
71.272	0.47
71.292	0.41
71.312	-0.12
71.332	0.37
71.352	0.24
71.372	0.63
71.392	-0.13
71.412	0.26
71.432	-0.03
71.452	0.36
71.472	0.41
71.492	0.1
71.512	-0.01
71.532	-0.06
71.552	0.17
71.572	0.15
71.592	0.31
71.612	-0.09
71.632	-0.07
71.652	-0.12
71.672	0.15
71.692	0.25
71.712	-0.1
71.732	0.04
71.752	-0.02
71.772	0.15
71.792	-0.18
71.812	-0.29
71.832	-0.56
71.852	-0.44
71.872	-0.23
71.892	-0.57
71.912	-0.11
71.932	-0.37
71.952	-0.62
71.972	-0.2
71.992	-0.32
72.012	-0.26
72.032	0.13
72.052	-0.26
72.072	-0.23
72.092	0.13
72.112	-0.23
72.172	0.06
72.192	0.5
72.212	0.02
72.232	0.5
72.252	0.6
72.272	0.82
72.292	0.79
72.312	0.38
72.332	0.9
72.352	0.5
72.372	0.97
72.392	0.83
72.412	0.91
72.432	0.91
72.452	0.85
72.472	0.72
72.492	1.04
72.512	0.32
72.552	1
72.572	0.94
72.592	0.93
72.612	0.97
72.632	0.05
72.652	0.72
72.672	1.04
72.692	0.94
72.712	0.87
72.732	0.82
72.752	0.88
72.772	0.75
72.792	0.88
72.812	0.4
72.832	0.84
72.852	0.96
72.872	0.79
72.892	0.79
72.912	0.77
72.932	0.8
72.952	0.79
72.972	0.72
72.992	0.9
73.012	0.82
73.032	0.67
73.052	0.4
73.072	0.34
73.092	0.75
73.112	0.77
73.132	0.87
73.152	0.88
73.172	0.49
73.192	0.83
73.212	0.69
73.232	0.71
73.252	0.5
73.272	0.39
73.292	0.27
73.312	0.84
73.332	0.96
73.352	0.19
73.372	-0.22
73.392	0.56
73.412	0.64
73.432	0.58
73.452	0.62
73.472	0.88
73.492	0.71
73.512	0.61
73.532	0.62
73.552	0.7
73.572	0.71
73.592	0.21
73.612	-0.35
73.632	0.54
73.652	0.75
73.672	0.7
73.692	1.21
73.712	0.91
73.732	0.97
73.752	0.85
73.772	0.76
73.792	0.87
73.812	0.3
73.832	0.74
73.852	0.93
73.882	1.01
73.912	0.35
73.932	0.61
73.952	0.55
73.972	0.36
74.01	0.72
74.03	0.72
74.05	0.73
74.07	-0.02
74.09	0.67
74.11	0.81
74.13	0.83
74.15	0.09
74.17	0.34
74.19	0.66
74.21	0.07
74.23	0.61
74.25	0.57
74.27	0.93
74.29	0.38
74.31	0.67
74.33	0.74
74.35	0.4
74.37	0.09
74.39	0.58
74.41	0.82
74.47	0.67
74.49	0.37
74.51	0.63
74.53	0.32
74.55	0.03
74.57	0.65
74.59	0.55
74.63	0.38
74.65	0.93
74.67	0.42
74.69	0.57
74.73	0.74
74.75	0.11
74.79	0.34
74.81	-0.24
74.83	0.36
74.85	-0.02
74.89	0.87
74.91	0.47
74.93	0.52
74.99	0.7
75.01	0.68
75.03	0.6
75.05	0.75
75.07	0.05
75.09	0.52
75.13	0.69
75.15	0.48
75.17	0.71
75.19	0
75.21	0.66
75.23	0.69
75.25	0.37
75.27	0.45
75.29	0.7
75.31	0.52
75.33	0.5
75.35	0.3
75.39	0.64
75.41	0.51
75.43	-0.45
75.45	0.49
75.47	0.63
75.49	0.07
75.51	0.64
75.53	0.22
75.55	0.12
75.57	0.43
75.59	0.77
75.61	0
75.63	0.78
75.65	0.67
75.67	0.72
75.69	0.68
75.71	0.34
75.73	0.76
75.77	0.67
75.79	0.89
75.81	0.04
75.83	0.52
75.85	0.56
75.87	0.6
75.89	0.64
75.91	0.46
75.93	0.58
75.95	0.49
75.97	0.67
75.99	0.64
76.01	0.83
76.03	0.8
76.05	0.38
76.07	0.74
76.09	0.56
76.11	0.37
76.13	0.53
76.15	0.62
76.17	0.74
76.19	0.43
76.21	0.56
76.23	0.74
76.25	0.74
76.27	0.4
76.29	0.77
76.31	0.91
76.33	0.67
76.35	0.75
76.37	0.64
76.39	0.57
76.41	0.22
76.43	0.59
76.45	0.57
76.47	0.69
76.49	-0.24
76.51	0.76
76.53	0.83
76.55	0.63
76.57	0.43
76.59	0.37
76.61	0.57
76.63	-0.06
76.65	0.69
76.67	0.37
76.69	0.51
76.71	0.45
76.73	0.52
76.75	0.5
76.77	0.19
76.79	0.37
76.81	0.2
76.83	0.35
76.85	0.26
76.87	-0.01
76.89	0.05
76.91	0.46
76.93	-0.43
76.95	0.11
76.97	-0.13
76.99	0.41
77.01	-0.03
77.03	-0.08
77.13	-0.24
77.15	-0.18
77.17	-0.11
77.19	-0.2
77.21	-0.4
77.23	-0.01
77.25	0.28
77.27	0.16
77.31	0.4
77.35	0.07
77.45	-0.54
77.47	0.27
77.49	0.37
77.51	0.26
77.53	0.42
77.55	0.16
77.57	0.43
77.59	0.47
77.61	0.43
77.65	0.43
77.67	0.5
77.69	0.57
77.71	0.42
77.73	0.4
77.75	0.08
77.77	0.52
77.79	0.86
77.81	0.68
77.83	0.64
77.85	1.05
77.89	0.84
77.91	0.64
77.93	0.48
77.95	0.63
78.01	0.63
78.09	0.09
78.15	0.13
	
78.25	0.77
78.31	0.58
78.35	0.45
78.37	0.85
78.39	-0.14
78.41	0.8
78.43	-0.03
78.45	0.71
78.47	0.56
78.51	0.71
78.53	0.63
78.55	0.64
78.57	0.36
78.59	0.51
78.61	0.85
78.63	0.92
78.65	0.9
78.67	0.76
78.69	-0.35
78.71	0.55
78.73	0.74
78.75	0.36
78.77	0.6
78.79	0.63
78.81	0.8
78.83	0.81
78.85	0.23
78.87	0.35
78.89	0.16
78.91	-0.05
78.93	0.12
78.95	0.47
78.97	0.67
78.99	0.08
79.01	0.19
79.03	0.67
79.07	0.24
79.09	0.23
79.11	0.57
79.13	0.43
79.15	0.49
79.17	0.37
79.19	0.28
79.21	-0.32
79.23	-0.12
79.27	0.24
79.29	0.41
79.31	0.57
79.33	-0.33
79.35	0.28
79.37	0.55
79.39	0.09
79.41	0.12
79.43	-0.44
79.53	-0.9
79.57	-0.34
79.59	-0.58
79.61	-0.28
79.63	-0.35
79.65	-0.34
79.67	-0.28
79.71	-0.3
79.73	0.12
79.75	0.26
79.79	-0.09
79.83	0.44
79.87	-0.29
79.91	-0.17
79.93	-0.34
79.95	-0.15
79.99	-0.14
80.01	-0.11
80.07	-0.19
80.11	-0.1
80.13	0.03
80.33	-0.23
80.35	-0.15
80.37	-0.07
80.39	-0.3
80.41	-0.22
80.43	0.39
80.45	0.1
80.49	0.54
80.51	0.22
80.53	0.28
80.55	0.32
80.57	0.23
80.59	0.04
80.61	0.7
80.65	0.44
80.67	0.34
80.69	0.07
80.71	0.39
80.73	0.57
80.75	-0.07
80.95	0.31
80.97	0.14
80.99	-0.05
81.01	0.16
81.03	-0.08
81.05	0.64
81.07	0.26
81.09	0.75
81.11	-0.22
81.13	0.16
81.15	0
81.17	0.42
81.19	0.45
81.21	0.32
81.23	0.36
81.25	0.15
81.27	0.46
81.29	0.71
81.31	0.62
81.33	0.78
81.35	0.72
81.37	0.03
81.39	-0.05
81.41	0.75
81.43	0.43
81.45	0.5
81.51	0.8
81.53	0.6
81.55	0.56
81.59	0.5
81.61	1.01
81.65	0.23
81.67	0.08
81.69	0.56
81.73	0.78
81.75	0.93
81.77	0.36
81.79	1.02
81.81	0.63
81.83	0.99
81.85	0.1
81.87	0.91
81.89	0.42
81.91	0.84
81.93	0.76
81.95	0.95
81.97	1.03
81.99	1.03
82.01	0.92
82.03	0.94
82.05	0.83
82.07	1.18
82.09	0.94
82.11	0.93
82.13	1.03
82.15	1.07
82.17	0.99
82.19	1.13
82.21	1.09
82.23	1.06
82.25	0.43
82.27	1.17
82.29	0.92
82.31	0.94
82.33	0.8
82.35	1.17
	
	
82.35	1.09
82.37	0.9
82.39	1.13
82.41	0.55
82.43	1
82.45	0.97
82.51	0.97
82.53	0.95
82.55	0.81
82.57	0.93
82.59	1.1
82.61	0.58
82.63	1.05
82.65	0.86
82.67	0.96
82.69	1.18
82.71	0.21
82.73	1.01
82.75	0.73
82.77	0.93
82.79	0.86
82.81	1.05
82.83	0.96
82.85	0.74
82.87	0.67
82.89	0.45
82.91	0.94
82.93	1.09
82.95	0.23
82.97	0.73
83.01	1.08
83.03	0.95
83.05	0.25
83.07	0.98
83.09	0.59
83.13	0.65
83.15	0.09
83.17	0.96
83.19	0.23
83.21	0.1
83.23	0.56
83.25	0.92
83.27	0.61
83.29	0.95
83.31	1.11
83.33	0.51
83.35	0.22
83.37	0.99
83.39	0.83
83.41	0.35
83.43	0.2
83.45	0.42
83.47	0.42
83.49	0.76
83.51	0.79
83.53	0.39
83.55	0.55
83.57	0.69
83.59	-0.1
83.61	0.25
83.63	0.79
83.65	0.58
83.67	0.83
83.69	0.45
83.71	0.85
83.73	0.83
83.75	0.59
83.77	0.13
83.79	0.82
83.81	-0.18
83.83	0.41
83.87	0.63
83.93	0.98
83.95	-0.3
83.97	0.1
83.99	-0.29
84.01	0.9
84.03	0.65
84.05	0.66
84.09	0.72
84.13	-0.16
84.15	0.62
84.17	0.71
84.19	0.69
84.25	0.53
84.27	0.89
84.31	0.94
84.33	0.69
84.35	0.65
84.37	0.87
84.39	0.86
84.41	0.81
84.43	0.79
84.45	0.98
84.47	0.94
84.49	0.83
84.51	0.96
84.53	1.11
84.55	0.9
84.57	0.89
84.59	0.37
84.61	0.9
84.63	0.56
84.65	0.97
84.67	0.75
84.69	0.88
84.71	0.35
84.73	0.83
84.75	0.61
84.77	0.6
84.79	0.94
84.81	0.78
84.85	0.79
84.87	0.83
84.89	0.35
84.91	0.82
84.93	0.13
84.95	0.73
84.97	0.72
84.99	0.76
85.01	0.75
85.03	0.79
85.05	0.53
85.07	0.81
85.09	0.95
85.11	0.8
85.13	0.6
85.15	0.69
85.17	0.82
85.19	0.47
85.21	0.74
85.23	0.58
85.25	0.33
85.27	0.16
85.29	0.69
85.31	0.25
85.33	0.84
85.35	0.13
85.37	0.63
85.39	0.5
85.41	0.71
85.43	0.5
85.45	0.38
85.47	0.57
85.49	0.17
85.51	-0.22
85.53	0.44
85.55	0.04
85.57	0.04
85.59	-0.04
85.61	-0.14
85.63	0.03
85.65	0
85.67	0.5
85.69	0.28
85.71	0.52
85.73	0.61
85.75	0.65
85.77	0.08
85.79	0.2
85.81	0.52
85.83	0.49
85.85	0.6
85.87	0.4
85.89	0.36
85.91	0.5
85.93	0.4
85.95	-0.23
85.97	0.03
86.01	0.27
86.05	0.08
86.07	0.2
86.09	0.04
86.15	-0.08
86.17	0.6
86.19	0.13
86.21	0.11
86.23	0.18
86.25	0.41
86.27	-0.87
86.29	0.27
86.31	-0.04
86.33	0.37
86.35	0.22
86.37	0.56
86.41	-0.16
86.43	0.04
86.45	0.18
86.47	0.06
86.49	0.11
86.51	0.29
86.53	0.46
86.55	0.03
86.57	0.12
86.59	0.54
86.63	0.12
86.65	0.18
86.67	0.23
86.69	-0.22
86.71	0.03
86.41	-0.16
86.43	0.04
86.45	0.18
86.47	0.06
86.49	0.11
86.51	0.29
86.53	0.46
86.55	0.03
86.57	0.12
86.59	0.54
86.63	0.12
86.65	0.18
86.67	0.23
86.69	-0.22
86.71	0.03
86.73	-0.17
86.75	-0.07
86.77	-0.56
86.79	-0.03
86.81	-0.32
86.83	0.11
86.85	-0.49
86.87	-0.14
86.89	0.21
86.91	-0.37
86.93	0.1
86.95	0.22
86.97	0.39
86.99	0.25
	
86.99	0.06
87.05	0.57
87.07	-0.06
87.09	0.66
87.11	0.58
87.13	0.03
87.15	0.17
87.19	0.15
87.21	0.42
87.27	-0.57
87.29	-0.19
87.31	-0.11
87.33	0.05
87.35	-0.09
87.37	0.6
87.41	0.13
87.43	0.63
87.45	-0.13
87.47	0.25
87.51	-0.43
87.57	-0.09
87.59	0.13
87.61	-0.25
87.63	0.33
87.65	0.24
87.67	0.17
87.69	0.57
87.71	0.99
87.73	0.7
87.75	0.53
87.77	-0.02
87.79	0.35
87.85	0.48
87.87	-0.16
87.89	0.43
87.91	0.26
87.93	0.87
87.95	0.85
87.97	0.81
87.99	1.08
88.01	0.9
88.03	0.81
88.05	0.94
88.07	0.82
88.09	0.95
88.11	0.65
88.13	0.88
88.15	0.95
88.17	0.92
88.19	0.68
88.21	0.92
88.23	0.82
88.25	0.8
88.27	0.97
88.29	0.95
88.31	0.9
88.33	0.53
88.35	0.94
88.37	0.89
88.39	0.98
88.41	0.81
88.43	0.8
88.45	0.97
88.47	0.95
88.49	0.27
88.53	0.87
88.55	0.88
88.57	1
88.59	0.94
88.61	0.79
88.63	0.64
88.65	0.92
88.67	0.87
88.69	0.81
88.71	0.77
88.73	1.1
88.75	0.88
88.77	0.65
88.79	0.21
88.81	0.93
88.83	0.74
88.85	0.76
88.87	0.69
88.89	0.55
88.93	0.8
88.99	0.59
89.03	0.7
89.05	0.93
89.07	0.65
89.09	0.54
89.11	0.9
89.19	1.05
89.27	0.61
89.39	0.4
89.41	0.38
89.43	-0.05
89.47	-0.21
89.49	0.11
89.51	0.12
89.53	-0.05
89.55	-0.15
89.57	-0.27
89.59	-0.46
89.61	-0.15
89.63	0.19
89.65	-0.17
89.67	0.2
89.69	-0.34
89.71	-0.21
89.73	-0.42
89.75	-0.2
89.77	-0.66
89.81	-0.5
89.87	-0.29
89.89	-0.85
89.91	-0.19
89.95	-0.49
90.01	-0.2
90.03	-0.26
90.05	-0.26
90.07	0.47
90.09	0.1
90.15	0.59
90.21	0.61
90.27	-0.14
90.31	-0.24
90.33	-0.02
90.35	-0.33
90.37	-0.41
90.39	-0.03
90.41	0.11
90.43	0.2
90.45	0.32
90.47	0.3
90.49	0.45
90.51	0.15
90.53	0.29
90.55	0.66
90.57	0.09
90.59	0.74
90.61	0.52
90.63	0.47
90.65	0.46
90.67	0.67
90.69	0.86
90.71	0.21
90.73	0.5
90.75	0.77
90.77	0.88
90.79	0.93
90.81	0.84
90.83	0.67
90.85	0.98
90.87	0.47
90.89	0.97
90.91	1.12
90.93	1.05
90.95	1.04
90.97	0.82
90.99	1.11
91.01	1.21
91.03	0.92
91.05	0.54
91.07	0.93
91.09	1.18
91.11	0.56
91.13	1.03
91.15	1.04
91.17	1.08
91.19	1.19
91.21	0.7
91.23	0.86
91.25	0.89
91.27	1
91.29	0.66
91.31	0.89
91.33	0.96
91.343	0.29
91.363	0.71
91.383	0.03
91.45	1.02
91.49	0.99
91.51	0.41
91.55	0.98
91.57	0.66
	
91.59	0.78
91.61	0.57
91.63	0.66
91.65	0.5
91.67	0.19
91.69	0.35
91.71	0.57
91.73	0.25
91.75	0.52
91.77	0.5
91.79	-0.14
91.81	0.46
91.87	-0.04
91.91	0.07
91.93	-0.09
91.95	-0.12
91.97	0.35
91.99	0.49
92.03	0.18
92.05	-0.36
92.07	-0.28
92.09	0.17
92.11	0.19
92.13	0.48
92.15	0.13
92.17	-0.13
92.19	0.6
92.21	-0.16
92.25	0.16
92.27	-0.06
92.29	-0.13
92.31	-0.56
92.35	-0.69
92.49	-0.05
92.51	0
92.53	0.04
92.55	-0.05
92.57	-0.15
92.65	-0.18
92.69	0.29
92.71	-0.34
92.73	0.5
92.75	0.47
92.77	-0.58
92.79	0.37
92.81	0.38
92.87	0.08
92.89	0.23
92.91	0.49
92.93	-0.33
92.95	0.28
92.99	0.24
93.01	0.2
93.03	0.64
93.05	0.61
93.07	0.19
93.09	0.54
93.11	0.87
93.13	0.92
93.17	0.82
93.21	0.65
93.25	0.8
93.27	0.85
93.29	0.77
93.35	0.82
93.37	1.11
93.39	0.42
93.41	0.79
93.43	0.81
93.45	1.02
93.47	0.9
93.49	0.7
93.51	0.6
93.53	1.05
93.55	1.01
93.57	0.85
93.59	1.04
93.61	0.99
93.63	1.02
93.65	0.95
93.67	0.65
93.69	0.78
93.71	0.95
93.73	0.79
93.75	0.59
93.77	0.64
93.79	0.51
93.81	0.57
93.83	0.43
93.85	0.1
93.87	0.7
93.89	0.68
93.91	0.92
93.97	0.56
94.01	1.01
94.05	0.89
94.07	0.85
94.09	0.74
94.21	0.35
94.27	0.76
94.31	0.53
94.33	0.26
94.35	0.55
94.37	0.89
94.39	0.78
94.45	0.58
94.47	0.24
94.53	0.48
94.57	0.58
94.61	0.28
94.63	0.46
94.65	0.48
94.67	0.73
94.69	0.64
94.71	0.61
94.73	0.7
94.75	0.3
94.81	0.61
94.83	0.42
94.85	0.62
94.89	0.62
94.91	0.56
94.95	-0.12
94.99	0.63
95.01	0.63
95.05	0.31
95.07	0.57
95.15	0.46
95.19	0.77
95.21	0.57
95.29	0.37
95.33	0.43
95.35	0.58
95.37	0.4
95.41	0.41
95.43	0.3
95.45	0.44
95.47	0.14
95.51	0.47
95.55	0.48
95.57	-0.08
95.59	0.45
95.61	0.34
95.63	0.36
95.67	0.42
95.73	0.4
95.77	0.35
95.79	0.5
95.89	0.13
95.99	0.52
96.01	-0.24
96.09	-0.09
96.11	0.1
96.13	-0.37
96.15	-0.46
96.17	-0.37
96.21	0.08
96.23	-0.25
96.25	-0.43
96.27	-0.34
96.29	-0.37
96.31	-0.31
96.33	0.03
96.35	-0.21
96.37	-0.31
96.39	-0.14
96.41	-0.05
96.43	-0.68
96.45	-0.17
96.47	-0.06
96.51	-0.15
96.53	-0.21
96.55	0.16
96.57	-0.1
96.59	0.09
96.61	-0.09
96.63	0.03
96.65	-0.07
96.67	0.07
96.69	0.24
96.71	0.37
96.73	0.26
96.75	0.42
96.77	0.36
96.79	0.45
96.81	0.41
96.83	0.41
96.85	0.1
96.87	0.77
96.89	0.65
96.91	0.46
96.93	0.69
96.95	0.4
96.97	0.71
97.07	0.68
97.09	0.57
97.11	0.18
97.13	0.72
97.15	1.04
97.17	1.21
97.19	0.93
97.21	0.55
97.23	0.92
97.25	0.9
97.27	0.2
97.29	1.15
	
97.29	0.89
97.31	0.82
97.33	0.89
97.35	1.05
97.37	0.91
97.39	1.23
97.41	0.9
97.43	0.63
97.45	1.01
97.47	0.88
97.49	0.82
97.51	0.68
97.53	0.96
97.55	0.76
97.57	1
97.59	-0.71
97.61	1.06
97.63	0.88
97.65	1
97.67	0.84
97.69	0.77
97.71	0.76
97.73	1.03
97.75	0.34
97.77	0.68
97.79	0.72
97.81	0.8
97.83	0.91
97.85	0.99
98.05	0.8
98.17	0.75
98.19	0.87
98.29	0.53
98.47	0.73
98.53	0.77
98.55	0.72
98.57	0.68
98.59	0.63
98.63	0.24
98.67	0.73
98.71	0.58
98.75	0.73
98.77	0.5
98.85	0.24
98.91	0.33
98.95	0.47
99.05	0.46
99.07	-0.65
99.13	0.57
99.17	0.72
99.21	0.63
99.27	0.64
99.31	0.84
99.33	0.32
99.37	1.01
99.41	0.6
99.43	0.69
99.45	0.31
99.45	0.38
99.45	0.83
99.45	0.71
99.45	0.16
99.57	0.54
99.59	0.5
99.61	0.17
99.63	0.66
99.67	0.71
99.69	0.56
99.71	0.35
99.79	0.6
99.89	0.77
99.91	0.61
99.97	0.54
99.99	0.45
100.01	0.54
100.05	0.23
100.07	0.42
100.11	0.82
100.13	1
100.15	0.81
100.17	0.79
100.19	0.77
100.21	0.75
100.23	0.6
100.27	0.61
100.37	0.39
100.39	0.26
100.41	0.08
100.43	-0.2
100.45	-0.4
100.47	-0.24
100.49	0.14
100.51	0.03
100.53	0.25
100.55	-0.02
100.57	0
100.59	0.29
100.61	0.13
100.63	0.33
100.65	0.26
100.67	0.36
100.69	0.53
100.71	0.49
100.73	0.36
100.75	0.44
100.77	0.68
100.81	0.13
100.85	-0.46
100.89	0.38
100.93	0.73
100.95	0.25
100.97	0.33
100.99	0.71
101.01	-0.09
101.03	0.24
101.05	0.32
101.07	0.5
101.09	0.8
101.11	0.5
101.13	0.75
101.15	0.32
101.17	0.67
101.19	0.89
101.21	0.78
101.23	0.4
101.25	0.88
101.27	0.91
101.29	0.64
101.31	0.7
101.33	0.88
101.35	0.76
101.37	1.1
101.39	0.83
101.41	0.53
101.43	1.1
101.45	1.09
101.47	0.99
101.49	0.93
101.51	1.29
101.53	1.18
101.55	0.75
101.57	0.97
101.59	1.08
101.61	1.01
101.63	1.19
101.67	1.17
101.69	1.13
101.71	1.17
101.73	1.23
101.75	1.28
101.77	1.16
101.79	1.15
101.81	0.39
101.83	1.19
101.85	1.24
101.87	1.15
101.89	0.77
101.91	0.96
101.93	0.98
101.97	1.1
101.99	1.06
102.01	1.02
102.03	1.07
102.05	1.13
102.07	0.75
102.09	0.78
102.11	1.01
102.13	1.08
102.15	0.89
102.17	1.1
102.19	1.05
102.21	0.98
102.23	1.04
102.25	1.01
102.27	0.91
102.29	0.94
102.31	0.78
102.33	0.84
102.35	0.88
102.37	0.8
102.41	0.73
102.45	0.86
102.49	0.72
102.53	0.76
102.55	0.24
102.57	0.82
102.61	0.77
102.63	0.64
102.65	0.63
102.69	0.62
102.71	0.71
102.73	0.7
102.75	0.47
102.77	0.73
102.79	0.69
102.81	0.61
102.83	0.58
102.85	0.28
102.87	0.65
102.89	0.78
102.91	0.61
102.93	0.55
102.95	0.65
102.97	0.22
103.01	0.58
103.03	0.69
103.07	-0.01
103.11	0.74
103.13	0.56
103.15	0.38
103.17	0.4
	
103.17	0.62
103.205	0.67
103.225	0.61
103.245	0.66
103.285	0.55
103.305	0.83
103.365	0.74
103.385	0.71
103.405	0.37
103.425	0.47
103.465	0.9
103.485	0.88
103.505	0.66
103.525	0.6
103.545	0.89
103.565	0.6
103.605	-0.45
103.625	0.33
103.665	0.32
103.705	0.21
103.725	0.57
103.745	-0.09
103.765	0.34
103.785	0.4
103.805	0.22
103.825	0.08
103.865	0.87
103.885	-0.23
103.905	0.95
103.925	1.01
103.945	0.2
103.965	-0.03
103.985	0.57
104.005	0.64
104.025	0.33
104.045	0.4
104.065	0.4
104.125	-0.3
104.145	-0.43
104.165	-0.01
104.185	-0.03
104.205	0.3
104.225	0.29
104.245	0.82
104.265	0.49
104.285	0.37
104.305	0.49
104.325	0.45
104.345	0.73
104.365	0.62
104.385	0.43
104.405	0.59
104.425	0.06
104.445	-0.19
104.465	-0.11
104.485	-0.13
104.505	0.08
104.525	0.05
104.545	0.5
104.565	0.04
104.585	0.6
104.605	0.54
104.625	0.76
104.665	1.03
104.685	0.85
104.705	0.91
104.725	1.04
104.745	1.08
104.765	1.11
104.785	1.03
104.805	1.14
104.825	1.02
104.845	0.8
104.865	1.11
104.885	0.79
104.905	1.15
104.925	0.66
104.945	0.93
104.965	0.51
104.985	1
105.005	-0.12
105.025	0.98
105.045	0.92
105.065	0.97
105.085	0.53
105.105	0.9
105.125	1.13
105.145	0.81
105.185	1.1
105.205	0.97
105.225	0.88
105.245	1.07
105.265	-0.19
105.285	0.97
105.305	0.97
105.325	0.8
105.345	0.77
105.365	0.97
105.385	0.96
105.405	0.83
105.425	0.41
105.445	0.31
105.465	1.05
105.505	0.85
105.525	1.13
105.545	0.88
105.565	0.74
105.585	0.88
105.605	0.85
105.625	0.88
105.645	0.97
105.665	0.83
105.685	0.85
105.705	0.89
105.725	0.67
105.745	0.78
105.765	0.94
105.785	0.65
105.805	0.94
105.825	0.65
105.845	0.82
105.865	0.74
105.885	1.02
105.905	1.06
105.925	0.91
105.945	1.01
105.965	0.93
105.985	0.64
106.005	0.86
106.025	0.92
106.045	0.98
106.065	0.27
106.085	1
106.105	0.61
106.125	0.94
106.165	0.91
106.185	0.91
106.225	0.5
106.245	0.69
106.285	0.39
106.305	0.3
106.345	-0.02
106.385	-0.07
106.405	0.04
106.425	-0.09
106.445	-0.06
106.465	-0.04
106.485	-0.11
106.505	-0.15
106.525	-0.46
106.545	-0.01
106.565	0.17
106.585	0.15
106.605	-0.03
106.625	0.34
106.645	0.8
106.665	0.79
106.685	0.27
106.705	0.55
106.725	0.75
106.745	0.24
106.765	0.59
106.785	0.37
106.805	0.42
106.825	0.84
106.845	0.61
106.865	0.09
106.885	0.72
106.905	0.69
106.925	0.82
106.945	0.03
106.965	0.47
106.985	0.44
107.005	0.41
107.025	0.7
107.045	0.4
107.065	0.71
107.085	0.63
107.105	0.84
107.125	0.77
107.145	0.95
107.165	0.9
107.185	0.75
107.205	0.81
107.225	0.88
107.245	1.09
107.265	1.08
107.285	1.2
107.305	1.15
107.325	0.12
107.345	1.05
107.365	1.19
107.385	1.16
107.405	1.14
107.425	0.86
107.445	0.61
107.465	0.87
107.485	1.04
107.505	1.07
107.525	1.07
107.545	1.02
107.565	0.99
107.585	0.69
107.605	1.16
107.625	0.59
107.645	0.79
107.665	0.57
107.685	0.86
107.705	1.14
107.725	0.96
107.745	1.07
107.765	0.93
107.785	1.14
107.805	1.05
107.825	1.15
107.845	0.63
107.865	0.95
107.885	1.07
107.905	1.2
107.925	0.91
107.945	1.19
107.965	0.91
107.985	1.02
108.005	1.12
108.025	1.17
108.045	1.11
108.065	0.8
108.085	1.18
108.105	1.21
108.125	1.2
108.145	0.6
108.165	1.07
108.185	0.85
108.205	1.16
108.225	0.9
108.245	0.78
108.265	0.93
108.285	0.99
108.305	1.22
108.345	1.03
108.405	0.88
108.445	0.3
108.385	0.56
108.505	0.8
108.525	0.57
108.545	0.56
108.565	0.35
108.585	1.06
108.605	0.97
108.645	0.44
108.665	0.06
108.685	0.59
108.705	0.45
108.725	0.59
108.745	0.19
108.765	0.2
108.785	-0.33
108.805	0
108.825	0.48
108.845	0.03
108.865	-0.02
108.885	0.01
108.905	0.46
108.925	0.38
108.945	0.11
109.005	-0.27
109.045	0.36
109.085	0.13
109.105	0.16
109.125	0.38
109.185	0.35
109.205	0.32
109.225	0.37
109.245	0.65
109.265	0.45
109.285	0.44
109.305	0.68
109.325	0.45
109.345	0.38
109.385	0.12
109.445	0.47
109.485	0.08
109.565	-0.03
109.605	0.29
109.665	0.24
109.705	0.11
109.725	0.08
109.745	0.11
109.765	0.29
109.785	0.31
109.805	-0.1
109.825	0.29
109.845	0.37
109.865	0.31
109.885	0.32
109.905	0.3
109.925	0.49
109.945	0.05
109.985	0.96
110.025	0.68
110.065	0.61
110.085	0.75
110.105	0.29
110.125	1.02
110.145	0.3
110.165	0.54
110.185	0.87
