    0.0000     0.0178 
    0.0525     2.1776 
    0.0788     3.0273 
    0.1051     3.8661 
    0.1314     4.5148 
    0.2102     6.3587 
    0.2627     7.6442 
    0.3679     9.2753 
    0.3941     9.6292 
    0.4204     9.9665 
    0.4467    10.2569 
    0.4729    10.5520 
    0.4992    10.8753 
    0.6306    12.3645 
    0.7620    14.0289 
    0.8933    15.9146 
    0.9196    16.2832 
    0.9722    17.1475 
    0.9984    17.8642 
    1.0773    19.8603 
    1.1561    21.7859 
    1.1824    22.2761 
    1.2612    23.1455 
    1.3138    23.5960 
    1.4451    24.4036 
    1.5765    25.2546 
    1.6291    25.6068 
    1.6816    25.9644 
    1.8130    27.2918 
    1.8918    28.3850 
    2.0232    30.3990 
    2.0495    30.7733 
    2.0757    31.0960 
    2.1020    31.3988 
    2.1283    31.7310 
    2.1546    32.0440 
    2.1808    32.3292 
    2.2859    33.9005 
    2.3122    34.2556 
    2.4436    35.4465 
    2.5487    36.4167 
    2.6275    37.1202 
    2.7063    37.7537 
    2.8114    38.9778 
    2.8903    39.7800 
    3.0216    40.9074 
    3.1004    41.6791 
    3.2056    42.8366 
    3.2318    43.2224 
    3.3106    44.7657 
    3.3632    45.9232 
    3.4158    47.0807 
    3.4683    48.2381 
    3.4946    48.6240 
    3.5997    49.7814 
    3.6785    50.5531 
    3.7573    51.3247 
    3.8361    52.0964 
    3.9150    52.8680 
    4.0201    54.0255 
    4.1252    55.1830 
    4.2303    56.3405 
    4.3617    57.8838 
    4.3879    58.2696 
    4.4142    58.6554 
    4.4405    59.0412 
    4.4668    59.4270 
    4.5719    61.3562 
    4.6507    62.8995 
    4.7295    64.4428 
    4.8346    66.3719 
    4.9397    68.3010 
    4.9660    68.6869 
    5.0973    70.2302 
    5.1236    70.6160 
    5.1499    71.0018 
    5.1762    71.3876 
    5.2024    71.7735 
    5.2287    72.1593 
    5.2550    72.5451 
    5.2813    72.9309 
    5.3076    73.3168 
    5.3338    73.7026 
    5.3601    74.0884 
    5.3864    74.4742 
    5.4652    76.0175 
    5.5440    78.2320 
    5.5703    79.1557 
    5.5966    80.0796 
    5.6491    82.3891 
    5.7017    84.6985 
    5.7279    85.5676 
    5.7542    86.0511 
    5.8068    86.7765 
    5.8331    87.0182 
    5.9119    87.5923 
    6.0432    88.7498 
    6.0958    89.1356 
    6.2272    89.9072 
    6.2797    90.2931 
    6.3586    91.0647 
    6.3848    91.4505 
    6.4637    92.9938 
    6.5425    94.9230 
    6.5687    95.6946 
    6.5950    96.4663 
    6.6476    98.3954 
    6.6738    99.1670 
    6.7264   100.8885 
    6.7527   101.8654 
    6.7790   102.8414 
    6.8052   103.8182 
    6.8578   105.4876 
    6.8841   106.1996 
    6.9103   106.9125 
    6.9629   107.9810 
    6.9892   108.3375 
    7.0680   109.0692 
    7.1205   109.4379 
    7.2519   110.1742 
    7.3833   111.0004 
    7.4358   111.4151 
    7.5672   112.6580 
    7.6986   113.9021 
    7.7774   114.7315 
    7.8562   115.5598 
    7.9351   116.3892 
    8.0139   117.2175 
    8.0927   118.0468 
    8.1715   118.8762 
    8.2766   120.1192 
    8.3029   120.5339 
    8.3817   122.1916 
    8.4343   123.4356 
    8.5131   125.5080 
    8.5656   127.5804 
    8.6182   129.6470 
    8.6708   131.5760 
    8.6970   132.3480 
    8.7233   133.1200 
    8.8021   135.0490 
    8.8810   136.5920 
    8.9072   136.9780 
    8.9335   137.3640 
    9.0123   138.1350 
    9.0649   138.5210 
    9.1962   139.2930 
    9.2488   139.6790 
    9.3276   140.4500 
    9.4327   141.6080 
    9.4590   141.9940 
    9.5641   143.9230 
    9.6429   145.4660 
    9.6955   146.6240 
    9.7743   148.5530 
    9.8531   150.4820 
    9.9320   152.4110 
