    0.0500     4.0419 
    0.0821     4.5234 
    0.1142     5.0572 
    0.1463     5.6004 
    0.1784     6.1545 
    0.2105     6.7701 
    0.2212     7.0469 
    0.2319     7.3194 
    0.2533     7.8920 
    0.2747     8.3758 
    0.2961     8.8302 
    0.3068     9.0060 
    0.3389     9.5383 
    0.3603     9.8449 
    0.3924    10.2049 
    0.4245    10.5558 
    0.4673    11.0508 
    0.4780    11.1554 
    0.5208    11.4945 
    0.5529    11.7180 
    0.6064    12.0461 
    0.6599    12.3961 
    0.6813    12.5146 
    0.7348    12.7604 
    0.7883    13.0145 
    0.8418    13.2625 
    0.8632    13.3806 
    0.9167    13.7400 
    0.9702    14.1419 
    1.0023    14.4248 
    1.0451    14.8723 
    1.0879    15.3081 
    1.1307    15.7172 
    1.1735    16.0923 
    1.2163    16.3873 
    1.2591    16.6535 
    1.3019    16.8963 
    1.3340    17.0637 
    1.3875    17.3358 
    1.4089    17.4431 
    1.4624    17.6579 
    1.5159    17.9001 
    1.5694    18.1507 
    1.6229    18.3950 
    1.6443    18.5150 
    1.6978    18.8763 
    1.7513    19.2409 
    1.8048    19.5795 
    1.8583    19.9204 
    1.9118    20.2739 
    1.9653    20.7456 
    2.0188    21.2085 
    2.0723    21.6526 
    2.1258    22.0910 
    2.1793    22.4959 
    2.2328    22.8797 
    2.2863    23.2824 
    2.3398    23.6853 
    2.3933    24.0705 
    2.4468    24.3984 
    2.5003    24.7947 
    2.5538    25.1755 
    2.6073    25.4889 
    2.6608    25.8078 
    2.7143    26.1639 
    2.7678    26.5673 
    2.8213    26.9498 
    2.8748    27.3587 
    2.9283    27.8000 
    2.9818    28.3405 
    3.0353    28.8685 
    3.0888    29.3678 
    3.1423    29.7763 
    3.1958    30.1773 
    3.2493    30.5543 
    3.3028    30.8788 
    3.3563    31.1499 
    3.4098    31.4250 
    3.4633    31.7220 
    3.4847    31.8161 
    3.5382    32.0023 
    3.5917    32.1829 
    3.6452    32.3452 
    3.6987    32.5077 
    3.7522    32.6736 
    3.8057    32.8393 
    3.8271    32.9421 
    3.8806    33.2674 
    3.9341    33.5489 
    3.9876    33.8383 
    4.0411    34.1600 
    4.0946    34.4623 
    4.1481    34.7374 
    4.1802    34.9008 
    4.2230    35.1449 
    4.2765    35.5164 
    4.2872    35.6254 
    4.2979    35.7343 
    4.3407    36.1639 
    4.3835    36.6865 
    4.4263    37.2029 
    4.4691    37.6752 
    4.5119    38.1921 
    4.5547    38.8489 
    4.5654    38.9900 
    4.5761    39.1096 
    4.5868    39.2267 
    4.6403    39.7034 
    4.6938    40.1669 
    4.7473    40.5979 
    4.8008    41.0579 
    4.8543    41.5178 
    4.9078    41.9777 
    4.9613    42.4376 
    4.9720    42.5526 
    4.9827    42.6676 
    4.9934    42.7826 
    5.0041    42.8975 
    5.0148    43.0125 
    5.0576    43.5874 
    5.0897    44.0473 
    5.1111    44.3923 
    5.1432    44.9672 
    5.1753    45.5421 
    5.1860    45.7720 
    5.2074    46.3469 
    5.2288    46.9218 
    5.2502    47.4967 
    5.2716    48.0716 
    5.2930    48.6465 
    5.3144    49.2214 
    5.3358    49.7963 
    5.3572    50.3712 
    5.3786    50.9461 
    5.4000    51.5210 
