    0.0257     0.0000 
    0.1544     1.5519 
    0.2830     2.4141 
    0.4117     3.2607 
    0.5403     4.1382 
    0.6175     4.6217 
    0.6947     5.0614 
    0.7976     5.9990 
    0.8234     6.2958 
    0.9263     7.8601 
    1.0035     8.8519 
    1.0549     9.5339 
    1.1321    10.5312 
    1.1579    10.9272 
    1.1836    11.3317 
    1.2608    12.4416 
    1.3122    13.0588 
    1.3894    13.8660 
    1.4666    14.8853 
    1.5438    15.9099 
    1.6210    16.8062 
    1.6982    17.7312 
    1.7754    18.4972 
    1.8783    19.5709 
    1.9812    20.5554 
    2.0069    20.8070 
    2.1356    21.7492 
    2.2642    22.4524 
    2.3929    23.1530 
    2.5215    24.2144 
