    0.0100     1.3075 
    0.0507     2.2881 
    0.0913     3.0075 
    0.1320     3.5826 
    0.1726     4.1733 
    0.1997     4.5500 
    0.2404     5.0800 
    0.2810     5.5588 
    0.3216     6.1860 
    0.3623     6.8128 
    0.4029     7.4396 
    0.4436     8.0151 
    0.4978     8.6783 
    0.5520     9.3633 
    0.6062    10.2158 
    0.6604    10.9184 
    0.6740    11.0362 
    0.6875    11.1540 
    0.7010    11.2717 
    0.7688    11.7776 
    0.8366    12.3069 
    0.8501    12.4387 
    0.9043    13.0440 
    0.9585    13.6766 
    0.9720    13.8133 
    0.9856    13.9998 
    1.0398    14.5755 
    1.0804    14.9973 
    1.1482    15.6410 
    1.2160    16.2564 
    1.2837    16.8435 
    1.3243    17.2240 
    1.3785    17.7623 
    1.4463    18.3885 
    1.4599    18.5435 
    1.4734    18.6986 
    1.4870    18.8511 
    1.5005    18.9986 
    1.5140    19.1460 
    1.5276    19.2935 
    1.5412    19.4349 
    1.5547    19.5763 
    1.5682    19.7177 
    1.5818    19.8608 
    1.5954    20.0049 
    1.6089    20.1489 
    1.6224    20.2816 
    1.6360    20.3916 
    1.6496    20.5016 
    1.6631    20.6116 
    1.6767    20.7175 
    1.6902    20.8235 
    1.7038    20.9294 
    1.7173    21.0348 
    1.7309    21.1398 
    1.7444    21.2448 
    1.7579    21.3517 
    1.8257    21.7938 
    1.8799    22.1219 
    1.9341    22.4437 
    1.9883    22.7820 
    2.0425    23.5426 
    2.0560    23.7271 
    2.0696    23.8770 
    2.0831    24.0269 
    2.0967    24.1697 
    2.1103    24.2981 
    2.1238    24.4265 
    2.1374    24.5550 
    2.1509    24.6848 
    2.1645    24.8147 
    2.1780    24.9446 
    2.1915    25.0709 
    2.2051    25.1954 
    2.2186    25.3200 
    2.2322    25.4538 
    2.2458    25.6061 
    2.2593    25.7584 
    2.2729    25.9108 
    2.2864    26.0576 
    2.2999    26.2044 
    2.3135    26.3512 
    2.3270    26.5006 
    2.3406    26.6514 
    2.3542    26.8021 
    2.3677    26.9566 
    2.3813    27.1188 
    2.3948    27.2811 
    2.4084    27.4433 
    2.4219    27.6061 
    2.4354    27.7689 
    2.4490    27.9316 
    2.4625    28.1153 
    2.4761    28.3094 
    2.4897    28.5036 
    2.5032    28.7110 
    2.5168    28.9453 
    2.5845    29.9348 
    2.6523    30.4245 
    2.7200    31.0000 
