    0.0100     0.0178 
    0.0392     2.9161 
    0.0684     5.4098 
    0.0830     6.4279 
    0.0976     7.5908 
    0.1122     8.5013 
    0.1560    10.6401 
    0.1852    12.1030 
    0.2290    14.3660 
    0.2728    16.6287 
    0.3166    18.4886 
    0.3750    21.4140 
    0.3896    22.0778 
    0.4480    23.8833 
    0.4918    25.0046 
    0.5356    25.9742 
    0.5794    27.1579 
    0.6232    28.6338 
    0.6670    30.0035 
    0.7108    31.0398 
    0.7546    31.8885 
    0.8130    33.0877 
    0.8860    34.8542 
    0.9006    35.2220 
    0.9590    37.4477 
    1.0174    40.0788 
    1.0320    40.5622 
    1.1050    42.6418 
    1.1196    43.1617 
    1.1342    43.6816 
    1.1488    44.2015 
    1.1634    44.7214 
    1.1780    45.2413 
    1.2364    47.8408 
    1.2802    49.9204 
    1.3240    52.0000 
