    0.0100     0.0178 
    0.2105     2.1776 
    0.2606     2.6029 
    0.3108     3.0273 
    0.3609     3.4491 
    0.4110     3.8661 
    0.4611     4.1900 
    0.5112     4.5148 
    0.5614     4.8612 
    0.6115     5.2394 
    0.8120     7.2406 
    0.9123     8.3262 
    1.0626     9.9665 
    1.1629    10.8753 
    1.2130    11.2309 
    1.3634    11.9782 
    1.5137    12.7719 
    1.7644    13.5932 
    2.0150    14.5012 
    2.1654    14.9996 
    2.3158    15.4852 
    2.4661    15.9146 
    2.7168    16.8670 
    2.8170    17.1475 
    3.0676    17.8642 
    3.2180    18.2832 
    3.4686    19.0926 
    3.7193    19.8603 
    3.9699    20.7779 
    4.0701    21.2910 
    4.1704    21.7859 
    4.4210    22.7020 
    4.6716    23.5960 
    4.9223    24.4036 
    5.1729    25.2546 
    5.4235    25.9644 
    5.5739    26.4092 
    5.7242    26.8453 
    5.9749    27.7804 
    6.2255    28.9729 
    6.3759    29.4982 
    6.4761    29.9533 
    6.6265    30.7733 
    6.7769    31.3988 
    6.8771    31.7310 
    6.9774    32.0440 
    7.0776    32.3292 
    7.1779    32.6038 
    7.4285    33.2532 
    7.5287    33.5692 
    7.6290    33.9005 
    7.7293    34.2556 
    7.9799    34.8719 
    8.0801    35.1450 
    8.1804    35.4465 
    8.3308    36.0872 
    8.5313    37.1202 
    8.7317    38.1018 
    8.9824    39.7800 
    9.0325    40.1649 
    9.0826    40.5216 
    9.1327    40.9074 
    9.1829    41.2933 
    9.2330    41.6791 
    9.4335    42.8366 
    9.6340    43.9940 
    9.8345    45.1515 
    9.9849    45.9232 
   10.0851    46.3090 
   10.2355    46.6948 
   10.3859    47.0807 
   10.6365    47.8523 
   10.7367    48.2381 
   10.8871    49.0098 
   11.0375    49.7814 
   11.1879    50.5531 
   11.3383    51.3247 
   11.4886    52.0964 
   11.6390    52.8680 
   11.8395    54.0255 
   11.8896    54.4113 
   12.0901    56.3405 
   12.2906    58.2696 
   12.3407    58.6554 
   12.3909    59.0412 
   12.6415    60.5845 
   12.8420    61.7420 
   12.9924    62.5136 
   13.2430    63.6711 
   13.3433    64.0570 
   13.4435    64.4428 
   13.6941    65.2144 
   13.9447    65.9861 
   14.1954    66.7577 
   14.2956    67.1436 
   14.4460    67.9152 
   14.4961    68.3010 
   14.5463    68.6869 
   14.7467    70.6160 
   14.8971    72.1593 
   15.0475    73.7026 
   15.1979    75.6317 
   15.2480    76.4034 
   15.2981    77.3081 
   15.3483    78.2320 
   15.4485    80.5415 
   15.4986    81.4652 
   15.5989    82.8509 
   15.6490    83.3128 
   15.8996    85.0840 
   16.1001    86.2929 
   16.1502    86.5347 
   16.4009    87.5923 
   16.4510    87.9781 
   16.6014    89.5214 
   16.7016    90.6789 
   16.8019    91.8364 
   16.9021    92.9938 
   17.0024    94.1513 
   17.1528    96.0804 
   17.2530    98.0096 
   17.3533    99.9123 
   17.4535   101.5398 
   17.5537   103.1670 
   17.6039   103.8182 
   17.7542   105.4876 
   17.8044   106.1996 
   17.8545   106.9125 
   17.9046   107.6255 
   18.0049   109.4379 
   18.1051   111.4151 
   18.2054   113.4874 
   18.2555   114.3168 
   18.3056   115.1451 
   18.3557   115.9745 
   18.4560   118.0468 
   18.5562   120.1192 
   18.6064   121.3633 
   18.6565   122.6063 
   18.7066   123.8503 
   18.7568   125.0933 
   18.8069   126.3374 
   18.8570   127.5804 
   18.9573   129.6470 
   19.0074   130.8050 
   19.0575   131.9620 
   19.1076   133.1200 
   19.1577   134.2770 
   19.2079   135.4350 
   19.2580   136.5920 
   19.3081   137.7500 
   19.3582   138.9070 
   19.4084   140.0640 
   19.4585   141.2220 
   19.5588   143.1510 
   19.6590   145.0800 
   19.7091   146.2380 
   19.7593   147.3950 
   19.8094   148.5530 
   19.8595   149.7100 
   19.9096   150.8680 
   19.9597   152.0250 
   20.0099   153.1830 
