    0.0100     0.0178 
    0.0364     2.5308 
    0.0628     4.7324 
    0.0892     7.0043 
    0.1156     9.0300 
    0.1420    10.9283 
    0.1684    13.1900 
    0.1948    15.8359 
    0.2212    17.7140 
    0.2476    20.0475 
    0.2608    21.1943 
    0.3004    23.3571 
    0.3136    23.8824 
    0.3268    24.3308 
    0.3400    24.8353 
    0.3532    25.3016 
    0.3664    25.7141 
    0.3796    26.1684 
    0.4456    28.4639 
    0.4984    30.2334 
    0.5380    31.0845 
    0.6040    32.1819 
    0.6700    33.2376 
    0.7360    34.4087 
    0.8020    35.4295 
    0.8284    35.8438 
    0.8548    36.1667 
    0.8812    36.5750 
    0.9472    37.3719 
    0.9736    37.7382 
    1.0396    39.1586 
    1.1056    40.5010 
    1.1320    40.9509 
    1.1980    42.3006 
    1.2640    43.6503 
    1.3300    45.0000 
