    0.0133     0.0178 
    0.0532     2.5308 
    0.0931     4.7324 
    0.1330     7.0043 
    0.1596     8.3229 
    0.1862     9.4515 
    0.2261    10.9283 
    0.2394    11.3514 
    0.2527    11.7887 
    0.3059    13.1900 
    0.3458    14.1702 
    0.3857    15.3135 
    0.4256    16.2762 
    0.4788    17.2930 
    0.4921    17.7140 
    0.5187    19.1501 
    0.5453    21.7720 
    0.5719    24.3308 
    0.5985    26.6880 
    0.6118    27.7588 
    0.6384    29.7095 
    0.6517    30.2334 
    0.7049    31.4409 
    0.7448    32.1819 
    0.8113    33.2376 
    0.8512    34.0046 
    0.8911    34.7682 
    0.9310    35.4295 
    0.9709    36.1667 
    1.0108    36.9888 
    1.0640    38.1459 
    1.1172    39.6216 
    1.1704    40.9509 
    1.2236    42.3006 
    1.2768    43.6503 
    1.3300    45.0000 
