    0.0487     0.0178 
    0.0745     2.8063 
    0.1003     5.2238 
    0.1261     7.8148 
    0.1648     9.9413 
    0.1906    11.1551 
    0.2293    13.1903 
    0.2422    13.7046 
    0.2551    14.2880 
    0.3196    16.5304 
    0.3325    16.8814 
    0.3583    18.2589 
    0.3970    21.0018 
    0.4228    22.8322 
    0.4615    25.0750 
    0.5002    27.1326 
    0.5518    30.4642 
    0.5647    30.9338 
    0.5776    31.3123 
    0.5905    31.7426 
    0.6550    33.3320 
    0.7066    34.6266 
    0.7582    35.8085 
    0.8098    37.0815 
    0.8614    38.3938 
    0.9130    40.0418 
    0.9646    41.5017 
    1.0162    43.0014 
    1.0678    44.5011 
    1.1194    46.0008 
    1.1839    48.0004 
    1.2484    50.0000 
