    0.0200     0.0178 
    0.0331     1.6748 
    0.0462     3.2892 
    0.0724     5.5863 
    0.0986     8.1055 
    0.1248    10.1595 
    0.1379    10.9465 
    0.1641    12.3699 
    0.2165    15.1754 
    0.2558    16.9906 
    0.2820    18.3840 
    0.2951    19.4051 
    0.3213    22.3351 
    0.3344    23.4510 
    0.3737    25.9739 
    0.3999    27.6955 
    0.4392    30.3611 
    0.4523    30.8404 
    0.5047    32.0421 
    0.5440    32.7522 
    0.5833    33.5914 
    0.6226    34.4615 
    0.6619    35.1865 
    0.7012    36.0019 
    0.7536    37.2810 
    0.8191    39.2102 
    0.8322    39.7181 
    0.8846    42.1414 
    0.9370    44.5909 
    0.9894    47.0404 
    1.0287    49.0000 
