    0.0100     0.0178 
    0.0496     3.3550 
    0.0760     5.0277 
    0.1024     6.8243 
    0.1420     9.0305 
    0.1948    11.6467 
    0.2080    12.2260 
    0.2740    14.9370 
    0.2872    15.6738 
    0.3004    16.2769 
    0.3400    18.3638 
    0.3796    21.7735 
    0.4192    25.1666 
    0.4456    27.0221 
    0.4852    30.2353 
    0.4984    30.8414 
    0.5644    32.7170 
    0.6172    34.2796 
    0.6832    35.7156 
    0.7096    36.1685 
    0.7756    37.2489 
    0.8416    38.2959 
    0.8680    39.0080 
    0.9076    40.2270 
    0.9736    42.6029 
    0.9868    43.2028 
    1.0000    43.8027 
    1.0132    44.4026 
    1.0264    45.0025 
    1.0396    45.6024 
    1.1056    48.0020 
    1.1716    50.4016 
    1.1848    51.0015 
    1.2376    54.0010 
    1.2772    56.4006 
    1.3036    58.2003 
    1.3300    60.0000 
