    0.0100     0.0178 
    0.0496     2.2552 
    0.0628     3.1354 
    0.0892     5.0274 
    0.1156     7.0643 
    0.1420     8.8756 
    0.1684    10.5475 
    0.1948    12.4311 
    0.2080    13.2923 
    0.2476    15.6724 
    0.2872    17.3392 
    0.3136    18.5709 
    0.3532    20.2006 
    0.3928    22.2788 
    0.4456    24.4738 
    0.4588    24.9548 
    0.4720    25.3464 
    0.4852    25.7134 
    0.4984    26.1091 
    0.5644    28.0710 
    0.6304    30.2325 
    0.6964    31.6554 
    0.7492    32.5709 
    0.7888    33.2368 
    0.8284    33.9105 
    0.8944    34.9096 
    0.9604    35.8789 
    0.9868    36.1657 
    1.0528    36.8958 
    1.1188    37.5763 
    1.1848    38.2928 
    1.2508    39.2084 
    1.3168    40.0399 
