    0.0050     0.6273 
    0.0250     2.4681 
    0.0450     3.5669 
    0.0850     5.9157 
    0.1250     8.1175 
    0.1650     9.8324 
    0.1850    10.4829 
    0.2450    12.9335 
    0.2850    14.5014 
    0.3050    14.8619 
    0.3650    15.6788 
    0.4050    16.0379 
    0.5050    17.0251 
    0.6050    18.1544 
    0.7050    18.9700 
    0.8050    19.8798 
    0.9050    20.7331 
    1.0050    21.6832 
    1.1050    22.6103 
    1.2050    23.3641 
    1.3050    24.3325 
    1.4050    25.8707 
    1.5050    28.0245 
    1.5650    29.5475 
    1.6450    31.0288 
    1.7450    32.6458 
    1.7650    33.1285 
    1.7850    34.1344 
    1.8050    34.5145 
    1.8250    34.8551 
    1.8450    35.1953 
    1.8650    35.5436 
    1.8850    35.8686 
    1.9050    36.1767 
    1.9250    36.4886 
    1.9450    36.8039 
    1.9650    37.1274 
    1.9850    37.4636 
    2.0050    37.8031 
    2.0250    38.1412 
    2.0450    38.1720 
    2.0650    38.3378 
    2.0850    38.5774 
    2.1650    40.5070 
    2.2250    42.3069 
    2.2650    43.6568 
    2.3250    45.9066 
    2.3850    48.1564 
    2.4450    50.4063 
    2.4850    51.7562 
    2.5250    53.1061 
    2.5650    54.4560 
    2.6050    55.8059 
    2.6650    57.6057 
    2.6850    58.0557 
    2.7650    59.4056 
    2.8250    60.3055 
    2.8650    60.7555 
    2.9650    61.6554 
    3.0650    62.5554 
    3.1650    63.4553 
    3.2650    64.3552 
    3.3650    65.2552 
    3.4650    66.1551 
    3.5650    67.0550 
    3.6650    67.9550 
    3.7650    68.8549 
    3.8050    69.3049 
    3.8650    70.2048 
    3.9450    71.5547 
    4.0450    73.3546 
    4.0650    73.8045 
    4.1450    76.0544 
    4.2050    78.1212 
    4.2450    79.7373 
    4.3050    82.4308 
    4.3650    85.0650 
    4.4050    85.9110 
    4.4650    87.0389 
    4.4850    87.3209 
    4.5850    89.1034 
    4.6850    90.9033 
    4.7850    92.7031 
    4.8850    94.5030 
    4.9050    94.9530 
    4.9250    95.4029 
    5.0050    97.6528 
    5.0850    99.8819 
    5.1650   101.7793 
    5.2450   103.6773 
    5.3250   105.6298 
    5.4050   107.7077 
    5.4850   109.8294 
    5.5450   111.7169 
    5.5850   113.1673 
    5.6450   115.5834 
    5.6650   116.5503 
    5.7050   118.9675 
    5.7450   121.3848 
    5.7850   123.8020 
    5.8250   126.2192 
    5.8650   128.6353 
    5.9050   130.9500 
    5.9450   133.2000 
    5.9650   134.1000 
    5.9850   135.0000 
