    0.6707    18.2851 
    0.7257    18.5952 
    0.7808    18.9003 
    0.8359    19.1952 
    0.8909    19.4820 
    0.9460    19.7648 
    1.0011    20.0529 
    1.0561    20.3183 
    1.2764    21.3885 
    1.4416    22.2640 
    1.5517    23.1201 
    1.6068    23.9270 
    1.7169    25.2369 
    1.8271    26.7016 
    1.9372    28.3742 
    2.0473    30.3490 
    2.1024    30.9000 
    2.1575    31.5000 
    2.2676    33.0000 
    2.3227    33.6000 
    2.3777    34.2000 
    2.5429    35.7000 
    2.7081    37.2000 
    2.8183    38.1000 
    2.9835    39.6000 
    3.1487    41.1000 
    3.2037    41.7000 
    3.3139    43.2000 
    3.3689    43.8000 
    3.4240    44.4000 
    3.5892    45.9000 
    3.6993    46.8000 
    3.8645    48.0000 
    4.0297    49.2000 
    4.1949    50.4000 
    4.3601    51.6000 
    4.5253    52.8000 
    4.7456    54.3000 
    4.8007    54.6000 
    4.8557    54.9000 
    4.9108    55.2000 
    4.9659    55.5000 
    5.0209    55.8000 
    5.2963    57.0000 
    5.5165    57.9000 
    5.6817    58.5000 
    5.7919    58.8000 
    6.0672    59.4000 
    6.3425    60.0000 
    6.6179    60.6000 
    6.7280    60.9000 
    6.8381    61.2000 
    6.9483    61.5000 
    7.2236    62.1000 
    7.4989    62.7000 
    7.7743    63.3000 
    8.0496    63.9000 
    8.3249    64.5000 
    8.6003    65.1000 
    8.8756    65.7000 
    9.1509    66.3000 
    9.4263    66.9000 
    9.7016    67.5000 
    9.9769    68.1000 
   10.2523    68.7000 
   10.5276    69.3000 
   10.6377    69.6000 
   10.9131    70.5000 
   11.1884    71.4000 
   11.4637    72.3000 
   11.5739    72.6000 
   11.8492    73.2000 
   11.9593    73.5000 
   12.0695    73.8000 
   12.2347    74.4000 
   12.2897    74.7000 
   12.3999    75.6000 
   12.5100    76.5000 
   12.6752    78.2958 
   12.8404    80.0915 
   13.0056    81.8873 
   13.0607    82.6056 
   13.2259    84.4014 
   13.3911    85.6267 
   13.4461    86.0027 
   13.5563    86.9427 
   13.6664    88.2000 
   13.7765    89.7000 
   13.8867    91.2000 
   13.9968    92.7000 
   14.1069    94.2000 
   14.1620    94.8000 
   14.3272    96.3000 
   14.4373    97.2000 
   14.6025    98.4000 
   14.6576    98.7000 
   14.8779    99.6000 
   15.0431   100.1327 
   15.1532   100.3858 
   15.4285   100.8919 
   15.5387   101.1450 
   15.7039   101.6511 
   15.9241   102.4103 
   15.9792   102.6634 
   16.1995   103.9287 
   16.3647   104.9410 
   16.5299   106.0435 
   16.6400   106.8747 
