    0.0100     0.0178 
    0.0358     2.9161 
    0.0487     4.0087 
    0.0874     6.4279 
    0.1132     8.0714 
    0.1390     9.3675 
    0.1648    10.6401 
    0.2035    12.6386 
    0.2551    15.6734 
    0.2680    16.2086 
    0.3325    17.9325 
    0.3841    20.7242 
    0.4228    23.2761 
    0.4615    25.4930 
    0.5131    28.6338 
    0.5260    29.3909 
    0.5905    31.4503 
    0.6421    32.6587 
    0.6937    33.9869 
    0.7453    35.2220 
    0.7840    36.0811 
    0.8227    37.0083 
    0.8614    37.8679 
    0.9001    39.0070 
    0.9388    40.0788 
    0.9775    41.0821 
    1.0162    42.1219 
    1.0549    43.1617 
    1.0936    44.2015 
    1.1452    45.7612 
    1.2097    47.8408 
    1.2226    48.3607 
    1.2355    48.8806 
    1.2484    49.4005 
    1.3000    52.0000 
