   18.0413    63.0000 
   18.1562    64.6000 
   18.2710    66.2000 
   18.3859    67.8000 
   18.5008    69.4000 
   18.5238    69.8000 
   18.5927    71.4000 
   18.6386    72.6000 
   18.7076    74.6000 
   18.7305    75.4000 
   18.7535    76.2000 
   18.7994    78.5352 
   18.8454    80.9296 
   18.8913    83.3239 
   18.9373    85.3760 
   18.9603    85.8773 
   19.0062    86.6293 
   19.0292    86.8800 
   19.0981    87.4000 
   19.1441    87.8000 
   19.2589    88.6000 
   19.3738    89.4000 
   19.4198    89.8000 
   19.4887    90.6000 
   19.5117    91.0000 
   19.5576    92.2000 
   19.5806    93.0000 
   19.6036    93.8000 
   19.6495    95.8000 
   19.6955    97.8000 
   19.7414    99.7953 
   19.7874   101.4824 
   19.8103   102.1572 
   19.8793   103.8443 
   19.9252   104.8566 
   19.9942   106.3206 
   20.0861   108.1675 
   20.1090   108.5382 
   20.2009   109.6843 
   20.2698   110.4793 
   20.3388   111.3388 
   20.4077   112.1982 
   20.4766   113.0577 
   20.5455   113.9171 
   20.6374   115.2063 
   20.6604   115.6361 
   20.7293   117.3550 
   20.7983   119.5036 
   20.8212   120.3631 
   20.8672   122.5117 
   20.9131   124.6604 
   20.9591   126.8090 
   21.0050   128.9576 
   21.0510   131.0000 
   21.0740   131.8000 
   21.1199   133.0000 
   21.1888   134.6000 
   21.2118   135.0000 
   21.2808   135.8000 
   21.3956   137.0000 
   21.5105   138.2000 
   21.5794   139.0000 
   21.6024   139.4000 
   21.6943   141.4000 
   21.7632   143.0000 
