    0.0000     1.0596 
    0.1187     1.3195 
    0.2375     1.6416 
    0.2612     1.7275 
    0.2850     1.8231 
    0.3088     1.9187 
    0.3325     2.0144 
    0.3563     2.1100 
    0.3800     2.2056 
    0.4038     2.3012 
    0.4275     2.3968 
    0.4512     2.4925 
    0.4750     2.5881 
    0.4988     2.6837 
    0.6175     3.0651 
    0.7362     3.4444 
    0.7600     3.5382 
    0.7837     3.6319 
    0.8788     4.0503 
    0.9500     4.3386 
    0.9975     4.5595 
    1.0688     4.9601 
    1.1400     5.3775 
    1.2112     5.7850 
    1.2825     6.2093 
    1.3538     6.6674 
    1.4250     7.1858 
    1.4488     7.3798 
    1.4963     7.8217 
    1.5438     8.1926 
    1.5913     8.5463 
    1.6387     8.8832 
    1.6863     9.2581 
    1.7337     9.6556 
    1.7813    10.0248 
    1.8288    10.3521 
    1.8763    10.6851 
    1.9238    11.0754 
    1.9712    11.4956 
    1.9950    11.6653 
    2.0187    11.8303 
    2.0900    12.2538 
    2.1612    12.7060 
    2.2088    12.9935 
    2.2800    13.3632 
    2.3750    13.8238 
    2.3988    13.9248 
    2.5175    14.3350 
    2.6125    14.6726 
    2.6837    14.8977 
    2.8025    15.2263 
    2.8500    15.3354 
    2.9688    15.5538 
    3.0875    15.7430 
    3.2062    15.9316 
    3.3250    16.1160 
    3.4438    16.2635 
    3.5625    16.4110 
    3.6812    16.5527 
    3.8000    16.6745 
    3.9188    16.7963 
    4.0375    16.9196 
    4.1563    17.0459 
    4.2750    17.1722 
    4.3937    17.3148 
    4.5125    17.4769 
    4.6312    17.6389 
    4.7500    17.8165 
