    0.0850     1.9272 
    0.1422     4.3521 
    0.2185     7.3942 
    0.2376     7.9378 
    0.2567     8.4448 
    0.2758     8.9749 
    0.3711    10.7077 
    0.4665    12.5008 
    0.5619    14.2527 
    0.5809    14.7978 
    0.6000    15.3479 
    0.6763    17.7761 
    0.6954    18.2323 
    0.7145    18.5573 
    0.7336    18.9571 
    0.7526    19.4720 
    0.7717    19.8937 
    0.7908    20.2725 
    0.8098    20.7623 
    0.9052    22.4825 
    1.0006    24.3785 
    1.0960    26.7073 
    1.1151    27.2519 
    1.1341    28.3030 
    1.1532    29.0566 
    1.1723    29.6743 
    1.2676    32.2748 
    1.2867    32.8101 
    1.3058    33.0588 
    1.3249    33.0806 
    1.4012    35.7468 
    1.4775    39.8751 
    1.4966    41.1442 
    1.5919    45.0522 
    1.6873    48.6372 
    1.7064    49.8135 
    1.7254    50.9898 
    1.7445    52.1799 
    1.7636    53.4869 
    1.7827    54.7938 
    1.8018    56.0034 
    1.8208    57.0545 
    1.8590    59.7699 
    1.9162    62.1891 
    1.9353    62.8240 
    1.9544    63.6031 
    1.9925    65.9839 
    2.0307    68.4999 
    2.0497    70.4082 
    2.0688    72.4068 
    2.0879    75.0986 
    2.1260    82.3826 
    2.1451    84.1957 
    2.1642    85.3709 
    2.1833    86.5296 
    2.2023    88.2792 
    2.2214    90.6922 
    2.2405    94.6359 
    2.2595    98.3899 
    2.2786   101.1340 
    2.2977   103.7400 
    2.3168   105.2920 
    2.3549   107.8051 
    2.3740   108.8092 
    2.4122   109.9929 
    2.4694   111.2566 
    2.5266   112.6157 
    2.5838   114.2046 
    2.6410   116.3112 
    2.6983   118.1930 
    2.7937   120.9938 
    2.8890   123.5495 
    2.9844   127.0750 
    3.0798   130.1705 
    3.1751   132.7066 
    3.2705   135.2789 
    3.3087   136.3828 
    3.3659   137.2783 
    3.3850   137.5400 
    3.4613   141.2243 
    3.5185   143.8909 
    3.5757   146.2507 
    3.6139   149.0211 
