    0.0430     0.0000 
    0.2580     1.4790 
    0.4730     2.1752 
    0.6880     2.8286 
    0.9030     3.6169 
    1.1180     4.3037 
    1.3330     4.9165 
    1.5480     5.5597 
    1.7630     6.0547 
    1.8920     6.3601 
    2.0210     6.7128 
    2.1500     7.1175 
    2.2790     7.5288 
    2.4080     7.9047 
    2.5370     8.3027 
    2.6660     8.7013 
    2.8380     9.3180 
    2.8810     9.5402 
    2.9670    10.1812 
    3.0100    10.5599 
    3.0530    11.1099 
    3.0960    11.6151 
    3.1390    12.0306 
    3.1820    12.3556 
    3.2680    13.1127 
    3.3540    13.9386 
    3.3970    14.2446 
    3.4400    14.5507 
    3.5690    15.3369 
    3.6550    15.8217 
    3.7840    16.5347 
    3.9130    17.3954 
    4.0420    18.1720 
    4.2140    18.9993 
    4.2570    19.1756 
    4.3000    19.3519 
