    0.0000     0.0000 
    0.2820     1.8810 
    0.6580     3.7657 
    0.7520     4.3521 
    1.1280     7.4565 
    1.5040     9.9536 
    1.9740    11.6768 
    2.4440    13.5194 
    2.5380    13.9302 
    2.6320    14.4830 
    2.7260    15.0428 
    2.8200    15.6063 
    2.9140    16.1120 
    3.0080    16.5806 
    3.1020    17.0698 
    3.1960    17.5628 
    3.2900    18.0453 
    3.6660    20.1537 
    4.0420    22.4072 
    4.1360    22.7694 
    4.2300    23.1530 
    4.3240    23.6426 
    4.4180    24.2964 
    4.5120    24.9509 
    4.6060    25.5822 
    4.7000    26.1039 
