    0.1630     0.0212 
    0.3205     1.2806 
    0.4780     1.9602 
    0.6355     2.7997 
    0.6670     3.0131 
    0.6985     3.2384 
    0.8245     4.3205 
    0.9505     5.2810 
    1.0765     6.2515 
    1.2025     7.4890 
    1.2340     7.7448 
    1.3600     8.5356 
    1.4545     9.0266 
    1.6120     9.7587 
    1.6750    10.0069 
    1.8325    10.4698 
    1.9900    11.0064 
    2.0530    11.2912 
    2.2105    12.0824 
    2.3050    12.5030 
    2.3995    12.8981 
    2.5255    13.4798 
    2.6830    14.4753 
    2.7145    14.7440 
    2.8405    15.8941 
    2.9035    16.5448 
    2.9350    16.9321 
    2.9980    17.7454 
    3.0295    18.0818 
    3.1240    19.0949 
    3.1870    19.7504 
    3.2815    20.6530 
    3.4075    21.8165 
    3.4390    22.0541 
    3.5650    22.8419 
    3.6595    23.3922 
    3.8170    24.2974 
    3.9745    25.2971 
    4.1320    26.3315 
    4.2895    27.4026 
    4.3840    28.1211 
    4.5100    29.0583 
    4.5415    29.2792 
    4.6675    30.1665 
    4.7935    30.8040 
    4.9195    31.5209 
    5.0455    32.3070 
    5.1715    33.3251 
    5.2030    33.5517 
    5.3605    34.4583 
    5.5180    35.3648 
    5.6755    36.2713 
    5.8330    37.1779 
    5.8645    37.4045 
    5.8960    37.6311 
    5.9275    37.8578 
    5.9590    38.0844 
    5.9905    38.3110 
    6.0220    38.5377 
    6.0535    38.7643 
    6.0850    38.9909 
    6.1165    39.2176 
    6.1480    39.4442 
    6.1795    39.6708 
    6.2110    39.8975 
    6.2425    40.1241 
    6.4000    41.0306 
    6.5260    41.7105 
    6.6520    42.3904 
    6.7780    43.0703 
    6.9040    43.7502 
    7.0300    44.4301 
    7.1875    45.3367 
    7.2190    45.5633 
    7.2505    45.7899 
    7.3765    46.9231 
    7.5025    48.0563 
    7.5340    48.2829 
    7.5655    48.5095 
    7.5970    48.7362 
    7.7545    49.6427 
    7.9120    50.5492 
    8.0695    51.4558 
    8.1010    51.6824 
    8.1325    51.9090 
    8.1640    52.1357 
    8.1955    52.3623 
    8.2270    52.5889 
    8.2585    52.8156 
    8.3845    53.9487 
    8.4790    54.8553 
    8.5420    55.5352 
    8.6050    56.2151 
    8.6995    57.3482 
    8.7310    57.8015 
    8.7940    58.9347 
    8.8570    60.0678 
    8.9200    61.2010 
    8.9515    61.6543 
    9.0460    62.7874 
    9.1090    63.4673 
    9.1720    64.1472 
    9.2665    65.0538 
    9.3610    65.9603 
    9.4240    66.6402 
    9.4870    67.3201 
    9.5500    68.0000 
