    0.0000     0.0212 
    0.0300     1.7406 
    0.0600     3.1516 
    0.0900     4.6019 
    0.1200     5.8842 
    0.1500     7.5013 
    0.1950     9.7905 
    0.2550    12.5982 
    0.2700    13.0438 
    0.3450    15.1652 
    0.4200    17.1001 
    0.4950    18.6541 
    0.5100    19.1505 
    0.5250    19.6447 
    0.5400    20.1518 
    0.6150    22.2782 
    0.6750    24.1945 
    0.7200    25.7120 
    0.7500    26.5150 
    0.8250    28.1340 
    0.9000    29.3925 
    0.9750    30.1819 
    1.0500    30.7605 
    1.1250    31.3992 
    1.2000    32.1273 
    1.2300    32.4495 
    1.2750    33.4482 
    1.3350    34.9915 
    1.3500    35.5059 
    1.4100    38.0781 
    1.4550    40.1358 
    1.5000    42.1935 
    1.5300    43.7368 
    1.5750    46.3090 
    1.6200    48.8812 
    1.6650    51.4533 
    1.6800    52.4822 
    1.6950    53.5111 
    1.7100    54.5399 
    1.7250    55.5688 
    1.7700    58.1410 
    1.8000    59.6843 
    1.8450    61.7420 
    1.8600    62.2564 
    1.9200    63.7997 
    1.9650    64.8286 
    2.0400    66.3719 
    2.1150    67.9152 
    2.1600    68.9441 
    2.2200    70.4874 
    2.2950    72.5451 
    2.3100    73.0595 
    2.3250    73.5740 
    2.3400    74.0884 
    2.4000    76.6923 
    2.4450    79.1557 
    2.4750    81.0033 
    2.5200    84.0827 
    2.5650    86.1317 
    2.6100    87.9781 
    2.6550    90.5503 
    2.7000    93.1224 
    2.7450    95.6946 
    2.7900    98.2668 
    2.8200    99.8038 
    2.8650   101.5398 
    2.8800   101.9733 
    2.8950   102.4078 
    2.9100   102.8414 
    2.9850   104.5774 
    3.0600   106.4379 
    3.1350   108.3375 
    3.2100   110.3096 
    3.2250   110.8618 
    3.2400   111.4151 
    3.3000   114.1782 
    3.3600   116.9414 
    3.4200   119.7045 
    3.4800   122.4687 
    3.5400   125.2319 
    3.6000   127.9950 
    3.6600   130.6760 
    3.6750   131.1900 
    3.6900   131.7050 
    3.7050   132.2190 
    3.7200   132.7340 
    3.7350   133.2480 
    3.7500   133.7630 
    3.8250   135.8200 
    3.9000   137.8780 
    3.9750   139.9360 
    4.0500   141.9940 
    4.1250   144.0510 
    4.2000   146.1090 
    4.2150   146.6230 
    4.2300   147.1380 
    4.2450   147.6520 
    4.2600   148.1670 
    4.2750   148.6810 
    4.2900   149.1960 
    4.3050   149.7100 
    4.3200   150.2250 
    4.3350   150.7390 
    4.3500   151.2530 
    4.3650   151.7680 
    4.3800   152.2820 
    4.3950   152.7970 
    4.4100   153.3110 
    4.4250   153.8260 
