    0.1400     0.0000 
    0.3600     1.5960 
    0.4480     2.5016 
    0.6680     4.5325 
    0.8440     6.1451 
    0.8880     6.9991 
    1.0200     9.5786 
    1.0640    10.1936 
    1.1080    10.8742 
    1.3280    12.6412 
    1.3720    12.9455 
    1.4160    13.2626 
    1.4600    13.6607 
    1.6360    15.5285 
    1.6800    16.3742 
    1.9000    19.2044 
    1.9440    20.0712 
    2.0760    22.7773 
    2.2080    26.6131 
    2.2520    27.6298 
    2.3400    31.2468 
