 0.0000 -0.1300 
 0.0200  0.1500 
 0.0400  0.0000 
 0.0600 -0.3700 
 0.0800  0.2300 
 0.1000     NaN 
 0.1200  0.0200 
 0.1400  0.1700 
 0.1600  0.1500 
 0.1800 -0.0500 
 0.2000  0.3100 
 0.2200  0.1700 
 0.2450 -0.0100 
 0.2700 -0.0800 
 0.2950 -0.0200 
 0.3200  0.1300 
 0.3480  0.2300 
 0.3780  0.2400 
 0.4080 -0.0100 
 0.4380 -0.0200 
 0.4680  0.0000 
 0.4980  0.1800 
 0.5280  0.2000 
 0.5580  0.1000 
 0.5880  0.0400 
 0.6180  0.0800 
 0.6480  0.0400 
 0.6825  0.0200 
 0.7200     NaN 
 0.7575     NaN 
 0.7950  0.0000 
 0.8325 -0.0500 
 0.8700     NaN 
 0.9075  0.0500 
 0.9450  0.1900 
 0.9825     NaN 
 1.0300  0.1000 
 1.0800  0.0100 
 1.1400  0.0000 
 1.2067  0.0900 
 1.2733 -0.1300 
 1.3400  0.0300 
 1.4067  0.1000 
 1.4733  0.2100 
 1.5400 -0.0200 
 1.5900     NaN 
 1.6400  0.1000 
 1.6900  0.1200 
 1.7400 -0.0700 
 1.7840  0.2800 
 1.8240 -0.2800 
 1.8640  0.1400 
 1.9040  0.0400 
 1.9440 -0.2800 
 1.9840 -0.0500 
 2.0240  0.1400 
 2.0640 -0.2500 
 2.1040 -0.0300 
 2.1440  0.0800 
 2.1840  0.0300 
 2.2300  0.2000 
 2.2800  0.0400 
 2.3300  0.0600 
 2.3800  0.0000 
 2.4300  0.1700 
 2.4800  0.0800 
 2.5300 -0.1800 
 2.5925  0.1500 
 2.6237 -0.3300 
 2.6863     NaN 
 2.7175 -0.4200 
 2.7800 -0.1800 
 2.8425 -0.5800 
 2.9050     NaN 
 2.9675     NaN 
 3.0300     NaN 
 3.0900 -0.6200 
 3.1400     NaN 
 3.1900 -0.5300 
 3.2300     NaN 
 3.2700     NaN 
 3.3100 -0.5100 
 3.3500 -0.5400 
 3.3900     NaN 
 3.4300 -0.3800 
 3.4700     NaN 
 3.5100 -0.7600 
 3.5500 -0.5800 
 3.5900 -0.4000 
 3.6300 -0.3900 
 3.6800 -0.2400 
 3.7300     NaN 
 3.7933     NaN 
 3.8600 -0.4400 
 3.9267 -0.5500 
 3.9933     NaN 
 4.0600 -0.6400 
 4.1267 -0.3100 
 4.1967 -0.3200 
 4.2800 -0.5400 
 4.3633 -0.6900 
 4.4467 -0.3100 
 4.5300 -0.3900 
 4.6133     NaN 
 4.6967 -0.2500 
 4.7900 -0.3900 
 4.8900     NaN 
 5.0000 -0.4800 
 5.1250 -0.7600 
 5.2500 -0.3400 
 5.3750 -0.8200 
 5.5000 -0.4600 
