    0.0000     0.0000 
    0.0633     1.2496 
    0.1267     2.5589 
    0.1900     3.5822 
    0.2533     4.6471 
    0.3167     5.5513 
    0.3800     6.3444 
    0.5067     8.2681 
    0.5700     9.2619 
    0.6333    10.1454 
    0.6967    11.1483 
    0.7600    11.9441 
    0.8233    12.4527 
    0.8867    12.9812 
    0.9500    13.5396 
    1.0133    13.9002 
    1.1400    14.3943 
    1.4567    15.1429 
    1.7100    16.2362 
    2.0267    17.2259 
    2.1533    17.5178 
    2.2800    17.8239 
    2.4067    18.1762 
    2.5333    18.6795 
    2.6600    19.1757 
    2.9767    20.4445 
    3.1033    20.7745 
    3.4200    21.4109 
    3.7367    22.1230 
    4.0533    22.8643 
    4.1800    23.2336 
    4.3067    23.6041 
    4.4333    23.9826 
    4.5600    24.3792 
    4.8767    25.2742 
    5.1933    26.1363 
    5.3200    26.4783 
    5.4467    26.7647 
    5.7633    27.2489 
    6.0800    27.8339 
    6.3967    28.6471 
    6.7133    29.8408 
    7.0300    30.8670 
    7.3467    32.0564 
    7.6633    32.9975 
    7.9800    33.7846 
    8.2967    34.7777 
    8.6133    35.9473 
    8.7400    36.6968 
    8.8667    37.4831 
    9.1833    38.0858 
    9.5000    38.7959 
    9.8167    39.7045 
   10.1333    40.4164 
   10.3233    40.5516 
   10.6400    41.8376 
   10.9567    43.0044 
   11.0833    43.5402 
   11.2100    44.1067 
   11.3367    44.6976 
   11.4633    45.2809 
   11.5900    45.7536 
   11.7167    46.2264 
   11.8433    46.6991 
   12.1600    47.8253 
   12.4767    49.1794 
   12.6033    49.8886 
   12.7300    50.5977 
   12.8567    51.3067 
   12.9833    52.0159 
   13.3000    54.3767 
   13.5533    56.5206 
   13.6167    57.1509 
   13.7433    58.9121 
   13.9333    60.8724 
   13.9967    61.4522 
   14.1233    62.5526 
   14.2500    63.6615 
   14.3767    65.0981 
   14.5033    66.4882 
   14.5667    66.9956 
   14.6933    67.9994 
   14.7567    68.3541 
   14.8200    68.8368 
   15.1367    71.2007 
   15.4533    73.7642 
   15.5167    74.6806 
   15.5800    75.9995 
   15.6433    77.1820 
   15.7067    78.3624 
   15.7700    79.3155 
   15.8333    80.0250 
   15.8967    80.5004 
   16.0867    81.6906 
   16.2133    82.6045 
   16.4033    84.4338 
   16.4667    85.1906 
   16.5933    87.0133 
   16.7200    88.8485 
   16.8467    91.7291 
   16.9100    93.2901 
   17.1000    97.4635 
   17.2900   100.6445 
   17.4800   103.7959 
   17.6700   106.4928 
   17.7967   108.0656 
   17.9233   109.9054 
   18.1133   113.4962 
   18.2400   116.4404 
   18.4300   121.1098 
   18.4933   123.2371 
   18.5567   125.7355 
   18.6200   129.1427 
   18.6833   131.7780 
   18.8100   135.7405 
   18.8733   136.9327 
   19.0000   137.6685 
