    0.0600     1.1715 
    0.1397     1.2642 
    0.3389     1.5411 
    0.5382     1.8894 
    0.7375     2.3242 
    0.8570     2.5836 
    1.0562     3.1810 
    1.2555     3.8944 
    1.3352     4.2388 
    1.5345     5.3476 
    1.6540     6.1394 
    1.8134     7.7116 
    2.0126     9.7464 
    2.2119    10.9797 
    2.2517    11.2860 
    2.2916    11.5849 
    2.4510    12.4337 
    2.6104    13.0578 
    2.6503    13.1765 
    2.6901    13.2789 
    2.7300    13.3813 
    2.7698    13.4837 
    2.8097    13.5879 
    2.9691    14.3091 
    3.1285    15.3811 
    3.2879    16.9477 
    3.3277    17.1473 
    3.3676    17.2819 
    3.4074    17.4166 
    3.4472    17.5299 
    3.4871    17.6302 
    3.6864    18.0765 
    3.8856    18.5954 
    4.0849    19.2855 
    4.1247    19.4582 
    4.1646    19.6220 
    4.2044    19.7681 
    4.2443    19.9142 
    4.2841    20.0603 
    4.3240    20.2046 
    4.3638    20.3488 
    4.4036    20.4929 
    4.4435    20.6451 
    4.6029    21.5628 
    4.7623    22.8411 
    4.8819    24.2169 
    5.0014    25.9600 
    5.1209    27.9232 
    5.2007    29.1139 
    5.2804    29.7957 
    5.3601    30.2672 
    5.4796    30.7236 
    5.5593    31.0068 
    5.6390    31.3137 
    5.7187    31.7211 
    5.8383    32.4464 
    5.9977    33.9793 
    6.0375    34.3401 
    6.0774    34.7311 
    6.1172    35.1821 
    6.3164    36.8317 
    6.5157    38.6357 
    6.5556    39.0867 
    6.5954    39.5377 
    6.7548    42.3402 
    6.7946    42.8814 
    6.8345    43.4004 
    6.8743    43.8814 
    7.0338    45.2704 
    7.1533    46.1380 
    7.3525    47.2204 
    7.5518    47.9719 
    7.6315    48.4529 
    7.7511    49.4560 
    7.9503    51.6209 
    8.1495    53.8962 
    8.3488    56.2591 
    8.5480    58.2310 
    8.5879    58.6820 
    8.6278    59.1330 
    8.6676    59.5835 
    8.7074    59.9442 
    8.7872    60.8968 
    8.8270    61.4375 
    8.9067    62.4928 
    8.9864    63.3112 
    9.0661    64.1425 
    9.1060    64.5032 
    9.1458    64.8759 
    9.1857    65.3569 
    9.3052    66.5099 
    9.3451    66.9426 
    9.3849    67.3112 
    9.4646    68.4397 
    9.5045    68.9809 
    9.5841    70.1436 
    9.7037    71.9476 
    9.8631    74.3803 
   10.0225    78.6724 
   10.0624    79.5275 
   10.1022    80.1744 
   10.3015    81.6308 
   10.5007    82.5142 
   10.7000    83.4652 
   10.8992    84.5658 
   10.9391    84.8548 
   10.9789    85.1431 
   11.0586    86.0094 
   11.0985    86.5867 
   11.1782    87.9491 
   11.2180    88.7723 
   11.2579    89.6379 
   11.2977    90.8061 
   11.3774    93.4172 
   11.4571    96.7332 
   11.4970    97.8969 
   11.5767    99.4035 
   11.6165    99.8672 
   11.7759   101.0840 
   11.8955   101.8953 
   12.0947   103.1135 
   12.1744   103.5190 
   12.2541   103.9227 
   12.3737   104.6834 
   12.4135   105.0694 
   12.5331   106.4288 
   12.6128   107.5576 
   12.6526   108.3940 
   12.7323   110.9136 
   12.8120   113.9779 
   12.8519   115.7055 
   12.9316   118.4983 
   12.9714   119.2749 
   13.1308   121.2088 
   13.2504   122.3716 
   13.3301   122.9537 
   13.5293   124.1278 
   13.6090   124.7729 
   13.8083   127.2313 
   13.9677   129.7417 
   14.0075   130.3436 
   14.0474   130.9442 
   14.1271   132.8285 
   14.1669   133.7901 
   14.2466   136.8738 
   14.2865   137.4152 
   14.3662   138.0074 
   14.4060   138.1277 
   14.4459   138.2482 
   14.6053   138.6135 
   14.7248   139.0423 
   14.8444   139.9464 
   15.0436   141.3902 
   15.1233   141.8719 
   15.2030   142.3526 
   15.4023   143.2155 
   15.6015   143.7012 
   15.8008   144.1823 
   16.0000   144.6631 
