    0.0600     0.0000 
    0.8137     1.4344 
    1.5673     2.1312 
    2.3210     2.8886 
    3.0747     3.6221 
    3.8283     4.3363 
    4.1298     4.6245 
    4.8835     5.6538 
    5.3357     6.4365 
    5.9386     7.6640 
    6.6923     8.9250 
    6.8430     9.2314 
    7.2952    10.2595 
    7.5967    11.0234 
    8.0489    12.4061 
    8.1996    12.9467 
    8.5011    14.3064 
    8.6518    14.9728 
    8.8025    15.6454 
    8.9533    16.2399 
    9.1040    16.8010 
    9.2547    17.3920 
    9.5562    18.6565 
    9.8577    20.0111 
   10.0084    20.8294 
   10.1591    21.7317 
   10.3099    22.4072 
   10.4606    23.0578 
   10.7621    24.8068 
   11.0635    26.5464 
   11.3650    28.8916 
   11.6665    30.9259 
   11.9679    32.7321 
   12.2694    33.4586 
   12.5709    34.9988 
   12.7216    35.8511 
   12.8723    36.5945 
   13.1738    38.3477 
   13.3245    38.8938 
   13.4753    39.4439 
   13.6260    39.9246 
   14.3797    42.7144 
   15.1333    44.9966 
   15.8870    46.9605 
   16.6407    49.6049 
   17.3943    52.5229 
   17.5451    53.3200 
   17.6958    54.1171 
   17.8465    54.9144 
   17.9973    55.6530 
   18.1480    56.3352 
   18.9017    58.7862 
   19.0524    59.2735 
   19.2031    59.7518 
   19.3539    60.1119 
   19.9568    61.6524 
   20.5597    62.7239 
   21.1627    63.8895 
   21.3134    64.1453 
   21.4641    64.4642 
   21.6149    64.7830 
   21.7656    65.1019 
   21.9163    65.4100 
   22.0671    65.6970 
   22.2178    65.9839 
   22.8207    67.3443 
   23.4237    69.5250 
   23.5744    70.1235 
   24.3281    72.5626 
   24.9310    75.0485 
   25.3832    77.8639 
   25.8354    80.2778 
   26.2876    81.5617 
   26.8905    82.6462 
   27.0413    82.9896 
   27.6442    84.6372 
   28.2471    85.8339 
   28.3979    86.0735 
   28.5486    86.3074 
   28.6993    86.5324 
   29.4530    87.9322 
   30.2067    89.6004 
   30.9603    92.2431 
   31.7140    95.7399 
   31.8647    96.5366 
   32.0155    97.2808 
   32.1662    97.9672 
   32.3169    98.6046 
   32.4677    99.2082 
   33.0706   101.8971 
   33.6735   104.5062 
   34.2765   106.8529 
   34.4272   107.4045 
   34.5779   107.9889 
   34.7287   108.5988 
   34.8794   109.2634 
   35.0301   110.0104 
   35.1809   110.7820 
   35.7838   113.2533 
   36.5375   116.9093 
   36.8389   118.0135 
   37.5926   119.8288 
   38.3463   121.4146 
   39.0999   122.9566 
   39.8536   124.6352 
   40.1551   125.7752 
   40.4565   127.0593 
   41.2102   129.9384 
   41.6624   131.5664 
   42.4161   134.4664 
   43.1697   136.8647 
   43.9234   137.6343 
   44.0741   137.7933 
   44.2249   138.0054 
   44.3756   138.3324 
   44.5263   138.9251 
   44.6771   139.5633 
   44.8278   140.2007 
   44.9785   140.8382 
   45.1293   141.4768 
   45.2800   142.1144 
