    0.3000     9.3596 
    0.3382     9.8275 
    0.3763    10.3021 
    0.4145    10.7852 
    0.5290    11.7498 
    0.6817    13.0588 
    0.7198    13.3093 
    0.9107    14.3525 
    1.0633    15.2911 
    1.2160    16.1707 
    1.3687    16.9681 
    1.5595    18.0602 
    1.7503    18.9132 
    1.9412    19.9649 
    1.9793    20.1775 
    2.0175    20.4026 
    2.0557    20.7026 
    2.0938    21.0039 
    2.1320    21.3085 
    2.1702    21.5841 
    2.2083    21.8193 
    2.3992    22.6432 
    2.5900    23.5699 
    2.7808    25.0304 
    2.9717    26.3131 
    3.1625    27.8564 
    3.2007    28.4641 
    3.3533    30.2642 
    3.4678    31.9289 
    3.5442    32.8163 
    3.6587    33.2009 
    3.8113    34.5049 
    3.8495    34.8439 
    3.8877    35.2366 
    3.9258    35.6529 
    3.9640    35.9917 
    4.0022    36.3148 
    4.0403    36.7143 
    4.0785    37.1416 
    4.1167    37.7843 
    4.1548    38.3953 
    4.1930    38.9066 
    4.2312    39.4212 
    4.2693    39.8751 
    4.3075    40.6676 
    4.3457    41.3018 
    4.3838    41.9301 
    4.4220    42.5010 
    4.4602    43.0264 
    4.4983    43.5338 
    4.6892    45.6480 
    4.8800    47.5509 
    4.9182    48.1478 
    4.9563    48.7958 
    4.9945    49.4672 
    5.0327    50.1388 
    5.0708    50.8104 
    5.2617    53.6583 
    5.4525    56.4427 
    5.6433    58.7341 
    5.8342    60.3475 
    5.8723    60.6833 
    5.9105    60.9818 
    5.9487    61.2803 
    6.1013    62.3690 
    6.2158    63.1456 
    6.2922    63.8172 
    6.4067    65.2224 
