    0.0000     0.0000 
    0.1400     1.0324 
    0.2800     1.9629 
    0.4200     2.8453 
    0.5600     3.6496 
    0.7000     4.4752 
    0.8050     5.0407 
    0.9100     5.5950 
    1.0150     6.0453 
    1.1200     6.7208 
    1.2250     7.5349 
    1.3300     8.1221 
    1.4350     8.7225 
    1.5400     9.3098 
    1.6450     9.7731 
    1.7500    10.4826 
    1.8550    11.0552 
    1.9600    11.5371 
    2.0650    12.0279 
    2.1700    12.2615 
    2.2750    12.6689 
    2.3450    12.8853 
    2.4150    13.0958 
    2.4850    13.3533 
    2.5900    13.7182 
    2.7300    14.0681 
    2.7650    14.1342 
    2.8000    14.2273 
    2.8350    14.3203 
    2.8700    14.4133 
    3.0100    14.7894 
    3.1500    15.3374 
    3.2900    16.2252 
    3.3250    16.4405 
    3.3600    16.5880 
    3.3950    16.7299 
    3.4300    16.8718 
    3.4650    17.0131 
    3.5000    17.1470 
    3.5350    17.2809 
    3.5700    17.4148 
    3.6050    17.5502 
    3.6400    17.6906 
    3.6750    17.8311 
    3.7100    17.9715 
    3.7450    18.1467 
    3.7800    18.3775 
    3.8150    18.6084 
    3.8500    18.8393 
    3.8850    19.0665 
    3.9200    19.2906 
    4.0950    20.0976 
    4.2700    20.7437 
    4.4450    21.3302 
    4.6200    21.9644 
    4.7950    22.6468 
    4.9350    23.1554 
    5.0750    23.6664 
    5.2150    24.1875 
    5.3200    24.5762 
    5.4250    24.9703 
    5.6000    25.6438 
    5.7750    26.1810 
    5.9500    26.6232 
    6.1250    27.0053 
    6.3000    27.3053 
    6.4750    27.7189 
    6.6500    28.2333 
    6.8250    28.8178 
    7.0000    29.4229 
