    0.0800    10.6299 
    0.1226    10.9356 
    0.1652    11.2833 
    0.2291    11.6688 
    0.2930    12.0938 
    0.3569    12.5623 
    0.4208    13.0772 
    0.4634    13.6375 
    0.5273    14.3331 
    0.6338    15.6032 
    0.6764    15.8750 
    0.7829    16.5628 
    0.8255    17.0026 
    0.9320    18.2857 
    1.0385    19.3101 
    1.0811    19.6743 
    1.1237    20.0280 
    1.1663    20.3450 
    1.2728    21.4627 
    1.3580    22.5688 
    1.3793    22.8667 
    1.4645    24.8174 
    1.5284    27.1967 
    1.5923    30.0213 
    1.6136    30.7949 
    1.6349    31.4536 
    1.6988    33.1509 
    1.7627    35.1965 
    1.7840    35.7456 
    1.8053    36.2356 
    1.8266    36.7339 
    1.8905    38.0615 
    1.9544    38.7390 
    1.9970    39.6680 
    2.0609    41.1014 
    2.1035    42.1764 
    2.1461    43.2515 
    2.1887    44.3265 
    2.2526    46.1183 
    2.2739    46.8350 
    2.2952    47.5517 
    2.3378    49.3434 
    2.3804    51.1352 
    2.4017    51.8519 
    2.4656    53.6436 
    2.5082    54.7187 
    2.5508    55.7937 
    2.6147    57.2271 
    2.6360    57.5855 
    2.7212    58.6605 
    2.7851    59.3772 
    2.8916    60.4523 
    2.9342    60.8106 
    2.9768    61.1690 
    3.0194    61.5273 
    3.1259    62.6024 
    3.2111    63.6774 
    3.2324    64.0358 
    3.2963    65.4692 
    3.3389    66.5443 
    3.3602    67.2609 
    3.4028    69.0527 
    3.4454    70.8445 
    3.4667    71.5611 
    3.5093    72.6362 
    3.5306    72.9945 
    3.6371    74.4279 
    3.7223    75.5030 
    3.7862    76.2197 
    3.8927    77.4514 
    3.9992    78.7385 
    4.1057    80.0255 
    4.2122    81.3126 
    4.3187    82.5995 
    4.3826    83.4575 
    4.4465    84.3156 
    4.5104    85.0909 
    4.5743    85.5400 
    4.6382    85.9891 
    4.7021    86.4383 
    4.7660    86.8874 
    4.8299    87.3365 
    4.8938    88.0452 
    4.9577    88.7619 
    5.0216    89.4786 
    5.1068    90.5537 
    5.2133    91.9871 
    5.3198    93.4205 
    5.4263    94.8539 
    5.4476    95.2122 
    5.4689    95.5706 
    5.4902    95.9289 
    5.5115    96.2873 
    5.5328    96.6456 
    5.6180    98.4374 
    5.6393    98.7957 
    5.6606    99.1541 
    5.6819    99.5124 
    5.7671   101.0640 
    5.8523   102.5756 
    5.9375   104.0873 
    5.9588   104.3893 
    5.9801   104.6913 
    6.0014   104.9941 
    6.0227   105.3241 
    6.0440   105.6547 
    6.0653   105.9863 
    6.0866   106.3169 
    6.1079   106.6475 
    6.1292   106.9790 
    6.2357   108.3024 
    6.3209   109.3223 
    6.3848   110.0071 
    6.4913   111.1379 
    6.5978   112.2928 
    6.7043   113.4477 
    6.8108   114.6026 
    6.8747   115.3729 
    6.9599   116.5277 
    6.9812   116.9124 
    7.0451   118.4529 
    7.0877   119.6078 
    7.1516   121.5319 
    7.1729   122.3022 
    7.2368   124.2274 
    7.3007   126.1526 
    7.3433   127.3075 
    7.4072   128.8470 
    7.4285   129.2316 
    7.4498   129.6140 
    7.4711   129.9720 
    7.5776   131.4060 
    7.6841   132.8390 
    7.7906   134.2720 
    7.8119   134.6310 
    7.8971   136.4220 
    7.9823   138.2140 
    8.0675   140.0060 
    8.0888   140.3640 
    8.1101   140.7230 
    8.1314   141.0810 
    8.1527   141.4390 
    8.1740   141.7980 
    8.1953   142.1560 
    8.2166   142.5140 
    8.2379   142.8730 
    8.3231   144.6650 
    8.3657   145.7400 
    8.4296   147.5310 
    8.4509   148.2480 
    8.4722   148.9650 
    8.5148   150.7560 
    8.5574   152.5480 
