    0.1300     0.0178 
    0.1949     0.6370 
    0.2599     1.0296 
    0.3248     1.2794 
    0.3898     1.6024 
    0.4547     1.9688 
    0.5196     2.3523 
    0.5846     2.7359 
    0.7145     3.3723 
    0.8443     3.9723 
    0.9742     4.4564 
    1.1041     4.9844 
    1.2340     5.5363 
    1.3639     6.0924 
    1.4937     6.6991 
    1.6236     7.3819 
    1.7535     7.9484 
    1.8834     8.4333 
    2.0133     8.8883 
    2.0782     9.1841 
    2.1431     9.5090 
    2.2081     9.8182 
    2.2730    10.0980 
    2.3380    10.3609 
    2.4029    10.6279 
    2.4678    10.8257 
    2.5977    11.1403 
    2.7276    11.4818 
    2.8575    11.8179 
    2.9874    12.1517 
    3.1172    12.5105 
    3.3121    13.0145 
    3.3770    13.1427 
    3.5718    13.3836 
    3.7017    13.5027 
    3.8965    13.6218 
    4.0913    13.7470 
    4.2862    13.8822 
    4.6109    14.1524 
    4.9356    14.4391 
    5.2603    14.7400 
    5.5850    15.0376 
    5.9097    15.3297 
    6.0395    15.4755 
    6.3642    15.7389 
    6.6889    15.9912 
    7.0136    16.2122 
    7.3383    16.5080 
    7.6630    16.7553 
    7.7929    16.8367 
    8.1176    17.0040 
    8.4423    17.1729 
    8.6371    17.2621 
    8.8320    17.3704 
    9.0268    17.4786 
    9.1567    17.5869 
    9.4814    17.9460 
    9.8061    18.3220 
    9.9359    18.4431 
   10.2606    18.6851 
   10.4555    18.8065 
   10.6503    18.9292 
   10.8451    19.0518 
   11.0399    19.1744 
   11.2347    19.2970 
   11.4296    19.4095 
   11.7543    19.6336 
   11.8841    19.7456 
   12.0790    19.9809 
   12.2738    20.2187 
   12.4686    20.5131 
   12.7933    20.9974 
   13.1180    21.4454 
   13.2479    21.5948 
   13.3778    21.7428 
   13.5076    21.8903 
   13.6375    22.0376 
   13.9622    22.3248 
   14.1570    22.4529 
   14.4817    22.7089 
   14.6116    22.8376 
   14.8064    23.1085 
   15.0013    23.3794 
   15.1961    23.6503 
   15.3909    23.9212 
   15.7156    24.2654 
   15.9104    24.4905 
   16.1702    24.9089 
   16.4299    25.2645 
   16.6248    25.4753 
   16.9495    25.7967 
   17.2742    26.0179 
   17.5989    26.2891 
   17.7937    26.4246 
   18.1184    26.6895 
   18.4431    26.9466 
   18.7678    27.2136 
   19.0925    27.5039 
   19.4172    27.8047 
   19.5471    27.9865 
   19.6769    28.1683 
   20.0016    28.5319 
   20.3263    28.8821 
   20.6510    29.2322 
   20.9757    29.5194 
   21.1706    29.6567 
   21.3654    29.7941 
   21.5602    29.9302 
   21.8849    30.1981 
   22.0797    30.4650 
   22.3395    30.7923 
   22.4044    30.9014 
   22.5992    31.2581 
   22.7291    31.5507 
   22.8590    32.0316 
   22.9239    32.2097 
   22.9889    32.3735 
   23.1837    32.7889 
   23.3785    33.3145 
   23.4435    33.4994 
   23.5733    33.9987 
   23.7032    34.5165 
   23.7682    34.7012 
   23.9630    35.1124 
   24.1578    35.5865 
   24.2227    35.8064 
   24.3526    36.0558 
   24.4176    36.1389 
   24.7423    36.5530 
   25.0670    36.9794 
   25.3917    37.3752 
   25.4566    37.4716 
   25.6514    37.8460 
   25.7813    38.1774 
   25.9761    38.8368 
   26.0411    39.1016 
   26.1709    39.7004 
   26.2359    39.9473 
   26.4307    40.3813 
   26.4956    40.4880 
   26.5606    40.6030 
   26.6255    40.7190 
   26.9502    41.1829 
   27.2749    41.6468 
   27.5996    42.1107 
   27.6646    42.2267 
   27.7295    42.3427 
   27.7944    42.4587 
   27.8594    42.5747 
   28.1191    43.1546 
   28.3789    43.7345 
   28.4438    43.8504 
   28.7685    44.3144 
   29.0932    44.7783 
   29.1582    44.8943 
   29.4179    45.4742 
   29.6128    45.9381 
   29.8076    46.4020 
   29.9375    46.7499 
   30.1323    47.3298 
   30.1972    47.5618 
   30.2622    47.7938 
   30.3271    48.0257 
   30.4570    48.6056 
   30.5869    49.1855 
   30.7167    49.7654 
   30.8466    50.3453 
   30.9765    50.9252 
   31.1064    51.5051 
   31.2363    52.0850 
   31.3661    52.6649 
   31.4960    53.2448 
   31.6259    53.8247 
   31.8517    54.6016 
   32.3746    56.2263 
   32.8975    57.8511 
   33.4203    59.4758 
   33.9432    61.1006 
   34.4661    62.7253 
   34.6404    63.3752 
   34.9890    65.0000 
