2354	111.29	-0.42
2356	111.43	0.84
2357	111.50	0.49
2359	111.64	0.53
2360	111.71	-0.30
2361	111.79	1.06
2362	111.86	0.85
2363	111.93	0.87
2364	112.00	0.89
2365	112.07	0.51
2366	112.14	0.62
2367	112.21	0.88
2368	112.29	0.90
2369	112.36	0.64
2370	112.43	0.45
2371	112.50	-0.03
2372	112.57	0.64
2373	112.64	0.92
2374	112.71	0.90
2375	112.79	0.91
2376	112.86	0.81
2377	112.93	0.71
2378	113.00	0.81
2379	113.15	0.68
2380	113.31	0.96
2381	113.46	0.96
2382	113.62	0.97
2383	113.78	0.92
2384	113.93	1.11
2385	114.08	1.09
2386	114.24	1.13
2387	114.39	1.02
2388	114.55	0.99
2389	114.71	0.70
2390	114.86	0.71
2391	115.01	1.00
2392	115.17	0.93
2393	115.32	0.86
2394	115.48	0.94
2395	115.64	0.90
2396	115.79	0.78
2397	115.94	0.91
2398	116.10	0.84
2399	116.13	0.78
2400	116.16	0.79
2401	116.18	0.85
2402	116.21	1.00
2403	116.24	0.77
2404	116.27	0.88
2405	116.30	0.82
2406	116.32	0.86
2407	116.35	1.02
2408	116.38	0.91
2409	116.41	0.98
2410	116.44	0.85
2411	116.46	0.87
2412	116.49	0.94
2413	116.52	1.03
2414	116.55	0.83
2415	116.58	0.89
2416	116.60	0.77
2417	116.63	0.62
2419	116.69	0.96
2420	116.72	0.78
2421	116.75	0.92
2422	116.77	0.84
2424	116.83	-0.85
2436	117.17	1.01
2437	117.19	1.05
2439	117.25	0.90
2440	117.28	0.81
2441	117.31	0.79
2443	117.36	0.90
2444	117.39	0.98
2445	117.42	0.77
2447	117.47	0.83
2448	117.50	0.60
2449	117.53	0.65
2451	117.59	0.65
2452	117.61	0.86
2453	117.64	0.67
2454	117.67	0.90
2455	117.70	0.86
2456	117.73	0.90
2457	117.75	0.95
2458	117.78	1.00
2459	117.81	0.57
2460	117.84	0.70
2461	117.87	0.81
2462	117.89	0.67
2463	117.92	0.99
2464	117.95	0.51
2465	117.98	0.88
2467	118.04	0.86
2468	118.06	0.93
2469	118.09	0.86
2470	118.12	0.88
2471	118.15	0.83
2472	118.18	0.76
2473	118.20	0.88
2474	118.23	0.79
2475	118.26	0.73
2476	118.29	0.70
2477	118.32	0.58
2478	118.34	0.77
2479	118.37	0.53
2480	118.40	0.86
2481	118.43	0.86
2482	118.46	0.98
2483	118.48	0.90
2484	118.51	0.88
2485	118.54	0.68
2487	118.60	0.74
2488	118.62	0.70
2489	118.65	0.71
2490	118.68	0.64
2491	118.71	0.81
2492	118.74	0.47
2493	118.76	0.77
2495	118.82	0.72
2496	118.85	0.75
2497	118.88	0.74
2498	118.90	0.59
2499	118.93	0.53
2500	118.96	0.64
2501	118.99	0.62
2502	119.02	0.64
2503	119.04	0.73
2504	119.07	0.76
2505	119.10	0.67
2507	119.16	0.64
2508	119.18	0.46
2509	119.21	0.63
2510	119.24	0.54
2511	119.27	0.93
2512	119.30	0.72
2513	119.33	0.69
2514	119.35	0.74
2515	119.38	0.73
2516	119.41	0.66
2517	119.44	0.64
2518	119.47	-0.49
2519	119.49	0.06
2520	119.52	0.69
2521	119.55	0.32
2522	119.58	0.30
2525	119.66	0.64
2526	119.69	0.85
2527	119.72	0.58
2528	119.75	0.74
2529	119.77	0.77
2530	119.80	0.71
2531	119.83	0.76
2532	119.86	0.88
2533	119.89	0.81
2534	119.91	0.77
2535	119.94	0.79
2536	119.97	0.92
2537	120.00	0.66
2539	120.05	0.88
2540	120.08	0.57
2541	120.11	0.48
2542	120.14	0.28
2543	120.17	0.70
2544	120.19	0.39
2545	120.22	0.60
2546	120.25	0.57
2547	120.28	0.40
2548	120.31	0.48
2549	120.33	0.36
2550	120.36	0.60
2552	120.42	0.45
2553	120.45	-0.05
2555	120.50	0.67
2556	120.53	0.92
2557	120.56	0.24
2558	120.59	0.81
2559	120.62	0.80
2560	120.64	0.76
2561	120.67	0.91
2562	120.70	0.72
2563	120.73	0.62
2564	120.76	0.52
2565	120.78	0.57
2566	120.81	0.50
2567	120.84	0.55
2568	120.87	0.66
2569	120.90	0.71
2571	120.95	0.39
2572	120.98	0.69
2573	121.01	0.50
2574	121.04	0.72
2575	121.06	0.61
2576	121.09	0.86
2577	121.12	0.63
2578	121.15	0.63
2579	121.18	0.77
2580	121.20	0.70
2581	121.23	0.67
2582	121.26	0.76
2583	121.29	0.64
2584	121.32	0.55
2585	121.34	0.86
2586	121.37	0.79
2587	121.40	0.59
2588	121.43	0.58
2589	121.46	0.76
2590	121.48	0.13
2591	121.51	0.61
2592	121.54	0.69
2593	121.57	0.69
2594	121.60	0.48
2595	121.62	0.75
2596	121.65	0.50
2597	121.68	0.26
2598	121.71	0.68
2599	121.74	0.66
2600	121.77	0.48
2601	121.79	0.32
2602	121.82	0.36
2603	121.85	0.42
2604	121.88	0.46
2605	121.91	0.72
2606	121.93	0.63
2607	121.96	0.66
2608	121.99	0.71
2609	122.02	0.54
2610	122.05	0.57
2611	122.07	0.33
2612	122.10	0.57
2613	122.13	0.44
2614	122.16	0.35
2615	122.19	0.86
2616	122.21	0.60
2617	122.24	0.21
2618	122.27	0.51
2622	122.38	0.56
2626	122.49	0.07
2627	122.52	0.90
2628	122.55	0.30
2629	122.58	0.04
2630	122.61	0.71
2631	122.63	0.35
2632	122.66	0.24
2633	122.69	0.33
2634	122.72	0.62
2635	122.75	0.83
2636	122.77	0.35
2637	122.80	0.36
2638	122.83	0.60
2639	122.86	0.73
2640	122.89	0.57
2641	122.92	0.43
2642	122.94	0.05
2643	122.97	0.14
2644	123.00	0.44
2645	123.03	0.36
2647	123.08	0.63
2648	123.11	0.30
2649	123.14	0.20
2651	123.20	-0.03
2652	123.22	0.71
2653	123.25	0.77
2655	123.31	0.09
2656	123.34	0.78
2657	123.36	0.53
2659	123.42	0.30
2660	123.45	0.24
2661	123.48	0.20
2662	123.50	0.13
2663	123.53	0.30
2664	123.56	0.45
2665	123.59	0.09
2667	123.64	-0.46
2670	123.73	0.00
2671	123.76	0.16
2672	123.78	0.07
2673	123.81	0.23
2674	123.84	0.17
2675	123.87	0.14
2676	123.90	-0.81
2677	123.92	0.22
2678	123.95	0.07
2679	123.98	-0.12
2680	124.01	-0.09
2683	124.09	-0.57
2684	124.12	0.06
2686	124.18	-0.51
2687	124.21	0.08
2688	124.23	0.14
2690	124.29	-1.21
2691	124.32	0.59
2693	124.37	0.34
2695	124.43	0.50
2696	124.46	0.48
2697	124.49	0.39
2700	124.57	0.10
2702	124.63	-0.48
2703	124.65	0.50
2704	124.68	0.06
2705	124.71	0.07
2706	124.74	0.02
2707	124.77	0.33
2708	124.79	0.06
2709	124.82	-0.59
2710	124.85	0.32
2711	124.88	0.00
2712	124.91	-0.34
2713	124.93	0.12
2714	124.96	-0.25
2715	124.99	0.75
2716	125.02	-0.13
2717	125.05	-0.17
2718	125.07	0.33
2719	125.10	0.15
2720	125.13	0.66
2721	125.16	0.46
2722	125.19	-0.01
2723	125.21	-0.52
2725	125.27	-0.03
2726	125.30	-0.48
2727	125.33	-0.55
2728	125.35	0.02
2729	125.38	-0.12
2730	125.41	-1.27
2731	125.44	0.42
2734	125.52	0.11
2735	125.55	-0.05
2736	125.58	0.23
2737	125.61	0.21
2738	125.64	0.28
2739	125.66	-0.39
2740	125.69	0.28
2741	125.72	0.47
2742	125.75	0.58
2744	125.80	0.03
2745	125.83	0.03
2746	125.86	0.39
2747	125.89	0.15
2748	125.92	-0.51
2758	126.27	0.90
2763	126.46	0.61
2764	126.50	0.54
2765	126.54	-0.28
2767	126.62	0.61
2770	126.73	-0.31
2771	126.77	0.73
2775	126.92	0.37
2776	126.96	0.38
2777	127.00	-0.30
2779	127.08	0.72
2780	127.12	-0.26
2796	127.73	0.16
2803	128.00	0.50
2807	128.92	0.20
2808	129.15	-0.25
2809	129.38	-0.17
2810	129.62	-0.13
2811	129.85	0.21
2812	130.08	0.07
2814	130.54	-0.16
2815	130.77	-0.35
2816	131.00	-0.06
2817	131.44	-0.10
2818	131.89	0.41
2819	132.33	0.64
2820	132.78	-0.25
2822	133.67	-0.16
2823	134.11	0.22
2824	134.56	-0.05
2825	135.00	0.07
2826	135.44	0.42
2827	135.89	-0.10
2830	137.22	-0.07
2832	138.11	-0.09
2834	139.00	-0.17
2835	139.44	-0.24
2836	139.89	0.04
2837	140.33	-0.17
2838	140.78	-0.20
2839	141.22	-0.09
2840	141.67	0.04
2841	142.11	-0.40
2842	142.56	-0.28
2843	143.00	-0.20
2844	143.44	-0.31
2846	144.33	-0.20
2847	144.78	-0.15
2848	145.22	-0.44
