    0.0000     8.0641 
    0.0656     8.4900 
    0.1312     8.8918 
    0.1968     9.3443 
    0.2624     9.8091 
    0.3280    10.2156 
    0.3936    10.6087 
    0.4592    11.0585 
    0.4920    11.2530 
    0.5904    11.7550 
    0.6888    12.2553 
    0.7872    12.7970 
    0.8200    13.0244 
    0.8528    13.2469 
    0.9184    13.7858 
    0.9512    14.0256 
    1.0168    14.3974 
    1.0496    14.5309 
    1.0824    14.6644 
    1.1152    14.7980 
    1.2464    15.1904 
    1.3448    15.4495 
    1.5088    15.7998 
    1.5744    15.9117 
    1.7384    16.1279 
    1.8368    16.2154 
    1.9352    16.3029 
    2.0336    16.3903 
    2.1320    16.4778 
    2.2304    16.5583 
    2.3288    16.6306 
    2.4272    16.7028 
    2.5256    16.7750 
    2.6240    16.8472 
    2.7224    16.9210 
    2.8208    16.9959 
    2.9192    17.0709 
    3.0176    17.1458 
    3.1160    17.2207 
    3.2144    17.3111 
    3.3128    17.4072 
    3.4112    17.5033 
    3.5096    17.5994 
    3.6080    17.6954 
    3.7064    17.8056 
    3.8048    17.9177 
    3.9032    18.0298 
    4.0016    18.1419 
    4.1656    18.3613 
    4.3296    18.5761 
    4.4936    18.7911 
    4.6576    19.0087 
    4.7560    19.1175 
    4.8544    19.2263 
    4.9528    19.3322 
    5.0512    19.4316 
    5.1496    19.5310 
    5.2480    19.6304 
    5.3464    19.7298 
    5.4448    19.8318 
    5.5432    19.9373 
    5.6416    20.0428 
    5.7400    20.1483 
    5.8384    20.2537 
    5.9368    20.3811 
    6.0352    20.5244 
    6.1008    20.6676 
    6.1992    20.9542 
    6.3632    21.4873 
    6.3960    21.6198 
    6.4288    21.7508 
    6.4616    21.8817 
    6.4944    22.0125 
    6.5272    22.1433 
    6.5600    22.2741 
    6.5928    22.3877 
    6.7568    22.8430 
    6.8880    23.2035 
    6.9864    23.4438 
    7.1504    23.8043 
    7.2160    23.9245 
    7.3800    24.1330 
    7.5440    24.3286 
    7.7080    24.5390 
    7.8720    24.7865 
    7.9376    24.9103 
    8.1016    25.2299 
    8.2000    25.4169 
    8.3640    25.7962 
    8.3968    25.8915 
    8.4296    25.9869 
    8.4624    26.1069 
    8.4952    26.2272 
    8.6264    26.8154 
    8.7576    27.4191 
    8.8888    28.1413 
    9.0200    28.9325 
    9.0528    29.0878 
    9.2168    29.6188 
    9.3808    30.1007 
    9.4136    30.2196 
    9.5448    30.7483 
    9.6432    31.0954 
    9.7416    31.4202 
    9.8072    31.6861 
    9.8728    31.9392 
    9.9384    32.1835 
   10.0040    32.4014 
   10.0696    32.6219 
   10.1680    32.9374 
   10.2664    33.3255 
   10.3648    33.6498 
   10.4960    34.1160 
   10.5288    34.2105 
   10.5616    34.3001 
   10.5944    34.3898 
   10.6272    34.4794 
   10.6600    34.5691 
   10.6928    34.6524 
   10.7256    34.7255 
   10.7584    34.7987 
   10.7912    34.8718 
   10.9224    35.2357 
   11.0536    35.6901 
   11.1848    36.0872 
   11.3160    36.5335 
   11.3488    36.6270 
   11.5128    37.0062 
   11.6768    37.3558 
   11.8408    37.6917 
   12.0048    38.0513 
   12.1688    38.4733 
   12.3328    38.9783 
   12.4968    39.4021 
   12.6608    39.8353 
   12.8248    40.2364 
   12.8576    40.3311 
   12.9888    40.8309 
   13.0872    41.2425 
   13.1856    41.6541 
   13.2512    41.9628 
   13.3496    42.4773 
   13.4480    42.9918 
   13.5464    43.5063 
   13.6448    44.0208 
   13.7432    44.5353 
   13.8416    45.0498 
   13.8744    45.2556 
   13.9400    45.7701 
   14.0056    46.2846 
   14.0712    46.7991 
   14.1368    47.3136 
   14.1696    47.5194 
   14.2024    47.7252 
   14.2352    47.9310 
   14.3336    48.4455 
   14.4320    48.9600 
   14.5304    49.4745 
   14.6288    49.9890 
   14.6328    50.0035 
   14.9008    51.1758 
   15.1688    52.3482 
   15.4368    53.5205 
   15.4904    53.8136 
   15.6512    54.9859 
   15.7584    55.8651 
   15.8120    56.4513 
   15.9192    57.9167 
   16.0264    59.3821 
   16.1336    60.8475 
   16.2408    62.3129 
   16.3480    63.7783 
   16.4552    65.2437 
   16.5624    66.7091 
   16.6160    67.2952 
   16.7768    68.7606 
   16.9376    70.2260 
   17.0984    71.6914 
   17.2592    73.1568 
   17.4200    74.6222 
   17.4736    75.2084 
   17.5272    75.7946 
   17.5808    76.3807 
   17.6344    77.0590 
   17.7416    78.8133 
   17.8488    80.5677 
   17.9560    82.3220 
   18.0632    84.0764 
   18.1704    85.4348 
   18.2776    86.3532 
   18.3312    86.9041 
   18.3848    87.5178 
   18.4384    88.3970 
   18.4920    89.2762 
   18.5456    90.1555 
   18.5992    91.0347 
   18.6528    91.9140 
   18.7064    92.7932 
   18.7600    93.6724 
   18.8136    94.5517 
   18.8672    95.4309 
   18.9208    96.3102 
   18.9744    97.1894 
   19.0280    98.0686 
   19.0816    98.9479 
   19.1352    99.8182 
   19.1888   100.5596 
   19.2424   101.3019 
   19.2960   102.0434 
   19.3496   102.7848 
   19.4032   103.5263 
   19.4568   104.2686 
   19.5104   105.0111 
   19.5640   105.8228 
   19.6176   106.6346 
   19.6712   107.4472 
   19.7248   108.2590 
   19.7784   109.0902 
   19.8320   109.9297 
   19.8856   110.8403 
   19.9392   111.7857 
   19.9928   112.7300 
   20.0464   113.6744 
   20.1000   114.6187 
   20.1536   115.5641 
   20.2072   116.5084 
   20.2608   117.4527 
   20.3144   118.3971 
   20.3680   119.3425 
   20.4216   120.2868 
   20.4752   121.2311 
   20.5288   122.1755 
   20.5824   123.1209 
   20.6360   124.0652 
   20.6896   125.0095 
   20.7432   125.9538 
   20.7968   126.8992 
   20.8504   127.8436 
   20.9040   128.7879 
   20.9576   129.7210 
   21.0112   130.6010 
   21.0648   131.4800 
   21.1184   132.3590 
   21.1720   133.2380 
   21.2256   134.1170 
   21.2792   134.9970 
   21.3328   135.8760 
   21.3864   136.7550 
   21.4400   137.6340 
   21.5472   139.1000 
   21.6008   139.6860 
   21.7080   140.5650 
   21.8688   141.7380 
   21.9224   142.0310 
   22.1904   143.2030 
   22.4048   144.0820 
   22.5656   144.6680 
   22.8336   145.5480 
   22.9408   145.8410 
   23.0480   146.1340 
   23.3160   146.7200 
   23.5840   147.3060 
   23.8520   147.8920 
   24.1200   148.4780 
   24.3880   149.0650 
   24.6560   149.6510 
   24.9240   150.2370 
   25.1920   150.8230 
   25.4600   151.4090 
   25.7280   151.9950 
   25.9960   152.5820 
   26.2640   153.1680 
   26.5320   153.7540 
