    0.0000     0.0000 
    0.0680     3.5637 
    0.0850     4.1382 
    0.1020     4.6217 
    0.1190     5.0614 
    0.2040     7.6059 
    0.2210     8.0933 
    0.2890    10.3263 
    0.3060    10.7335 
    0.3230    11.1210 
    0.3400    11.5424 
    0.3570    11.9396 
    0.3740    12.4416 
    0.3910    12.8690 
    0.4080    13.2689 
    0.4760    15.6767 
    0.4930    16.1431 
    0.5610    17.5013 
    0.6120    18.3424 
    0.6970    19.5709 
    0.7820    20.8070 
    0.8670    22.1131 
    0.9180    22.7921 
    0.9860    24.2144 
    1.0030    24.8296 
    1.0200    25.4279 
    1.0370    25.9409 
    1.1050    29.3186 
    1.1730    32.3693 
    1.2240    33.5042 
    1.2580    34.9470 
    1.2750    36.2044 
    1.3090    40.6951 
    1.3430    45.3921 
    1.3600    47.8253 
    1.3770    51.1399 
    1.3940    54.7938 
    1.4110    57.9242 
    1.4280    60.2078 
    1.4620    62.3634 
    1.4790    62.9941 
    1.5130    64.1342 
    1.5300    64.6347 
    1.5810    65.6035 
    1.6660    66.8356 
    1.7510    68.4499 
    1.7850    69.3237 
    1.8190    70.2622 
    1.8530    71.2007 
    1.8870    72.1621 
    1.9720    76.5481 
    2.0400    81.4818 
    2.0570    82.0810 
    2.1080    84.3314 
    2.1420    85.4378 
    2.1930    87.6389 
    2.2440    91.5201 
    2.2610    94.1020 
    2.2950    99.7647 
    2.3120   101.4532 
    2.3630   105.3999 
    2.3970   107.8263 
    2.4140   108.7853 
    2.4820   112.4066 
    2.5670   117.7268 
    2.6520   121.7466 
    2.7370   125.9546 
    2.7880   129.3643 
    2.8560   132.9734 
    2.9410   136.4495 
    2.9750   136.9429 
    3.0600   137.5400 
    3.1110   137.7897 
    3.1620   138.1361 
    3.2130   138.9996 
    3.2640   140.0004 
    3.3150   141.0018 
    3.4000   142.6896 
