MD06-3018,-23.003,166.15,2470,0,3.5,C. wuellerstorfi,,,3.3849,0.5387
MD06-3018,-23.003,166.15,2470,0.1,5.92,C. wuellerstorfi,,,3.228,0.739
MD06-3018,-23.003,166.15,2470,0.2,8.33,C. wuellerstorfi,,,3.1428,0.9423
MD06-3018,-23.003,166.15,2470,0.3,10.75,C. wuellerstorfi,,,4.0213,0.804
MD06-3018,-23.003,166.15,2470,0.4,13.17,C. wuellerstorfi,,,3.7253,-0.0209
MD06-3018,-23.003,166.15,2470,0.5,15.58,C. wuellerstorfi,,,4.5199,-0.0224
MD06-3018,-23.003,166.15,2470,0.6,18,C. wuellerstorfi,,,4.5944,0.0436
MD06-3018,-23.003,166.15,2470,0.7,22.89,C. wuellerstorfi,,,4.7456,0.1295
MD06-3018,-23.003,166.15,2470,0.8,27.78,C. wuellerstorfi,,,4.871,0.132
MD06-3018,-23.003,166.15,2470,0.9,32.67,C. wuellerstorfi,,,4.6518,0.3726
MD06-3018,-23.003,166.15,2470,1,37.56,C. wuellerstorfi,,,4.587,0.361
MD06-3018,-23.003,166.15,2470,1.1,42.44,C. wuellerstorfi,,,4.349,0.2985
MD06-3018,-23.003,166.15,2470,1.2,47.33,C. wuellerstorfi,,,4.5856,0.479
MD06-3018,-23.003,166.15,2470,1.3,52.22,C. wuellerstorfi,,,4.4798,0.6037
MD06-3018,-23.003,166.15,2470,1.4,57.11,C. wuellerstorfi,,,4.1174,0.5657
MD06-3018,-23.003,166.15,2470,1.5,62,C. wuellerstorfi,,,4.5639,0.3661
MD06-3018,-23.003,166.15,2470,1.6,67,C. wuellerstorfi,,,4.6369,0.1932
MD06-3018,-23.003,166.15,2470,1.7,72,C. wuellerstorfi,,,4.5511,0.3151
MD06-3018,-23.003,166.15,2470,1.8,77,C. wuellerstorfi,,,4.1513,0.5849
MD06-3018,-23.003,166.15,2470,1.9,82,C. wuellerstorfi,,,4.1856,0.3201
MD06-3018,-23.003,166.15,2470,2,87,C. wuellerstorfi,,,4.159,0.409
MD06-3018,-23.003,166.15,2470,2.1,91.2,C. wuellerstorfi,,,3.8895,0.5328
MD06-3018,-23.003,166.15,2470,2.2,95.4,C. wuellerstorfi,,,4.0556,0.5191
MD06-3018,-23.003,166.15,2470,2.3,99.6,C. wuellerstorfi,,,3.8836,0.4374
MD06-3018,-23.003,166.15,2470,2.4,103.8,C. wuellerstorfi,,,4.0085,0.2598
MD06-3018,-23.003,166.15,2470,2.5,108,C. wuellerstorfi,,,4.1914,0.3692
MD06-3018,-23.003,166.15,2470,2.6,112.83,C. wuellerstorfi,,,3.5915,0.448
MD06-3018,-23.003,166.15,2470,2.65,115.25,C. wuellerstorfi,,,3.8564,0.4466
MD06-3018,-23.003,166.15,2470,2.75,120.08,C. wuellerstorfi,,,3.7753,0.4877
MD06-3018,-23.003,166.15,2470,2.8,122.5,C. wuellerstorfi,,,3.5705,0.4465
MD06-3018,-23.003,166.15,2470,2.9,127.33,C. wuellerstorfi,,,4.2539,0.1705
MD06-3018,-23.003,166.15,2470,3,132.17,C. wuellerstorfi,,,4.605,0.024
MD06-3018,-23.003,166.15,2470,3.1,137,C. wuellerstorfi,,,4.7763,0.1043
MD06-3018,-23.003,166.15,2470,3.2,142,C. wuellerstorfi,,,4.8489,-0.1877
MD06-3018,-23.003,166.15,2470,3.3,147,C. wuellerstorfi,,,4.9708,-0.0444
MD06-3018,-23.003,166.15,2470,3.4,152,C. wuellerstorfi,,,4.6638,-0.222
MD06-3018,-23.003,166.15,2470,3.5,157,C. wuellerstorfi,,,4.6412,0.0501
MD06-3018,-23.003,166.15,2470,3.6,162,C. wuellerstorfi,,,4.9079,-0.1085
MD06-3018,-23.003,166.15,2470,3.7,167,C. wuellerstorfi,,,4.5811,0.0489
MD06-3018,-23.003,166.15,2470,3.8,172,C. wuellerstorfi,,,4.1823,-0.2612
MD06-3018,-23.003,166.15,2470,3.9,177,C. wuellerstorfi,,,4.6214,-0.0507
MD06-3018,-23.003,166.15,2470,4,182,C. wuellerstorfi,,,4.239,-0.071
MD06-3018,-23.003,166.15,2470,4.1,185.91,C. wuellerstorfi,,,4.6782,0.0691
MD06-3018,-23.003,166.15,2470,4.2,189.82,C. wuellerstorfi,,,4.0919,-0.1149
MD06-3018,-23.003,166.15,2470,4.3,193.73,C. wuellerstorfi,,,4.3346,0.1887
MD06-3018,-23.003,166.15,2470,4.4,197.64,C. wuellerstorfi,,,3.9567,0.4184
