    0.0000     1.2273 
    0.0304     1.9115 
    0.0608     2.5956 
    0.0912     3.0233 
    0.1216     3.3462 
    0.1520     3.8197 
    0.1824     4.3814 
    0.2128     4.9577 
    0.2432     5.4791 
    0.2736     5.9203 
    0.3040     6.4325 
    0.3344     6.8936 
    0.3648     7.4033 
    0.3876     7.7986 
    0.4028     8.0837 
    0.4256     8.5267 
    0.4332     8.6863 
    0.4484     9.0675 
    0.4636     9.4219 
    0.4712     9.5607 
    0.4788     9.7039 
    0.5016    10.0577 
    0.5244    10.4240 
    0.5396    10.6587 
    0.5624    11.0011 
    0.5700    11.0935 
    0.5776    11.1985 
    0.6080    11.5135 
    0.6308    11.7426 
    0.6688    12.0996 
    0.7068    12.4923 
    0.7448    12.9040 
    0.7676    13.2206 
    0.7980    13.6709 
    0.8056    13.7708 
    0.8132    13.8707 
    0.8208    13.9705 
    0.8512    14.4426 
    0.8740    14.7747 
    0.8968    15.1219 
    0.9196    15.5203 
    0.9424    15.8230 
    0.9652    16.1589 
    0.9956    16.7047 
    1.0032    16.8240 
    1.0412    17.3546 
    1.0716    17.7355 
    1.1020    18.0954 
    1.1324    18.3609 
    1.1552    18.5273 
    1.1932    18.8209 
    1.2312    19.1233 
    1.2692    19.4326 
    1.3072    19.7354 
    1.3452    20.0326 
    1.3832    20.2990 
    1.4212    20.5759 
    1.4440    20.7962 
    1.4744    21.1230 
    1.5124    21.5423 
    1.5200    21.6437 
    1.5276    21.7434 
    1.5352    21.8432 
    1.5428    21.9430 
    1.5504    22.0427 
    1.5580    22.1472 
    1.5656    22.2539 
    1.5960    22.7428 
    1.6264    23.1595 
    1.6568    23.6061 
    1.6872    24.1509 
    1.6948    24.2902 
    1.7024    24.4293 
    1.7100    24.5685 
    1.7176    24.7454 
    1.7252    24.9326 
    1.7632    25.6624 
    1.7936    26.1529 
    1.8240    26.6262 
    1.8544    27.0884 
    1.8848    27.5778 
    1.9152    28.0691 
    1.9532    28.7255 
    1.9608    28.8992 
    1.9684    29.0745 
    1.9760    29.2499 
    1.9836    29.4252 
    1.9912    29.6004 
    1.9988    29.7246 
    2.0064    29.8419 
    2.0140    29.9592 
    2.0216    30.0766 
    2.0292    30.1939 
    2.0368    30.3020 
    2.0444    30.4091 
    2.0520    30.5162 
    2.0596    30.6233 
    2.0672    30.7305 
    2.0748    30.8259 
    2.0824    30.9201 
    2.0900    31.0145 
    2.0976    31.1088 
    2.1052    31.2031 
    2.1128    31.2923 
    2.1204    31.3811 
    2.1280    31.4699 
    2.1356    31.5588 
    2.1432    31.6476 
    2.1508    31.7339 
    2.1584    31.8201 
    2.1660    31.9062 
    2.2040    32.2659 
    2.2420    32.6377 
    2.2800    32.9981 
