    0.0000     0.0000 
    0.0941     1.2713 
    0.2352     3.2944 
    0.3763     5.0407 
    0.4703     5.9241 
    0.6585     7.8515 
    0.7055     8.1318 
    0.8936     9.1329 
    1.0347     9.6885 
    1.1758    10.4248 
    1.4110    11.3442 
    1.5051    11.6131 
    1.7402    12.0877 
    1.9754    12.4231 
    2.0695    12.6523 
    2.3046    13.1280 
    2.4928    13.7310 
    2.5398    13.9080 
    2.6809    14.5894 
    2.7750    15.2066 
    2.8220    15.8940 
    2.8690    17.0337 
    2.9161    17.9499 
    2.9631    19.4113 
    3.0101    20.6282 
    3.0572    21.6075 
    3.1042    22.7512 
    3.1512    23.8935 
    3.1983    25.1933 
    3.2453    26.4492 
    3.2923    27.2438 
    3.3394    28.2481 
    3.3864    29.5423 
    3.4334    30.5781 
    3.4805    31.7577 
    3.5275    32.8000 
    3.5745    33.6356 
    3.6216    34.5925 
    3.6686    35.7477 
    3.7156    37.6648 
    3.7627    38.6584 
    3.8097    40.0473 
    3.8567    40.5246 
    3.9038    41.0497 
    4.0449    42.3662 
    4.1389    42.9477 
    4.3741    44.0720 
    4.5152    44.6768 
    4.6563    45.2753 
    4.7974    45.7592 
    4.9385    46.2430 
    5.0796    46.7269 
    5.2207    47.2469 
    5.3618    47.8920 
    5.5029    48.5621 
    5.6440    49.2879 
    5.7851    50.0137 
    5.9262    50.7395 
    6.0673    51.4653 
    6.2084    52.2077 
    6.3495    53.0142 
    6.4906    53.8206 
    6.6317    54.6270 
    6.8669    56.1201 
    7.1020    57.4028 
    7.3372    58.6124 
    7.5724    59.6239 
    7.8075    60.3830 
    8.0427    61.0615 
    8.1368    61.3633 
    8.2779    61.8471 
    8.4660    62.5036 
    8.5130    62.6972 
    8.6071    63.3862 
    8.6541    63.8700 
    8.7012    64.4456 
    8.7952    65.9839 
    8.8893    67.3627 
    8.9363    68.0745 
    9.0304    69.5949 
    9.1715    72.0287 
    9.3126    75.3488 
    9.4537    79.7160 
    9.5948    81.3102 
    9.7829    82.8798 
    9.9711    84.7721 
   10.0181    85.1592 
   10.2062    86.3000 
   10.3473    87.0258 
   10.4884    87.7515 
   10.6766    88.9066 
   10.7236    89.3470 
   10.8177    91.1948 
   10.9117    95.4619 
   11.0058    99.0573 
   11.0999   102.2827 
   11.1469   103.5733 
   11.2880   106.3817 
   11.3821   107.9687 
   11.4291   108.5734 
   11.5702   109.8465 
   11.8054   111.2703 
   12.0405   112.7219 
   12.2757   114.3205 
   12.5109   116.5510 
   12.7460   118.7945 
   12.8401   119.6904 
   12.9342   120.4967 
   13.1693   122.7115 
   13.3104   124.2199 
   13.4986   127.3755 
   13.5456   128.6156 
   13.6867   132.2870 
   13.7808   134.6145 
   13.8278   136.2589 
   13.9219   137.7715 
   14.0159   138.8155 
   14.1100   141.7583 
