    0.0000     4.7070 
    0.1200     6.0274 
    0.2400     7.8089 
    0.4400    10.1934 
    0.6400    11.7345 
    0.8400    12.5178 
    1.0400    13.1582 
    1.1600    13.5106 
    1.2800    13.9576 
    1.4000    14.5067 
    1.6000    15.8098 
    1.8000    17.2098 
    1.8800    17.4415 
    1.9600    17.6207 
    2.0400    17.7933 
    2.2400    18.4347 
    2.3600    18.9783 
    2.4800    19.5733 
    2.6400    20.3239 
    2.8400    21.5013 
    2.8800    21.8855 
    2.9200    22.3120 
    2.9600    22.8001 
    3.0000    23.3433 
    3.0400    23.9329 
    3.0800    24.6409 
    3.1200    25.3784 
    3.3200    28.6522 
    3.5200    30.2015 
    3.7200    30.9526 
    3.9200    31.7626 
    4.1200    33.3136 
    4.3200    36.1003 
    4.5200    39.0492 
    4.5600    39.8250 
    4.7200    44.4758 
    4.8400    47.2634 
    4.9200    49.6075 
    5.0000    52.4005 
    5.1200    57.3017 
    5.2400    60.8002 
    5.2800    61.6981 
    5.3600    63.2656 
    5.4400    64.7352 
    5.5200    66.7019 
    5.5600    67.3705 
    5.6800    69.6608 
    5.8000    72.7787 
    5.8400    73.6062 
    6.0400    79.0436 
    6.2400    81.9280 
    6.2800    82.3004 
    6.4400    84.4544 
    6.6000    86.9249 
    6.6400    87.3904 
    6.8400    89.2962 
    6.8800    89.7927 
    6.9200    90.4703 
    7.0400    94.1012 
    7.1200    97.5132 
    7.2400   101.4488 
    7.2800   102.8451 
    7.3600   106.0759 
    7.4000   107.2996 
    7.4800   109.5640 
    7.5200   110.4848 
    7.7200   114.8739 
    7.8400   118.1758 
    8.0400   121.6416 
    8.1200   122.6418 
    8.3200   124.7117 
    8.4000   125.8976 
    8.6000   130.2144 
    8.7200   132.3164 
    8.7600   133.2832 
    8.9200   137.5464 
    9.0800   138.8210 
    9.2400   142.7131 
    9.2800   143.3327 
    9.4800   144.9877 
    9.5200   145.4416 
    9.5600   145.9071 
    9.6000   146.3972 
    9.6400   146.8939 
    9.6800   147.4275 
    9.7200   148.1729 
    9.7600   148.9490 
    9.8000   149.7667 
    9.8400   150.6273 
    9.8800   151.5924 
    9.9200   152.6273 
    9.9600   153.6616 
