    0.0500     1.6418 
    0.2808     2.5407 
    0.5117     3.2005 
    0.6040     3.5457 
    0.6963     3.9226 
    0.8348     4.6032 
    1.0195     5.4971 
    1.2503     6.7024 
    1.4350     8.5115 
    1.4812     8.8518 
    1.5273     9.1615 
    1.5735     9.4562 
    1.6197     9.6928 
    1.6658     9.9980 
    1.8967    11.3010 
    2.0813    12.0543 
    2.2198    12.3430 
    2.3583    12.7466 
    2.4968    13.0524 
    2.5430    13.2088 
    2.6353    13.7998 
    2.6815    14.0854 
    2.7277    14.6188 
    2.7738    15.2309 
    2.8200    16.3625 
    2.8662    17.2929 
    2.9123    18.2717 
    2.9585    19.7374 
    3.0047    20.8106 
    3.0508    21.7749 
    3.0970    22.8757 
    3.1432    23.9793 
    3.1893    25.2503 
    3.2355    26.4513 
    3.2817    27.0059 
    3.3740    27.7852 
    3.5587    29.7662 
    3.7433    31.5254 
    3.7895    31.9455 
    3.8357    32.2836 
    4.0665    33.4382 
    4.2050    33.9354 
    4.3435    34.6334 
    4.4820    35.3185 
    4.6205    36.3112 
    4.8052    37.9250 
    4.9898    38.9902 
    5.1745    40.3126 
    5.3592    41.4151 
    5.4977    42.6507 
    5.5900    43.1809 
    5.6823    43.7095 
    5.7747    44.2857 
    5.8670    44.8689 
    6.0978    46.3446 
    6.2363    47.3359 
    6.4210    49.3098 
    6.4672    50.0096 
    6.6518    53.6711 
    6.6980    54.4486 
    6.8827    56.5531 
    7.0212    57.7652 
    7.2058    59.3778 
    7.3905    60.5222 
    7.5752    61.4300 
    7.8060    62.3356 
    7.8522    62.5222 
    7.9907    63.3747 
    8.0830    64.0744 
    8.1292    64.6950 
    8.2215    66.1561 
    8.2677    66.6367 
    8.4062    68.1984 
    8.4985    69.7367 
    8.5908    71.4854 
    8.7293    74.1059 
    8.8678    78.7641 
    9.0063    81.2116 
    9.0525    81.7712 
    9.0987    82.6908 
    9.1448    83.7551 
    9.2372    85.6211 
    9.3295    86.6936 
    9.3757    87.0433 
    9.5142    87.7434 
    9.6065    88.1097 
    9.6988    88.4828 
    9.9297    89.2661 
   10.0220    89.8194 
   10.1605    90.9958 
   10.3913    94.1320 
   10.4375    95.0647 
   10.4837    95.8734 
   10.5298    96.6506 
   10.6683    99.2709 
   10.7145   100.5144 
   10.8068   103.6245 
   10.8530   104.8072 
   10.9915   107.2659 
   11.0377   107.8425 
   11.2223   109.6429 
   11.3608   110.9887 
   11.4993   112.3878 
   11.7302   114.7252 
   11.9610   118.1407 
   12.0533   119.0751 
   12.2842   120.6718 
   12.5150   122.0908 
   12.6535   122.7903 
   12.8843   124.2505 
   13.1152   126.1111 
   13.2075   127.2802 
   13.3460   129.3876 
   13.5307   132.0169 
   13.5768   132.8812 
   13.6692   135.0511 
   13.7153   136.6326 
   13.8077   137.8229 
   13.8538   138.2593 
   13.9000   139.4739 
