    0.0000     5.6423 
    0.0800     5.9431 
    0.2000     6.7263 
    0.2400     7.2542 
    0.2800     7.7645 
    0.3600     8.8564 
    0.4000     9.5503 
    0.4400    10.7323 
    0.4800    11.7054 
    0.5200    12.3719 
    0.5600    13.0081 
    0.6000    13.6713 
    0.6400    14.2392 
    0.6800    14.8710 
    0.7200    15.4614 
    0.8000    16.8209 
    0.8400    17.1744 
    1.0000    18.3538 
    1.1200    19.5205 
    1.3200    20.8516 
    1.5200    22.0349 
    1.7200    23.3423 
    1.9200    24.7328 
    2.0000    25.2742 
    2.2000    26.2582 
    2.4000    26.9668 
    2.6000    27.5370 
    2.8000    28.4008 
    3.0000    29.4229 
    3.2000    30.2178 
    3.4000    31.0358 
    3.6000    31.9981 
    3.8000    32.7549 
    4.0000    33.4108 
    4.0800    33.7115 
    4.2000    34.4399 
    4.3600    35.7682 
    4.5200    37.8150 
    4.6800    39.0762 
    4.8000    40.1598 
    4.9200    40.7345 
    5.0400    42.2670 
    5.2400    44.2458 
    5.3200    44.9409 
    5.5200    46.1152 
    5.7200    47.2691 
    5.9200    48.8040 
    6.0000    49.6383 
    6.0800    50.4726 
    6.2800    53.0791 
    6.4000    54.9328 
    6.6000    57.9937 
    6.6400    58.6889 
    6.7600    60.6458 
    6.8400    61.6468 
    6.8800    62.2030 
    6.9600    63.4391 
    7.0000    64.3381 
    7.0400    65.4367 
    7.0800    66.4048 
    7.1200    67.3666 
    7.2000    70.0537 
    7.2400    71.4437 
    7.3600    76.3478 
    7.4800    80.8714 
    7.6000    82.6251 
    7.6400    83.4598 
    7.7200    85.6798 
    7.8000    87.7847 
    7.8400    88.6710 
    7.9600    92.0387 
    8.0800    96.0555 
    8.1200    96.9630 
    8.3200   100.0140 
    8.4800   102.2382 
    8.6000   103.7213 
    8.7200   105.1231 
    8.9200   106.8546 
    9.1200   108.8309 
    9.2400   110.3443 
    9.4000   112.8470 
    9.6000   117.4831 
    9.6400   118.7160 
    9.8000   123.1958 
    9.8400   124.0712 
   10.0400   128.9877 
   10.0800   130.0216 
   10.1200   131.0540 
   10.1600   132.1380 
   10.2000   133.1584 
   10.2400   134.0685 
   10.4000   137.3788 
   10.4400   137.6279 
   10.4800   137.8014 
   10.6800   138.7161 
   10.8800   141.3723 
   11.0800   143.3573 
   11.1200   143.7280 
   11.1600   144.0982 
   11.2000   144.4864 
   11.3600   146.7016 
   11.5200   150.3616 
