   42.9190   105.0277 
   42.9718   106.6438 
   43.0246   108.2599 
   43.0774   109.9230 
   43.1302   111.7685 
   43.1830   113.6486 
   43.2006   114.4006 
   43.2182   115.1526 
   43.2358   115.9046 
   43.2710   117.7847 
   43.3062   119.6648 
   43.3414   121.5448 
   43.3590   122.6729 
   43.3766   123.8009 
   43.3942   124.9289 
   43.4118   126.0570 
   43.4470   127.9370 
   43.4822   129.8000 
   43.5174   131.5500 
   43.5526   133.3000 
   43.5878   135.0500 
   43.6054   135.7500 
   43.6406   136.8000 
   43.6934   138.2000 
   43.7462   139.6000 
   43.7990   141.0000 
