    0.0000     0.0178 
    0.0894     0.2924 
    0.1192     0.9763 
    0.1788     1.0811 
    0.2086     1.3133 
    0.2384     1.4566 
    0.2682     1.5998 
    0.3576     1.7524 
    0.4470     1.9225 
    0.5364     2.0926 
    0.6258     2.2626 
    0.6556     2.6029 
    0.7450     2.7731 
    0.8344     2.9426 
    0.9238     3.1120 
    1.0728     3.4491 
    1.1026     3.7827 
    1.1622     3.9344 
    1.3112     4.1900 
    1.3410     4.4493 
    1.4304     4.7113 
    1.4602     4.8612 
    1.4900     5.0130 
    1.6390     5.3111 
    1.6688     5.5980 
    1.6986     5.7442 
    1.8476     6.0435 
    1.8774     6.5217 
    1.9072     6.8692 
    1.9966     7.0549 
    2.0860     7.2406 
    2.1754     7.4069 
    2.3244     7.8693 
    2.3542     8.2637 
    2.3840     8.6388 
    2.4734     8.7569 
    2.5628     8.8748 
    2.6522     8.9928 
    2.6820     9.2753 
    2.7118     9.4199 
    2.8310    10.0826 
    2.8608    10.4335 
    2.8906    10.6704 
    2.9204    10.8056 
    3.0098    10.9451 
    3.0992    11.0846 
    3.1886    11.2309 
    3.2780    11.3826 
    3.3674    11.5343 
    3.4568    11.8314 
    3.4866    12.1258 
    3.5760    12.2850 
    3.6654    12.4441 
    3.7548    12.6032 
    3.8442    12.7718 
    3.9038    12.9424 
    3.9336    13.2762 
    4.0230    13.4348 
    4.1124    13.5932 
    4.2018    13.7591 
    4.2912    13.9390 
    4.3806    14.1188 
    4.4104    14.3009 
    4.4700    14.9016 
    4.5296    15.0966 
    4.5594    15.4852 
    4.7084    16.1520 
    4.7382    16.2832 
    4.8276    16.8670 
    4.8574    16.9790 
    4.9170    17.0914 
    5.0064    17.2037 
    5.0958    17.3374 
    5.1852    17.4814 
    5.2746    17.6256 
    5.3342    17.7801 
    5.4236    17.9482 
    5.5130    18.1164 
    5.6024    18.2832 
    5.6322    18.4442 
    5.7216    18.6053 
    5.8110    18.7664 
    5.9004    18.9294 
    5.9898    19.0926 
    6.0792    19.2557 
    6.1686    19.4088 
    6.2580    19.5579 
    6.3474    19.7070 
    6.4368    19.8603 
    6.5262    20.0185 
    6.5560    20.1768 
    6.5858    20.3481 
    6.7348    20.7779 
    6.7646    20.9928 
    6.8540    21.1916 
    6.9434    21.3903 
    7.0328    21.5891 
    7.1222    21.7859 
    7.1818    21.9821 
    7.3308    22.3613 
    7.4202    22.5316 
    7.4500    22.7020 
    7.4798    22.8751 
    7.5692    23.0553 
    7.6586    23.2355 
    7.7480    23.4158 
    7.8374    23.5960 
    7.9268    23.9565 
    8.0162    24.1101 
    8.1056    24.2568 
    8.1950    24.4036 
    8.2844    24.5718 
    8.3738    24.7574 
    8.4632    24.9430 
    8.5228    25.1144 
    8.6122    25.2546 
    8.7016    25.3948 
    8.7910    25.5353 
    8.8804    25.6783 
    8.9400    25.8213 
    9.0294    25.9644 
    9.1188    26.1386 
    9.2082    26.3190 
    9.2976    26.4994 
    9.3572    26.6743 
    9.3870    26.8453 
    9.4168    27.3884 
    9.5062    27.5815 
    9.5956    27.7802 
    9.6850    28.0222 
    9.7744    28.2640 
    9.8638    28.5059 
    9.9532    28.7400 
   10.0426    28.9729 
   10.1320    29.2058 
   10.2214    29.4069 
   10.3108    29.5896 
   10.3406    29.9533 
   10.4300    30.1316 
   10.5194    30.3098 
   10.6088    30.4829 
   10.6386    30.6281 
   10.6684    30.7733 
   10.7578    30.9185 
   10.8472    31.0376 
   10.9366    31.1544 
   10.9962    31.2711 
   11.0856    31.3988 
   11.1154    31.6645 
   11.1750    31.7940 
   11.2644    31.9190 
   11.3538    32.0440 
   11.4432    32.1658 
   11.5326    32.2747 
   11.5624    32.4925 
   11.5922    32.6037 
   11.6220    32.9621 
   11.7114    33.1077 
   11.8008    33.2532 
   11.8902    33.3871 
   11.9200    33.6299 
   11.9796    33.7566 
   12.0690    33.9005 
   12.1584    34.0444 
   12.2180    34.1883 
   12.2478    34.3228 
   12.3074    34.4573 
   12.3670    34.8171 
   12.3968    35.0361 
   12.4266    35.1450 
   12.4564    35.3733 
   12.5458    35.5195 
   12.6352    35.6658 
   12.6650    35.8107 
   12.7246    35.9213 
   12.7544    36.0320 
   12.8140    36.1426 
   12.8736    36.2767 
   12.9332    36.4167 
   13.0226    36.5568 
   13.0524    36.9825 
   13.0822    37.2486 
   13.1120    37.5051 
   13.1716    37.6294 
   13.2014    37.7536 
   13.3504    38.0256 
   13.4398    38.1778 
   13.5292    38.3301 
   13.6186    38.5045 
   13.6484    38.6938 
   13.7080    38.8833 
   13.7974    39.0610 
   13.8868    39.2182 
   13.9464    39.6978 
   14.0060    40.1649 
   14.0358    40.3069 
   14.0954    40.4489 
   14.1550    40.5988 
   14.1848    40.9074 
   14.2146    41.0618 
   14.3040    41.2161 
   14.3934    41.3704 
   14.4828    41.5248 
   14.5126    41.8334 
   14.5424    42.1421 
   14.6020    42.2964 
   14.6318    42.4507 
   14.6914    42.6051 
   14.7212    42.9137 
   14.8106    43.0681 
   14.9000    43.2224 
   15.0192    43.6854 
   15.1086    43.8397 
   15.1384    44.1484 
   15.2278    44.9200 
   15.2576    45.3830 
   15.3470    45.5373 
   15.4066    46.0003 
   15.4662    46.1547 
   15.4960    46.3090 
   15.5556    46.7720 
   15.5854    46.9263 
   15.6152    47.2350 
   15.6748    47.6980 
   15.7642    48.0066 
   15.8536    48.1610 
   15.8834    48.3153 
   16.0026    48.7783 
   16.0920    48.9326 
   16.1516    49.0869 
   16.1814    49.3956 
   16.2112    49.7043 
   16.2410    50.0129 
   16.2708    50.1672 
   16.3006    50.4759 
   16.3304    50.6302 
   16.3900    50.7846 
   16.4198    51.2476 
   16.4496    51.4019 
   16.5390    52.1735 
   16.5688    52.4822 
   16.5986    52.7909 
   16.6284    53.0995 
   16.6880    53.5625 
   16.7476    53.7168 
   16.8966    54.0255 
   16.9264    54.1798 
   16.9860    54.6428 
   17.0158    54.7971 
   17.0456    54.9515 
   17.1052    55.4145 
   17.1350    55.5688 
   17.2542    56.3405 
   17.3734    56.8034 
   17.4926    57.5751 
   17.6118    58.3467 
   17.7310    59.1184 
   17.8502    59.8900 
   17.8800    60.0444 
   17.9396    60.5074 
   18.0886    61.1247 
   18.1482    61.5877 
   18.2674    62.0507 
   18.2972    62.2050 
   18.3866    62.5136 
   18.4164    62.6680 
   18.4462    62.8223 
   18.4760    62.9766 
   18.5356    63.1310 
   18.5654    63.2853 
   18.5952    63.4396 
   18.6250    63.9026 
   18.6548    64.0570 
   18.7144    64.2113 
   18.7442    64.3656 
   18.7740    64.6743 
   18.8634    65.2916 
   18.8932    65.4459 
   18.9230    65.6003 
   18.9528    65.7546 
   18.9826    66.0632 
   19.0422    66.2176 
   19.0720    66.5262 
   19.1316    66.9892 
   19.2508    67.7609 
   19.2806    68.0695 
   19.3402    68.2239 
   19.3700    68.3782 
   19.3998    68.6869 
   19.4594    68.8412 
   19.5488    69.4585 
   19.5786    69.6128 
   19.6680    70.2302 
   19.7872    71.0018 
   19.8766    71.6191 
   19.9064    71.7735 
   19.9362    72.0821 
   19.9958    72.5451 
   20.0256    72.8538 
   20.0554    73.0081 
   20.1150    73.4711 
   20.1448    73.7797 
   20.2342    74.5514 
   20.3236    75.3230 
   20.4130    76.0947 
   20.4428    76.4034 
   20.4726    76.7538 
   20.5024    77.1234 
   20.5620    78.0471 
   20.5918    78.4167 
   20.6514    79.3404 
   20.6812    79.7100 
   20.7110    80.0796 
   20.7706    80.6338 
   20.8302    81.1880 
   20.8600    81.3729 
   20.9196    81.9271 
   20.9494    82.1119 
   21.0388    82.8509 
   21.1580    83.7748 
   21.2772    84.6985 
   21.3368    85.1324 
   21.4560    85.6159 
   21.4858    85.8093 
   21.5156    85.9060 
   21.6050    86.3896 
   21.6348    86.5830 
   21.6944    86.8732 
   21.7242    87.0666 
   21.7540    87.2601 
   21.7838    87.5151 
   21.8136    87.9781 
   21.8434    88.1324 
   21.8732    88.5954 
   21.9328    89.3671 
   21.9626    89.6757 
   21.9924    90.1387 
   22.0520    90.9104 
   22.0818    91.2190 
   22.1116    91.6820 
   22.1712    92.4537 
   22.2308    93.2253 
   22.2904    93.9970 
   22.3500    94.7686 
   22.3798    95.0773 
   22.4096    95.5403 
   22.4394    95.8489 
   22.5288    96.6206 
   22.6182    97.3922 
   22.6778    97.8552 
   22.7374    98.3182 
   22.7970    98.7812 
   22.8566    99.2442 
   22.9162    99.7072 
   22.9460    99.8472 
   23.0056   100.2382 
   23.1248   100.8885 
   23.1844   101.2791 
   23.2142   101.4090 
   23.2738   101.7996 
   23.3334   102.1901 
   23.4228   102.8414 
   23.4824   103.4926 
   23.5420   104.1430 
   23.6016   104.7942 
   23.6314   105.0600 
   23.6612   105.4876 
   23.6910   105.7720 
   23.7208   106.0574 
   23.7506   106.3427 
   23.7804   106.7703 
   23.8102   106.9125 
   23.8400   107.1979 
   23.8698   107.4823 
   23.8996   107.9099 
   23.9592   108.6270 
   23.9890   109.0692 
   24.0188   109.5114 
   24.0486   109.9536 
   24.0784   110.4202 
   24.1082   110.5857 
   24.1678   111.4151 
   24.1976   111.9125 
   24.2572   112.7418 
   24.2870   113.0727 
   24.3466   113.9021 
   24.4062   114.7304 
   24.4360   115.0624 
   24.4658   115.3943 
   24.4956   115.7252 
   24.5254   116.2226 
   24.5552   116.3892 
   24.5850   116.7201 
   24.6148   116.8866 
   24.6446   117.2175 
   24.7340   118.0468 
   24.7638   118.5442 
   24.7936   118.7097 
   24.8234   119.0417 
   24.8830   119.8710 
   24.9426   120.6993 
   24.9724   121.1967 
   25.0022   121.5287 
   25.0320   121.8607 
   25.0618   122.1916 
   25.0916   122.6890 
   25.1214   123.1864 
   25.1810   124.0158 
   25.2108   124.3477 
   25.2406   124.8451 
   25.2704   125.3425 
   25.3300   126.1708 
   25.3598   126.6683 
   25.3896   127.0002 
   25.4194   127.3322 
   25.4492   127.8296 
   25.4790   128.3270 
   25.5088   128.4925 
   25.5386   128.9899 
   25.5982   129.8020 
   25.6280   130.1100 
   25.6876   130.8820 
   25.7174   131.3450 
   25.7472   131.6530 
   25.8068   132.4250 
   25.8664   133.1970 
   25.8962   133.6600 
   25.9260   133.9680 
   26.0154   134.7400 
   26.0452   134.8940 
   26.1644   135.6660 
   26.1942   135.8200 
   26.2836   136.1290 
   26.4028   136.9010 
   26.4326   137.0550 
   26.5518   137.8270 
   26.6412   138.4440 
   26.7008   138.5980 
   26.7306   138.9070 
   26.7902   139.0610 
   26.8498   139.2160 
   26.8796   139.3700 
   26.9094   139.5240 
   26.9690   139.6790 
   26.9988   139.8330 
   27.0584   139.9870 
   27.1180   140.1420 
   27.2074   140.4500 
   27.2372   140.6050 
   27.3266   140.7590 
   27.3564   140.9130 
   27.5054   141.3760 
   27.6544   141.8390 
   27.7140   141.9940 
   27.7438   142.1480 
   27.8332   142.3020 
   27.9226   142.4570 
   28.0120   142.6110 
   28.0418   143.0740 
   28.0716   143.2280 
   28.1312   143.3830 
   28.2206   143.5370 
   28.3100   143.6910 
   28.3696   143.8460 
   28.3994   144.1540 
   28.4292   144.6170 
   28.4590   145.0800 
   28.4888   145.5430 
   28.5782   145.6980 
   28.6974   146.1610 
   28.7272   146.6230 
   28.7570   146.9320 
   28.7868   147.0860 
   28.8166   147.5490 
   28.8464   148.0120 
   28.8762   148.4750 
   28.9060   148.9380 
   28.9358   149.0930 
   28.9656   149.2470 
   28.9954   149.4010 
   29.0252   149.7100 
   29.0550   150.1730 
   29.0848   150.6360 
   29.1146   151.0990 
   29.1444   151.5620 
   29.1742   151.7160 
   29.2636   151.8710 
   29.2934   152.3340 
   29.3232   152.7970 
   29.3530   152.9510 
   29.4126   153.1050 
   29.5616   153.5680 
   29.5914   153.8770 
