   25.2147    39.0045 
   25.2588    39.1776 
   25.3323    39.3508 
   25.3764    39.4374 
   25.4205    39.5245 
   25.4499    39.6150 
   25.4940    39.7960 
   25.5087    39.8865 
   25.5234    39.9770 
   25.5381    40.0583 
   25.5822    40.2147 
   25.5969    40.2930 
   25.6116    40.4494 
   25.6263    40.6150 
   25.6704    41.0400 
   25.6998    41.4650 
   25.7145    41.5500 
   25.7586    41.7200 
   25.8027    41.8900 
   25.8615    42.1450 
   25.9056    42.3150 
   25.9350    42.4000 
   26.0085    42.6550 
   26.0820    42.9100 
   26.1114    42.9950 
   26.1555    43.0800 
   26.1996    43.1650 
   26.2437    43.2500 
   26.3025    43.5050 
   26.3466    43.5900 
   26.3907    43.6750 
   26.4201    43.7600 
   26.4789    44.0150 
   26.5377    44.2700 
   26.5965    44.5250 
   26.6112    44.6100 
   26.6406    44.8650 
   26.6553    45.0350 
   26.6847    45.4600 
   26.6994    45.6300 
   26.7288    45.8850 
   26.7435    45.9700 
   26.7582    46.0550 
   26.7729    46.1400 
   26.8170    46.3100 
   26.8464    46.3950 
   26.9199    46.5650 
   26.9493    46.6500 
   26.9934    46.8200 
   27.0081    46.9050 
   27.0375    47.1600 
   27.0816    47.5850 
   27.0963    47.7550 
   27.1257    48.1800 
   27.1404    48.4350 
   27.1551    48.6900 
   27.1698    48.9450 
   27.1845    49.2000 
   27.1992    49.4550 
   27.2139    49.7100 
   27.2286    49.8800 
   27.2433    49.9650 
   27.2874    50.0500 
   27.3315    50.1350 
   27.3756    50.2200 
   27.4197    50.3050 
   27.4638    50.3900 
   27.5079    50.4750 
   27.5373    50.5600 
   27.5961    50.8150 
   27.6108    50.9000 
   27.6402    51.1550 
   27.6549    51.3250 
   27.6990    51.7500 
   27.7284    52.0050 
   27.7431    52.0900 
   27.7872    52.2600 
   27.8313    52.4300 
   27.8460    52.5150 
   27.8607    52.6000 
   27.8754    52.6850 
   27.9489    53.0250 
   27.9636    53.1100 
   27.9783    53.2800 
   28.0077    53.7050 
   28.0224    53.9600 
   28.0371    54.2150 
   28.0518    54.4700 
   28.0665    54.7250 
   28.0812    54.9800 
   28.0959    55.2350 
   28.1106    55.4900 
   28.1253    55.7450 
   28.1400    56.0000 
