    0.6538     2.6857 
    0.6970     2.8563 
    0.7402     3.0264 
    0.7834     3.1966 
    0.8266     3.3664 
    0.8698     3.5339 
    0.9130     3.7014 
    0.9562     3.8689 
    0.9994     4.0010 
    1.0426     4.1294 
    1.0858     4.2577 
    1.1434     4.4211 
    1.1578     4.4540 
    1.1722     4.4869 
    1.2442     4.6185 
    1.3162     4.7543 
    1.3882     4.9068 
    1.4602     5.0593 
    1.5322     5.2118 
    1.6042     5.3561 
    1.6762     5.5002 
    1.6906     5.5362 
    1.7050     5.5722 
    1.7626     5.7554 
    1.8202     5.9433 
    1.8778     6.1312 
    1.9354     6.3328 
    1.9786     6.4965 
    2.0218     6.6603 
    2.0650     6.8422 
    2.1082     7.0287 
    2.1514     7.2152 
    2.1946     7.3860 
    2.2234     7.5051 
    2.2522     7.6243 
    2.2810     7.7435 
    2.3098     7.8535 
    2.3386     7.9530 
    2.3674     8.0524 
    2.3962     8.1518 
    2.4250     8.2504 
    2.4538     8.3446 
    2.4826     8.4388 
    2.5258     8.5643 
    2.5834     8.7167 
    2.5978     8.7464 
    2.6122     8.7760 
    2.6698     8.8649 
    2.7130     8.9241 
    2.7850     9.0130 
    2.8570     9.1197 
    2.9290     9.2286 
    3.0010     9.3375 
    3.0730     9.4464 
    3.1450     9.5520 
    3.2170     9.6553 
    3.2890     9.7586 
    3.3610     9.8619 
    3.4330     9.9606 
    3.5050    10.0482 
