    0.0200     0.0178 
    0.0470     0.6370 
    0.0739     1.0296 
    0.1009     1.2794 
    0.1278     1.6024 
    0.1548     1.9688 
    0.1818     2.3523 
    0.2087     2.7359 
    0.2357     3.1181 
    0.2626     3.4976 
    0.2896     3.8736 
    0.3166     4.1644 
    0.3435     4.4564 
    0.3705     4.7562 
    0.4244     5.3206 
    0.4783     5.8675 
    0.5322     6.4534 
    0.5862     7.1179 
    0.6401     7.7386 
    0.6940     8.2454 
    0.7479     8.7110 
    0.8018     9.1841 
    0.8558     9.7152 
    0.9097    10.1853 
    0.9636    10.6279 
    1.0175    11.1403 
    1.0714    11.7075 
    1.0984    11.9282 
    1.1523    12.2713 
    1.2332    12.7582 
    1.3410    13.3836 
    1.3680    13.5027 
    1.5028    14.0172 
    1.6106    14.4391 
    1.6915    14.7400 
    1.8263    15.1836 
    1.8802    15.3297 
    1.9342    15.4755 
    2.0690    15.7389 
    2.2038    15.9912 
    2.3386    16.2122 
    2.4734    16.4094 
    2.6082    16.5925 
    2.7430    16.7553 
    2.8778    16.9196 
    2.9317    17.0040 
    3.0665    17.2621 
    3.1204    17.3704 
    3.2552    17.5869 
    3.3900    17.9460 
    3.4709    18.1987 
    3.5518    18.4431 
    3.6596    18.8065 
    3.6866    18.9292 
    3.7944    19.5215 
    3.9022    20.0998 
    4.0101    20.8361 
    4.0370    20.9974 
    4.1449    21.4454 
    4.2258    21.7428 
    4.2797    21.8903 
    4.4145    22.1851 
    4.5493    22.4529 
    4.6841    22.7089 
    4.8189    22.9731 
    4.9537    23.2440 
    5.0885    23.5148 
    5.1424    23.6503 
    5.2772    24.0448 
    5.3311    24.1551 
    5.4659    24.3757 
    5.5198    24.4905 
    5.6007    24.7694 
    5.6277    24.9089 
    5.7355    25.4753 
    5.7625    25.5818 
    5.7894    25.6893 
    5.8164    25.7967 
    5.8434    25.9042 
    5.9512    26.2891 
    6.0321    26.5603 
    6.1669    26.9466 
    6.2208    27.0750 
    6.3556    27.3587 
    6.4904    27.6491 
    6.6252    27.9865 
    6.7061    28.1683 
    6.7870    28.3501 
    6.8678    28.5319 
    6.9487    28.7070 
    7.0296    28.8821 
    7.1105    29.0571 
    7.1914    29.2322 
    7.2722    29.3822 
    7.3531    29.5194 
    7.4340    29.6567 
    7.5149    29.7941 
    7.5958    29.9302 
    7.7306    30.1981 
    7.8114    30.4650 
    7.9193    30.7923 
    7.9462    30.9014 
    8.0541    31.3509 
    8.1350    31.7497 
    8.2158    32.1255 
    8.2698    32.3735 
    8.3506    32.7889 
    8.4315    33.3145 
    8.5124    33.7824 
    8.5663    34.1068 
    8.6472    34.5165 
    8.6742    34.6174 
    8.7550    34.7836 
    8.8090    34.8660 
    8.9438    35.0305 
    9.0786    35.1943 
    9.1325    35.2762 
    9.2134    35.4766 
    9.2403    35.5865 
    9.3482    36.0558 
    9.3751    36.1389 
    9.4021    36.2373 
    9.4290    36.3426 
    9.4560    36.4477 
    9.5908    36.8726 
    9.6178    36.9794 
    9.7256    37.4716 
    9.8334    37.9486 
    9.8604    38.0630 
    9.9952    38.5521 
   10.0222    38.6944 
   10.1300    39.3378 
   10.1570    39.4559 
   10.1839    39.5768 
   10.2648    39.8238 
   10.3457    39.9473 
   10.4266    40.0612 
   10.5074    40.1679 
   10.5614    40.2747 
   10.6422    40.4880 
   10.7501    40.8350 
   10.8849    41.2989 
   11.0197    41.7628 
   11.1545    42.2267 
   11.1814    42.3427 
   11.2084    42.4587 
   11.2354    42.5747 
   11.2623    42.6906 
   11.2893    42.8066 
   11.3162    42.9226 
   11.3432    43.0386 
   11.3702    43.1546 
   11.4780    43.7345 
   11.5589    44.1984 
   11.6128    44.5463 
   11.6937    45.1262 
   11.7206    45.3582 
   11.7746    45.9381 
   11.8285    46.5180 
   11.8824    47.0979 
   11.9094    47.3298 
   11.9633    47.6778 
   11.9902    47.7938 
   12.0711    48.0257 
   12.2059    48.2577 
   12.2868    48.4896 
   12.3138    48.6056 
   12.3946    49.0695 
   12.4486    49.4175 
   12.5294    49.9974 
   12.6103    50.5773 
   12.6912    51.1572 
   12.7721    51.7371 
   12.8530    52.3170 
   12.9338    52.8969 
   13.0147    53.4768 
   13.0417    53.7087 
   13.0686    53.9407 
   13.1226    54.5206 
   13.1765    55.1005 
   13.3484    56.5977 
   13.4250    57.1121 
   13.5016    57.6265 
   13.5782    58.1410 
   13.6548    58.6554 
   14.0378    60.7131 
   14.4208    62.7709 
   14.8038    64.8286 
   15.1868    66.8863 
   15.2634    67.4008 
   15.4932    69.4585 
   15.6464    71.0018 
   15.8762    73.5740 
   15.9528    74.6028 
   16.1060    77.3081 
   16.2592    80.3875 
   16.3358    81.6192 
   16.5656    84.6985 
   16.7954    86.4541 
   16.8720    87.0988 
   17.0252    89.5214 
   17.1784    92.0936 
   17.3316    94.6657 
   17.4848    97.2379 
   17.6380    99.8038 
   17.7912   101.9733 
   17.9444   104.1430 
   18.0976   106.4379 
   18.2508   108.8238 
   18.4040   111.4151 
   18.5572   114.1782 
   18.6338   115.8359 
   18.7104   117.4946 
   18.7870   119.1523 
   18.8636   120.8100 
   18.9402   122.4687 
   19.0168   124.1264 
   19.0934   125.7841 
   19.1700   127.4418 
   19.2466   129.1005 
   19.3232   130.6760 
   19.3998   132.2190 
   19.4764   133.7630 
   19.5530   135.3060 
   19.6296   136.3350 
   19.7828   137.8780 
   19.8594   138.3930 
   20.0892   139.4210 
   20.4722   140.9650 
   20.8552   142.5080 
   21.2382   144.0510 
   21.4680   145.0800 
   21.7744   146.6230 
   22.1574   148.6810 
   22.2340   149.1960 
   22.3106   149.7100 
   22.3872   150.2250 
   22.4638   150.7390 
   22.5404   151.2530 
   22.6170   151.7680 
   22.6936   152.2820 
   22.7702   152.7970 
   22.8468   153.3110 
   22.9234   153.8260 
