    0.0200     0.0178 
    0.0844     0.8999 
    0.1488     1.2478 
    0.2131     1.7209 
    0.2775     2.2773 
    0.3419     2.8338 
    0.3634     3.0555 
    0.4063     3.6056 
    0.4492     4.0890 
    0.4921     4.5123 
    0.5350     4.9755 
    0.5565     5.1742 
    0.5780     5.3642 
    0.6423     5.8402 
    0.7067     6.3445 
    0.7711     6.9035 
    0.8355     7.4791 
    0.8569     7.6861 
    0.8999     8.1381 
    0.9428     8.5523 
    0.9857     8.9432 
    1.0286     9.3983 
    1.0715     9.8517 
    1.1145    10.2445 
    1.1359    10.3983 
    1.2003    10.8019 
    1.2432    11.0758 
    1.2861    11.3675 
    1.3291    11.6644 
    1.3720    11.9527 
    1.4364    12.3555 
    1.5222    12.8937 
    1.6080    13.4326 
    1.6295    13.5363 
    1.7153    13.8677 
    1.7797    14.1031 
    1.8870    14.4762 
    1.9299    14.6072 
    2.0372    14.8692 
    2.1445    15.1252 
    2.2518    15.3795 
    2.3591    15.6232 
    2.4021    15.7331 
    2.4450    15.8429 
    2.4879    15.9527 
    2.5308    16.0625 
    2.6381    16.3284 
    2.7240    16.5753 
    2.7454    16.6462 
    2.8098    16.9317 
    2.8527    17.1522 
    2.8742    17.3158 
    2.9171    17.8005 
    2.9386    18.0206 
    3.0029    18.5573 
    3.0459    18.8747 
    3.1102    19.3017 
    3.1317    19.3994 
    3.2390    19.7897 
    3.3248    20.1003 
    3.3892    20.3105 
    3.4965    20.7324 
    3.6038    21.1421 
    3.6467    21.2722 
    3.7540    21.5324 
    3.8613    21.7904 
    3.9686    22.0472 
    4.0759    22.2999 
    4.1832    22.5229 
    4.2905    22.7459 
    4.3978    22.9771 
    4.5051    23.2130 
    4.6124    23.4487 
    4.7197    23.6846 
    4.8270    23.9205 
    4.9343    24.1260 
    5.0416    24.3181 
    5.1489    24.5209 
    5.1919    24.6424 
    5.2562    24.8854 
    5.2777    25.0069 
    5.3635    25.4811 
    5.4494    25.9481 
    5.5352    26.5280 
    5.5567    26.6421 
    5.5781    26.7541 
    5.6854    27.2114 
    5.7713    27.5907 
    5.8357    27.8663 
    5.9430    28.3412 
    5.9859    28.4994 
    6.0288    28.6531 
    6.1361    28.9580 
    6.2005    29.1104 
    6.2649    29.2628 
    6.3292    29.3883 
    6.3936    29.5079 
    6.4580    29.6275 
    6.5224    29.7471 
    6.5868    29.8666 
    6.6511    29.9836 
    6.7155    30.1003 
    6.7799    30.2169 
    6.8443    30.3336 
    6.9087    30.4502 
    6.9730    30.5470 
    7.0374    30.6421 
    7.1018    30.7371 
    7.1662    30.8321 
    7.2306    30.9271 
    7.2949    31.0041 
    7.3593    31.0805 
    7.4237    31.1569 
    7.4881    31.2333 
    7.5310    31.3098 
    7.5525    31.3967 
    7.5954    31.8260 
    7.6383    32.2233 
    7.6598    32.4371 
    7.6812    32.6542 
    7.7027    32.8773 
    7.7241    33.1629 
    7.7456    33.4287 
    7.7671    33.6670 
    7.7885    33.9392 
    7.8314    34.3954 
    7.8529    34.5714 
    7.8958    34.7965 
    7.9817    35.1541 
    8.0031    35.2254 
    8.0246    35.2967 
    8.0460    35.3801 
    8.1319    35.8459 
    8.1533    35.9182 
    8.1748    35.9906 
    8.1963    36.0630 
    8.2177    36.1354 
    8.2392    36.2192 
    8.2606    36.3108 
    8.2821    36.4025 
    8.3894    36.7713 
    8.4967    37.1373 
    8.5182    37.2212 
    8.5825    37.5554 
    8.6040    37.7180 
    8.6469    38.1754 
    8.6684    38.3746 
    8.6898    38.6184 
    8.7113    38.8662 
    8.7328    39.0954 
    8.7757    39.4040 
    8.7971    39.5069 
    8.9044    39.9366 
    8.9259    40.0382 
    8.9474    40.1311 
    9.0332    40.4098 
    9.0976    40.6040 
    9.2049    40.9069 
    9.3122    41.2098 
    9.3980    41.5128 
    9.5053    41.9167 
    9.6126    42.3206 
    9.6341    42.4216 
    9.6555    42.5226 
    9.6985    42.8255 
    9.7199    43.0275 
    9.7628    43.5324 
    9.8058    44.0373 
    9.8487    44.5422 
    9.8701    44.8451 
    9.8916    45.1481 
    9.9131    45.4510 
    9.9560    45.9559 
    9.9989    46.4608 
   10.0388    46.7227 
   10.1576    47.5759 
   10.2764    48.4291 
   10.3556    49.0690 
   10.4744    50.1355 
   10.5140    50.5621 
   10.5932    51.6286 
   10.6724    52.6951 
   10.7516    53.7616 
   10.8308    54.8281 
   10.9100    55.8946 
   10.9892    56.9611 
   11.0684    58.0276 
   11.1080    58.4542 
   11.2268    59.5207 
   11.3456    60.3739 
   11.5040    61.4404 
   11.5436    61.6537 
   11.5832    61.8670 
   11.7416    62.9335 
   11.9000    64.0000 
