    0.0500     0.0136 
    0.1697     2.1183 
    0.3492     4.0398 
    0.5287     6.1707 
    0.7082     8.1787 
    0.9475    10.1048 
    1.0073    10.4859 
    1.3065    12.6679 
    1.5458    14.5061 
    1.7852    15.8285 
    1.9647    16.8632 
    2.2638    18.5914 
    2.5630    20.1323 
    2.8622    21.6909 
    2.9818    22.2113 
    3.1015    22.7209 
    3.2212    23.1469 
    3.3408    23.6044 
    3.6400    24.9770 
    3.9392    26.7021 
    4.2383    28.3556 
    4.3580    29.2277 
    4.5375    30.5299 
    4.7768    31.9500 
    5.0760    34.4699 
    5.1358    34.8639 
    5.1957    35.2529 
    5.4350    37.0889 
    5.4948    37.4734 
    5.5547    37.8614 
    5.6145    38.2055 
    5.6743    38.1941 
    5.9735    39.6214 
    6.2128    41.1647 
    6.3923    42.1935 
    6.5718    43.2224 
    6.8710    44.7657 
    6.9907    45.2801 
    7.2898    46.3090 
    7.5890    47.3379 
    7.7087    47.8523 
    8.0078    49.3956 
    8.3070    50.9389 
    8.6062    52.4822 
    8.9053    54.0255 
    9.2045    55.5688 
    9.5037    57.1121 
    9.8028    58.6554 
   10.1020    60.1987 
   10.4012    61.7420 
   10.5807    62.7709 
   10.7602    63.7997 
   10.9995    65.3430 
   11.2987    67.4008 
   11.3585    67.9152 
   11.4183    68.4296 
   11.5978    70.4874 
   11.7175    72.0307 
   11.8970    74.6028 
   12.0167    76.1461 
   12.1363    77.9239 
   12.3158    81.0033 
   12.4953    84.0827 
   12.6748    86.1317 
   12.8543    87.9781 
   13.0338    90.5503 
   13.0937    91.5791 
   13.2133    94.1513 
   13.3330    96.7235 
   13.4527    99.2956 
   13.5125   100.6718 
   13.5723   101.9733 
   13.6322   103.2758 
   13.7518   105.4876 
   13.8715   107.8628 
   13.9912   110.3096 
   14.1108   113.0727 
   14.2305   115.8359 
   14.2903   117.4946 
   14.3502   119.1523 
   14.4100   120.8100 
   14.4698   122.4687 
   14.5297   124.1264 
   14.5895   125.7841 
   14.6493   127.4418 
   14.7092   129.1005 
   14.7690   130.6760 
   14.8288   132.2190 
   14.9485   134.7920 
   15.0083   135.8200 
   15.0682   136.8490 
   15.1280   137.8780 
   15.2477   140.4500 
   15.3075   141.4790 
   15.4272   143.0220 
   15.6067   145.0800 
   15.8460   147.6520 
   15.9058   148.1670 
   16.2050   150.2250 
   16.5042   152.2820 
