    0.0500     0.0136 
    0.1795     3.1440 
    0.3090     5.6985 
    0.3953     7.1720 
    0.4817     8.6197 
    0.6112    10.1048 
    0.6543    10.4859 
    0.6975    10.9094 
    0.7407    11.4144 
    0.9565    14.0270 
    1.1723    15.8285 
    1.3450    17.5501 
    1.5177    19.1065 
    1.6903    20.6000 
    1.8630    22.2113 
    2.0788    24.1663 
    2.1220    24.9770 
    2.2947    29.2277 
    2.4673    31.9500 
    2.5105    32.4195 
    2.5537    32.8868 
    2.5968    33.8802 
    2.6400    34.4699 
    2.6832    34.8639 
    2.7263    35.2529 
    2.7695    35.6535 
    2.8127    36.0077 
    3.0285    37.4734 
    3.2012    38.1941 
    3.3307    38.7388 
    3.4602    39.6214 
    3.6328    41.1647 
    3.8487    43.2224 
    3.8918    43.7368 
    4.0645    46.3090 
    4.2372    48.8812 
    4.2803    49.3956 
    4.3235    49.9100 
    4.3667    50.4245 
    4.4098    50.9389 
    4.4530    51.4533 
    4.4962    51.9678 
    4.5393    52.4822 
    4.5825    52.9966 
    4.6257    53.5111 
    4.6688    54.0255 
    4.7120    54.5399 
    4.7552    55.0544 
    4.7983    55.5688 
    4.9710    58.1410 
    5.0142    58.6554 
    5.0573    59.1698 
    5.1005    59.6843 
    5.1437    60.1987 
    5.1868    60.7131 
    5.2300    61.2276 
    5.2732    61.7420 
    5.3163    62.2564 
    5.3595    62.7709 
    5.5322    64.3142 
    5.6617    65.3430 
    5.8775    66.8863 
    5.9638    67.4008 
    6.1797    68.4296 
    6.3955    69.4585 
    6.4818    69.9729 
    6.6977    71.5162 
    6.8272    72.5451 
    6.9998    74.0884 
    7.0430    74.6028 
    7.1725    76.6923 
    7.2588    78.5399 
    7.3883    81.6192 
    7.5178    84.6985 
    7.6473    86.4541 
    7.7337    87.4637 
    7.8200    89.0070 
    7.9063    90.5503 
    7.9927    92.0936 
    8.1222    94.6657 
    8.1653    95.6946 
    8.2517    98.2668 
    8.3380   100.6718 
    8.4243   102.8414 
    8.4675   103.7094 
    8.5970   105.9623 
    8.7265   108.3375 
    8.8560   110.8618 
    8.9855   113.6260 
    9.0287   114.7304 
    9.1150   117.4946 
    9.2013   120.2578 
    9.2877   123.0209 
    9.3740   125.7841 
    9.4172   126.8896 
    9.5467   129.6470 
    9.6762   131.7050 
    9.7193   132.2190 
    9.8920   133.7630 
   10.0215   134.7920 
   10.1078   135.3060 
   10.3237   136.3350 
   10.5395   137.3640 
   10.6690   137.8780 
   10.8848   138.9070 
   10.9712   139.4210 
   11.1870   140.9650 
   11.4028   142.5080 
   11.6187   144.0510 
   11.8345   145.5950 
   12.0503   147.1380 
   12.2662   148.6810 
   12.4820   150.2250 
   12.6115   151.2530 
   12.7410   152.2820 
   12.8705   153.3110 
