    0.2250     2.2650 
    0.2448     2.3832 
    0.2645     2.5015 
    0.2843     2.6198 
    0.3041     2.7449 
    0.3238     2.8963 
    0.3436     3.0477 
    0.3634     3.1991 
    0.3831     3.3505 
    0.4029     3.4995 
    0.4227     3.6353 
    0.4424     3.7710 
    0.4622     3.9068 
    0.4820     4.0425 
    0.5017     4.1759 
    0.5215     4.2845 
    0.5413     4.3932 
    0.5610     4.5018 
    0.5808     4.6105 
    0.6006     4.7198 
    0.6203     4.8520 
    0.6401     4.9842 
    0.6599     5.1164 
    0.6797     5.2486 
    0.6994     5.3808 
    0.7192     5.4806 
    0.7390     5.5795 
    0.7587     5.6783 
    0.7785     5.7771 
    0.7983     5.8760 
    0.8180     5.9613 
    0.8378     6.0453 
    0.8576     6.1294 
    0.8773     6.2134 
    0.8971     6.2974 
    0.9169     6.3947 
    0.9366     6.4943 
    0.9564     6.5939 
    0.9762     6.6935 
    0.9959     6.7930 
    1.0157     6.9090 
    1.0355     7.0292 
    1.0552     7.1493 
    1.0750     7.2695 
    1.0948     7.3896 
    1.1145     7.4995 
    1.1343     7.6057 
    1.1541     7.7118 
    1.1738     7.8179 
    1.1936     7.9241 
    1.2134     8.0351 
    1.2331     8.1486 
    1.2529     8.2620 
    1.2727     8.3755 
    1.2925     8.4889 
    1.3122     8.6011 
    1.3320     8.7125 
    1.3518     8.8239 
    1.3715     8.9354 
    1.3913     9.0467 
    1.4110     9.1660 
    1.4308     9.2915 
    1.4506     9.4170 
    1.4704     9.5424 
    1.4901     9.6679 
    1.5099     9.7900 
    1.5297     9.9088 
    1.5494    10.0275 
    1.5692    10.1463 
    1.5890    10.2651 
    1.6087    10.3758 
    1.6285    10.4761 
    1.6483    10.5764 
    1.6680    10.6768 
    1.6878    10.7771 
    1.7076    10.8800 
    1.7273    10.9871 
    1.7471    11.0942 
    1.7669    11.2013 
    1.7866    11.3083 
    1.8064    11.4080 
    1.8262    11.4922 
    1.8459    11.5765 
    1.8657    11.6606 
    1.8855    11.7448 
    1.9052    11.8263 
    1.9250    11.9000 
    1.9448    11.9738 
    1.9645    12.0475 
    1.9843    12.1213 
    2.0041    12.1909 
    2.0238    12.2443 
    2.0436    12.2978 
    2.0634    12.3513 
    2.0831    12.4047 
    2.1029    12.4639 
    2.1227    12.5567 
    2.1425    12.6494 
    2.1622    12.7421 
    2.1820    12.8348 
    2.2018    12.9278 
    2.2215    13.0234 
    2.2413    13.1189 
    2.2611    13.2145 
    2.2808    13.3101 
    2.3006    13.4055 
    2.3203    13.4985 
    2.3401    13.5914 
    2.3599    13.6844 
    2.3797    13.7774 
    2.3994    13.8704 
    2.4192    13.9569 
    2.4390    14.0434 
    2.4587    14.1298 
    2.4785    14.2161 
    2.4983    14.3026 
    2.5180    14.3890 
    2.5378    14.4755 
    2.5576    14.5619 
    2.5773    14.6483 
    2.5971    14.7348 
    2.6169    14.8240 
    2.6366    14.9136 
    2.6564    15.0032 
    2.6762    15.0929 
    2.6959    15.1826 
    2.7157    15.2721 
    2.7355    15.3617 
    2.7552    15.4512 
    2.7750    15.5408 
    2.7948    15.6303 
    2.8145    15.7236 
    2.8343    15.8184 
    2.8541    15.9131 
    2.8738    16.0077 
    2.8936    16.1024 
    2.9134    16.2047 
    2.9331    16.3106 
    2.9529    16.4164 
    2.9727    16.5223 
    2.9924    16.6282 
    3.0122    16.7465 
    3.0320    16.8724 
    3.0518    16.9983 
    3.0715    17.1243 
    3.0913    17.2503 
    3.1111    17.3718 
    3.1308    17.4899 
    3.1506    17.6081 
    3.1704    17.7262 
    3.1901    17.8443 
    3.2099    17.9516 
    3.2297    18.0482 
    3.2494    18.1448 
    3.2692    18.2414 
    3.2890    18.3379 
    3.3087    18.4317 
    3.3285    18.5219 
    3.3483    18.6121 
    3.3680    18.7023 
    3.3878    18.7925 
    3.4076    18.8863 
    3.4273    18.9859 
    3.4471    19.0854 
    3.4669    19.1850 
    3.4866    19.2846 
    3.5064    19.3770 
    3.5262    19.4543 
    3.5459    19.5317 
    3.5657    19.6090 
    3.5855    19.6863 
    3.6052    19.7618 
    3.6250    19.8320 
    3.6448    19.9022 
    3.6646    19.9723 
    3.6843    20.0425 
    3.7041    20.1129 
    3.7239    20.1841 
    3.7436    20.2552 
    3.7634    20.3264 
    3.7832    20.3975 
    3.8029    20.4703 
    3.8227    20.5521 
    3.8424    20.6339 
    3.8622    20.7157 
    3.8820    20.7975 
    3.9018    20.8819 
    3.9215    20.9923 
    3.9413    21.1027 
    3.9611    21.2131 
    3.9808    21.3234 
    4.0006    21.4346 
    4.0204    21.5718 
    4.0401    21.7089 
    4.0599    21.8460 
    4.0797    21.9831 
    4.0994    22.1202 
    4.1192    22.2198 
    4.1390    22.3183 
    4.1587    22.4167 
    4.1785    22.5151 
    4.1983    22.6136 
    4.2180    22.7111 
    4.2378    22.8085 
    4.2576    22.9059 
    4.2773    23.0033 
    4.2971    23.1007 
    4.3169    23.1924 
    4.3366    23.2832 
    4.3564    23.3739 
    4.3762    23.4646 
    4.3959    23.5554 
    4.4157    23.6678 
    4.4355    23.7859 
    4.4553    23.9040 
    4.4750    24.0220 
    4.4948    24.1400 
    4.5145    24.2528 
    4.5343    24.3638 
    4.5541    24.4747 
    4.5739    24.5856 
    4.5936    24.6965 
    4.6134    24.8165 
    4.6331    24.9407 
    4.6529    25.0650 
    4.6727    25.1893 
    4.6925    25.3135 
    4.7122    25.4412 
    4.7320    25.5710 
    4.7518    25.7008 
    4.7715    25.8306 
    4.7913    25.9603 
    4.8111    26.0983 
    4.8308    26.2426 
    4.8506    26.3869 
    4.8704    26.5312 
    4.8901    26.6755 
    4.9099    26.8163 
    4.9297    26.9537 
    4.9494    27.0909 
    4.9692    27.2283 
    4.9890    27.3656 
    5.0087    27.5118 
    5.0285    27.6689 
    5.0483    27.8261 
    5.0680    27.9834 
    5.0878    28.1405 
    5.1076    28.2932 
    5.1273    28.4388 
    5.1471    28.5843 
    5.1669    28.7297 
    5.1866    28.8753 
    5.2064    29.0176 
    5.2262    29.1533 
    5.2459    29.2889 
    5.2657    29.4246 
    5.2855    29.5603 
    5.3053    29.6929 
    5.3250    29.8168 
    5.3448    29.9406 
    5.3646    30.0645 
    5.3843    30.1884 
    5.4041    30.3141 
    5.4238    30.4462 
    5.4436    30.5784 
    5.4634    30.7106 
    5.4832    30.8428 
    5.5029    30.9750 
    5.5227    31.1078 
    5.5425    31.2406 
    5.5622    31.3733 
    5.5820    31.5061 
    5.6018    31.6389 
    5.6215    31.7713 
    5.6413    31.9037 
    5.6611    32.0361 
    5.6808    32.1686 
    5.7006    32.3013 
    5.7204    32.4427 
    5.7401    32.5840 
    5.7599    32.7253 
    5.7797    32.8667 
    5.7994    33.0081 
    5.8192    33.1498 
    5.8390    33.2915 
    5.8587    33.4333 
    5.8785    33.5750 
    5.8983    33.7167 
    5.9180    33.8328 
    5.9378    33.9465 
    5.9576    34.0601 
    5.9773    34.1738 
    5.9971    34.2874 
    6.0169    34.3955 
    6.0366    34.5026 
    6.0564    34.6097 
    6.0762    34.7168 
    6.0960    34.8239 
    6.1157    34.9382 
    6.1355    35.0544 
    6.1552    35.1706 
    6.1750    35.2867 
    6.1948    35.4029 
    6.2146    35.5072 
    6.2343    35.6072 
    6.2541    35.7073 
    6.2739    35.8073 
    6.2936    35.9073 
    6.3134    36.0204 
    6.3332    36.1397 
    6.3529    36.2590 
    6.3727    36.3783 
    6.3925    36.4976 
    6.4122    36.6175 
    6.4320    36.7377 
    6.4518    36.8580 
    6.4715    36.9783 
    6.4913    37.0986 
    6.5111    37.2211 
    6.5308    37.3455 
    6.5506    37.4699 
    6.5704    37.5943 
    6.5901    37.7187 
    6.6099    38.0184 
    6.6297    38.0787 
    6.6494    38.1389 
    6.6692    38.1991 
    6.6890    38.2593 
    6.7087    38.4062 
    6.7285    38.6124 
    6.7483    38.8185 
    6.7680    39.0246 
    6.7878    39.2307 
    6.8076    39.4369 
    6.8273    39.6429 
    6.8471    39.8535 
    6.8669    40.1009 
    6.8867    40.3483 
    6.9064    40.5956 
    6.9262    40.8529 
    6.9459    41.1278 
    6.9657    41.4027 
    6.9855    41.6776 
    7.0053    41.9523 
    7.0250    42.2272 
    7.0448    42.4815 
    7.0646    42.7289 
    7.0843    42.9761 
    7.1041    43.2234 
    7.1239    43.4433 
    7.1436    43.6632 
    7.1634    43.8830 
    7.1832    44.1029 
    7.2029    44.3228 
    7.2227    44.5372 
    7.2425    44.7433 
    7.2622    44.9495 
    7.2820    45.1557 
    7.3018    45.3617 
    7.3215    45.5679 
    7.3413    45.7740 
    7.3611    45.9802 
    7.3808    46.1491 
    7.4006    46.3140 
    7.4204    46.4790 
    7.4401    46.6439 
    7.4599    46.8088 
    7.4797    46.9736 
    7.4994    47.1386 
    7.5192    47.3035 
    7.5390    47.4684 
    7.5587    47.6332 
    7.5785    47.7982 
    7.5983    48.0000 
    7.6180    48.2198 
    7.6378    48.4397 
    7.6576    48.6596 
    7.6773    48.8795 
    7.6971    49.1008 
    7.7169    49.3482 
    7.7367    49.5956 
    7.7564    49.8430 
    7.7762    50.0904 
    7.7960    50.3376 
    7.8157    50.5850 
    7.8355    50.8324 
    7.8553    51.0798 
    7.8750    51.3271 
    7.8948    51.5745 
    7.9146    51.8219 
    7.9343    52.0692 
    7.9541    52.3165 
    7.9739    52.5639 
    7.9936    52.8136 
    8.0134    53.0884 
    8.0332    53.3632 
    8.0529    53.6380 
    8.0727    53.9129 
    8.0925    54.1878 
    8.1122    54.4625 
    8.1320    54.7374 
    8.1518    55.0123 
    8.1715    55.2872 
    8.1913    55.5619 
    8.2111    55.8368 
    8.2308    56.0882 
    8.2506    56.3356 
    8.2704    56.5828 
    8.2901    56.8272 
    8.3099    57.0471 
    8.3297    57.2670 
    8.3494    57.4868 
    8.3692    57.7067 
    8.3890    57.9266 
    8.4087    58.1398 
    8.4285    58.3458 
    8.4483    58.5520 
    8.4680    58.7581 
    8.4878    58.9643 
    8.5076    59.1703 
    8.5274    59.3765 
    8.5471    59.5824 
    8.5669    59.7473 
    8.5867    59.9121 
    8.6064    60.0771 
    8.6262    60.2420 
    8.6460    60.4069 
    8.6657    60.5557 
    8.6855    60.6794 
    8.7053    60.8031 
    8.7250    60.9267 
    8.7448    61.0504 
    8.7646    61.1740 
    8.7843    61.2977 
    8.8041    61.4214 
    8.8239    61.5326 
    8.8436    61.6426 
    8.8634    61.7526 
    8.8832    61.8625 
    8.9029    61.9724 
    8.9227    62.0745 
    8.9425    62.1569 
    8.9622    62.2394 
    8.9820    62.3218 
    9.0018    62.4042 
    9.0215    62.4867 
    9.0413    62.5692 
    9.0611    62.6516 
    9.0808    62.7341 
    9.1006    62.8165 
    9.1204    62.8989 
    9.1401    62.9804 
    9.1599    63.0464 
    9.1797    63.1124 
    9.1995    63.1783 
    9.2192    63.2443 
    9.2390    63.3103 
    9.2587    63.3762 
    9.2785    63.4422 
    9.2983    63.5082 
    9.3180    63.5741 
    9.3378    63.6516 
    9.3576    63.7341 
    9.3773    63.8165 
    9.3971    63.8989 
    9.4169    63.9814 
    9.4367    64.0639 
    9.4564    64.1463 
    9.4762    64.2288 
    9.4960    64.3112 
    9.5157    64.3937 
    9.5355    64.4761 
    9.5553    64.5585 
    9.5750    64.6410 
    9.5948    64.7235 
    9.6146    64.8059 
    9.6343    64.9083 
    9.6541    65.0182 
    9.6739    65.1282 
    9.6936    65.2381 
    9.7134    65.3480 
    9.7332    65.4580 
    9.7529    65.5679 
    9.7727    65.6778 
    9.7925    65.7878 
    9.8122    65.8977 
    9.8320    66.0076 
    9.8518    66.1121 
    9.8715    66.2111 
    9.8913    66.3100 
    9.9111    66.4090 
    9.9308    66.5079 
    9.9506    66.6068 
    9.9704    66.7058 
    9.9901    66.8048 
   10.0099    66.9036 
   10.0297    67.0005 
   10.0494    67.0826 
   10.0692    67.1652 
   10.0890    67.2478 
   10.1088    67.3304 
   10.1285    67.4126 
   10.1483    67.4952 
   10.1681    67.5777 
   10.1878    67.6777 
   10.2076    67.7878 
   10.2274    67.8980 
   10.2471    68.0075 
   10.2669    68.1177 
   10.2867    68.2283 
   10.3064    68.3515 
   10.3262    68.4754 
   10.3460    68.5993 
   10.3657    68.7225 
   10.3855    68.8464 
   10.4053    68.9703 
   10.4250    69.0935 
   10.4448    69.2399 
   10.4646    69.4051 
   10.4843    69.5972 
   10.5041    69.8037 
   10.5239    70.0101 
   10.5436    70.2156 
   10.5634    70.4220 
   10.5832    70.6285 
   10.6029    70.8339 
   10.6227    71.0404 
   10.6425    71.2469 
   10.6622    71.4523 
   10.6820    71.6587 
   10.7018    71.8652 
   10.7215    72.0706 
   10.7413    72.2771 
   10.7611    72.4836 
   10.7808    72.6986 
   10.8006    72.9188 
   10.8204    73.1390 
   10.8401    73.3582 
   10.8599    73.5784 
   10.8797    73.8010 
   10.8995    74.0487 
   10.9192    74.2953 
   10.9390    74.5430 
   10.9588    74.8191 
   10.9785    75.1478 
   10.9983    75.5558 
   11.0181    76.0513 
   11.0378    76.4951 
   11.0576    76.9885 
   11.0774    77.4828 
   11.0971    77.9747 
   11.1169    78.4691 
   11.1367    78.9634 
   11.1564    79.4553 
   11.1762    79.9387 
   11.1960    80.3342 
   11.2157    80.7042 
   11.2355    81.0008 
   11.2553    81.2974 
   11.2750    81.5925 
   11.2948    81.8402 
   11.3146    82.0380 
   11.3343    82.1938 
   11.3541    82.3256 
   11.3739    82.4575 
   11.3936    82.5886 
   11.4134    82.7204 
   11.4332    82.8521 
   11.4529    82.9702 
   11.4727    83.0888 
   11.4925    83.2075 
   11.5122    83.3255 
   11.5320    83.4442 
   11.5518    83.5628 
   11.5715    83.6809 
   11.5913    83.7995 
   11.6111    83.9182 
   11.6308    84.0447 
   11.6506    84.1766 
   11.6704    84.3084 
   11.6902    84.4402 
   11.7099    84.5714 
   11.7297    84.7038 
   11.7495    84.8521 
   11.7692    84.9997 
   11.7890    85.0775 
   11.8088    85.1551 
   11.8285    85.2323 
   11.8483    85.3100 
   11.8681    85.3876 
   11.8878    85.4677 
   11.9076    85.5505 
   11.9274    85.6333 
   11.9471    85.7157 
   11.9669    85.7985 
   11.9867    85.8813 
   12.0064    85.9637 
   12.0262    86.0465 
   12.0460    86.1293 
   12.0657    86.2117 
   12.0855    86.2945 
   12.1053    86.3773 
   12.1250    86.4597 
   12.1448    86.5425 
   12.1646    86.6253 
   12.1843    86.7077 
   12.2041    86.7905 
   12.2239    86.8733 
   12.2436    86.9557 
   12.2634    87.0342 
   12.2832    87.1118 
   12.3029    87.1891 
   12.3227    87.2667 
   12.3425    87.3443 
   12.3622    87.4642 
   12.3820    87.5881 
   12.4018    87.7119 
   12.4215    87.8352 
   12.4413    87.9591 
   12.4611    88.0830 
   12.4809    88.2069 
   12.5006    88.3301 
   12.5204    88.4540 
   12.5402    88.5779 
   12.5599    88.7082 
   12.5797    88.8403 
   12.5995    88.9725 
   12.6192    89.1040 
   12.6390    89.2361 
   12.6588    89.3683 
   12.6785    89.4997 
   12.6983    89.6319 
   12.7181    89.7640 
   12.7378    89.9118 
   12.7576    90.0770 
   12.7774    90.2680 
   12.7971    90.4734 
   12.8169    90.6799 
   12.8367    90.8864 
   12.8564    91.0918 
   12.8762    91.2983 
   12.8960    91.5047 
   12.9157    91.7158 
   12.9355    91.9636 
   12.9553    92.2113 
   12.9750    92.4578 
   12.9948    92.7164 
   13.0146    92.9917 
   13.0343    93.2656 
   13.0541    93.5409 
   13.0739    93.8162 
   13.0936    94.0901 
   13.1134    94.4082 
   13.1332    94.7386 
   13.1529    95.0672 
   13.1727    95.3976 
   13.1925    95.7280 
   13.2122    96.0478 
   13.2320    96.3231 
   13.2518    96.5984 
   13.2716    96.8737 
   13.2913    97.1476 
   13.3111    97.4229 
   13.3309    97.6830 
   13.3506    97.9295 
   13.3704    98.1772 
   13.3902    98.4250 
   13.4099    98.6494 
   13.4297    98.8696 
   13.4495    99.0898 
   13.4692    99.3090 
   13.4890    99.5292 
   13.5088    99.7495 
   13.5285    99.9375 
   13.5483   100.1233 
   13.5681   100.3091 
   13.5878   100.4940 
   13.6076   100.6798 
   13.6274   100.8655 
   13.6471   101.0503 
   13.6669   101.2360 
   13.6867   101.4217 
   13.7064   101.6064 
   13.7262   101.7921 
   13.7460   101.9779 
   13.7657   102.1628 
   13.7855   102.3486 
   13.8053   102.5345 
   13.8250   102.7193 
   13.8448   102.9052 
   13.8646   103.0910 
   13.8843   103.2759 
   13.9041   103.4617 
   13.9239   103.6476 
   13.9436   103.8325 
   13.9634   104.0098 
   13.9832   104.1839 
   14.0029   104.3572 
   14.0227   104.5313 
   14.0425   104.7054 
   14.0623   104.8796 
   14.0820   105.0578 
   14.1018   105.2393 
   14.1216   105.3920 
   14.1413   105.5437 
   14.1611   105.6959 
   14.1809   105.8484 
   14.2006   106.0003 
   14.2204   106.1530 
   14.2402   106.3057 
   14.2599   106.4573 
   14.2797   106.6095 
   14.2995   106.7621 
   14.3192   106.9145 
   14.3390   107.1051 
   14.3588   107.2957 
   14.3785   107.4854 
   14.3983   107.6760 
   14.4181   107.8667 
   14.4378   108.0563 
   14.4576   108.2470 
   14.4774   108.4443 
   14.4971   108.6518 
   14.5169   108.8622 
   14.5367   109.0725 
   14.5564   109.2819 
   14.5762   109.4923 
   14.5960   109.7265 
   14.6157   109.9620 
   14.6355   110.1986 
   14.6553   110.4646 
   14.6750   110.7294 
   14.6948   110.9956 
   14.7146   111.2618 
   14.7343   111.5266 
   14.7541   111.7928 
   14.7739   112.0590 
   14.7936   112.3238 
   14.8134   112.6100 
   14.8332   112.9057 
   14.8530   113.2014 
   14.8727   113.4956 
   14.8925   113.7913 
   14.9123   114.0908 
   14.9320   114.4438 
   14.9518   114.8156 
   14.9716   115.2594 
   14.9913   115.7010 
   15.0111   116.1448 
   15.0309   116.5885 
   15.0506   117.0298 
   15.0704   117.4734 
   15.0902   117.9169 
   15.1099   118.2959 
   15.1297   118.6506 
   15.1495   119.0058 
   15.1692   119.3593 
   15.1890   119.6574 
   15.2088   119.9531 
   15.2285   120.2473 
   15.2483   120.5430 
   15.2681   120.8387 
   15.2878   121.1227 
   15.3076   121.3889 
   15.3274   121.6551 
   15.3471   121.9199 
   15.3669   122.1861 
   15.3867   122.4523 
   15.4064   122.7171 
   15.4262   122.9833 
   15.4460   123.2495 
   15.4657   123.5143 
   15.4855   123.7805 
   15.5053   124.0501 
   15.5250   124.3443 
   15.5448   124.6400 
   15.5646   124.9357 
   15.5843   125.2299 
   15.6041   125.5256 
   15.6239   125.8954 
   15.6437   126.3392 
   15.6634   126.7808 
   15.6832   127.2246 
   15.7030   127.6682 
   15.7227   128.1095 
   15.7425   128.5530 
   15.7623   128.9943 
   15.7820   129.2885 
   15.8018   129.5833 
   15.8216   129.8585 
   15.8413   130.1323 
   15.8611   130.4076 
   15.8809   130.6828 
   15.9006   130.9567 
   15.9204   131.2319 
   15.9402   131.5071 
   15.9599   131.7810 
   15.9797   132.0562 
   15.9995   132.3749 
   16.0192   132.7039 
   16.0390   132.9341 
   16.0588   133.1542 
   16.0785   133.3732 
   16.0983   133.5934 
   16.1181   133.8135 
   16.1378   134.0406 
   16.1576   134.2883 
   16.1774   134.5361 
   16.1971   134.7826 
   16.2169   135.0761 
   16.2367   135.4068 
   16.2564   135.7355 
   16.2762   136.0656 
   16.2960   136.3958 
   16.3157   136.7243 
   16.3355   136.9005 
   16.3553   137.0622 
   16.3750   137.1717 
   16.3948   137.2818 
   16.4146   137.3918 
   16.4344   137.5019 
   16.4541   137.6114 
   16.4739   137.7092 
   16.4937   137.7918 
   16.5134   137.8741 
   16.5332   137.9568 
   16.5530   138.0200 
   16.5727   138.0748 
   16.5925   138.1299 
   16.6123   138.1851 
   16.6320   138.2399 
   16.6518   138.2950 
   16.6716   138.3499 
   16.6913   138.4046 
   16.7111   138.4595 
   16.7309   138.5145 
   16.7506   138.5691 
   16.7704   138.6373 
   16.7902   138.7199 
   16.8099   138.8022 
   16.8297   138.8849 
   16.8495   139.0281 
   16.8692   139.1926 
   16.8890   139.4050 
   16.9088   139.6251 
   16.9285   139.8441 
   16.9483   140.0642 
   16.9681   140.2844 
   16.9878   140.5034 
   17.0076   140.7237 
   17.0274   140.9440 
   17.0471   141.1632 
   17.0669   141.3835 
   17.0867   141.6038 
   17.1064   141.8230 
   17.1262   142.0433 
   17.1460   142.2636 
   17.1657   142.4827 
   17.1855   142.7030 
   17.2053   142.9225 
   17.2250   143.0865 
   17.2448   143.2436 
   17.2646   143.3538 
   17.2844   143.4641 
   17.3041   143.5737 
   17.3239   143.6840 
   17.3437   143.7942 
   17.3634   143.9038 
   17.3832   144.0139 
   17.4030   144.1239 
   17.4227   144.2334 
   17.4425   144.3435 
   17.4623   144.4536 
   17.4820   144.5631 
   17.5018   144.6731 
   17.5216   144.7832 
   17.5413   144.8927 
   17.5611   145.0027 
   17.5809   145.1169 
   17.6006   145.2402 
   17.6204   145.3641 
   17.6402   145.4879 
   17.6599   145.6112 
   17.6797   145.7351 
   17.6995   145.8590 
   17.7192   145.9822 
   17.7390   146.1128 
   17.7588   146.2450 
   17.7785   146.3765 
   17.7983   146.5087 
   17.8181   146.6409 
   17.8378   146.7724 
   17.8576   146.9045 
   17.8774   147.0367 
   17.8971   147.1682 
   17.9169   147.3151 
   17.9367   147.4799 
   17.9564   147.6679 
   17.9762   147.8745 
   17.9960   148.0811 
   18.0158   148.2876 
   18.0355   148.4931 
   18.0553   148.6997 
   18.0751   148.9063 
   18.0948   149.1130 
   18.1146   149.3331 
   18.1344   149.5532 
   18.1541   149.7723 
   18.1739   149.9924 
   18.1937   150.2125 
   18.2134   150.4446 
   18.2332   150.6924 
   18.2530   150.9402 
   18.2727   151.1867 
   18.2925   151.4547 
   18.3123   151.7301 
   18.3320   152.0041 
   18.3518   152.2796 
   18.3716   152.5550 
   18.3913   152.8290 
   18.4111   153.1042 
   18.4309   153.3794 
   18.4506   153.6533 
   18.4704   153.9285 
