    0.0350     1.4455 
    0.1628     1.7788 
    0.4822     2.4101 
    0.8016     3.0871 
    0.9294     3.4681 
    1.0572     3.8109 
    1.1850     4.1526 
    1.5044     5.0319 
    1.8239     5.8672 
    2.0794     6.5402 
    2.3350     7.3910 
    2.6544     8.4978 
    2.9738     9.6862 
    3.0377     9.9875 
    3.1016    10.2864 
    3.1655    10.5459 
    3.2933    11.7684 
    3.3571    12.2887 
    3.4210    12.8701 
    3.5488    14.0402 
    3.6127    14.4752 
    3.7405    15.1420 
    3.8044    15.3675 
    3.9960    15.8276 
    4.2516    16.5909 
    4.3155    16.8932 
    4.6349    18.0706 
    4.9543    19.0156 
    5.2738    19.8577 
    5.5293    20.3916 
    5.7849    21.0438 
    6.0404    21.9855 
    6.2960    22.7663 
    6.4876    23.2470 
    6.6793    23.7427 
    6.8710    24.3269 
    7.0626    24.9036 
    7.3821    26.2092 
    7.4459    26.5724 
    7.7015    28.4197 
    7.9570    30.1206 
    8.0209    30.4422 
    8.0848    30.7749 
    8.1487    31.1082 
    8.2126    31.4424 
    8.2765    31.7762 
    8.3404    32.1094 
    8.4043    32.4525 
    8.4681    32.8083 
    8.5320    33.1645 
    8.5959    33.5212 
    8.6598    33.8484 
    8.7237    34.1344 
    8.9793    35.5310 
    9.1070    36.3530 
    9.2348    37.2632 
    9.4265    38.4897 
    9.4903    39.0085 
    9.6820    40.0899 
    9.8737    41.3996 
   10.0653    42.7344 
   10.3848    44.4487 
   10.5125    44.9680 
   10.6403    45.4867 
   10.7681    46.0045 
   10.8959    46.4195 
   11.0237    46.8346 
   11.1514    47.2496 
   11.2792    47.6646 
   11.5986    49.2840 
   11.7903    50.5291 
   12.0458    52.3967 
   12.1097    53.0446 
   12.1736    53.7363 
   12.2375    54.4280 
   12.4931    57.5876 
   12.7486    60.0840 
   12.9403    61.4347 
   13.0680    62.2113 
   13.2597    63.1944 
   13.4514    64.1320 
   13.6430    65.0066 
   13.7069    65.2832 
   13.7708    65.5599 
   13.8347    65.8366 
   13.8986    66.1082 
   13.9625    66.3573 
   14.0264    66.6063 
   14.0903    66.8556 
   14.1541    67.0851 
   14.2180    67.2929 
   14.5375    68.3040 
   14.7930    69.2666 
   14.9847    70.2562 
   15.1763    71.2938 
   15.4319    72.8710 
   15.6874    74.6244 
   16.0069    79.1582 
   16.0708    80.3002 
   16.1346    81.1281 
   16.1985    81.8302 
   16.3902    83.2093 
   16.5180    84.1193 
   16.5819    84.7922 
   16.7096    85.8963 
   16.7735    86.3125 
   16.9013    86.9365 
   17.0291    87.6275 
   17.1568    88.5610 
   17.2846    89.5551 
   17.4124    90.8791 
   17.6041    93.2754 
   17.8596    97.0433 
   17.9235    97.7155 
   17.9874    98.3386 
   18.0513    98.9063 
   18.1152    99.4603 
   18.1791    99.9751 
   18.2429   100.4424 
   18.3068   100.9087 
   18.3707   101.3757 
   18.4346   101.8418 
   18.7540   103.7095 
   18.8179   104.1584 
   18.8818   104.5955 
   18.9457   105.0366 
   19.2013   107.0040 
   19.2651   107.4835 
   19.5207   110.0970 
   19.7762   113.5419 
   19.8401   114.3273 
   20.0318   116.4564 
   20.1596   117.5719 
   20.4790   119.4378 
   20.6068   120.1801 
   20.7984   121.6026 
   21.0540   123.6098 
   21.1179   124.3070 
   21.1818   125.0507 
   21.3734   129.1288 
   21.5651   131.9256 
   21.6929   133.8290 
   21.8206   135.9422 
   21.8845   136.7585 
   22.0762   137.4107 
   22.2040   137.6837 
   22.3317   137.8912 
   22.4595   138.0598 
   22.5873   138.1981 
   22.9067   138.4745 
   23.2262   138.8277 
   23.3539   139.1642 
   23.5456   140.2532 
   23.8011   141.9131 
   23.8650   142.4672 
   23.9289   142.9949 
   23.9928   143.3494 
   24.0567   143.6261 
   24.1845   144.4563 
   24.3123   145.3115 
   24.4400   146.9259 
   24.5039   148.2271 
   24.5678   149.8301 
   24.6317   151.6773 
   24.6956   153.7534 
