    8.5100     8.8252 
    8.5676     8.9228 
    8.6827     9.2153 
    8.7403     9.4010 
    8.7979     9.6395 
    8.8554     9.8788 
    8.9706    10.2819 
    9.0282    10.4481 
    9.0858    10.6142 
    9.2009    11.0112 
    9.2585    11.1725 
    9.3161    11.2579 
    9.5464    11.5143 
    9.7767    11.7589 
    9.8342    11.8388 
    9.9494    12.0968 
   10.0070    12.3129 
   10.0645    12.5290 
   10.1797    12.9356 
   10.2373    13.1790 
   10.2948    13.4346 
   10.3524    13.6745 
   10.4100    13.8307 
   10.4676    14.0065 
   10.5827    14.3218 
   10.6403    14.4269 
   10.9282    14.8518 
   10.9857    14.9582 
   11.0433    15.0647 
   11.1009    15.1717 
   11.2736    15.6004 
   11.3888    15.8931 
   11.5615    16.3540 
   11.6766    16.6180 
   11.8493    16.9910 
   11.9069    17.0853 
   11.9645    17.1796 
   12.0221    17.2732 
   12.0797    17.3668 
   12.3675    17.7399 
   12.6554    18.1039 
   12.7130    18.1948 
   12.7705    18.2607 
   12.8281    18.3235 
   13.0584    18.6583 
   13.2312    18.9688 
   13.4039    19.3710 
   13.5766    19.7225 
   13.7493    20.0339 
   13.9221    20.3230 
   14.0948    20.7161 
   14.2675    21.1274 
   14.4402    21.5290 
   14.5554    21.7689 
   14.7281    22.1348 
   14.9008    22.4787 
   15.0736    22.8235 
   15.2463    23.1982 
   15.4190    23.6749 
   15.5917    24.2964 
   15.7645    24.9194 
   15.9372    25.5240 
   16.1099    26.0265 
   16.2826    26.5685 
   16.3978    26.8912 
   16.5705    27.3415 
   16.8008    28.3954 
   16.8584    28.5484 
   16.9160    28.6853 
   17.2038    29.2265 
   17.4917    29.6901 
   17.7796    30.1426 
   18.0675    30.6951 
   18.1250    30.8851 
   18.1826    31.0751 
   18.2402    31.2651 
   18.4705    31.8482 
   18.5280    31.9432 
   18.5856    32.0385 
   18.6432    32.1343 
   18.7008    32.2302 
   18.7584    32.3260 
   18.8159    32.4218 
   18.8735    32.5176 
   18.9311    32.6284 
   19.2190    33.0781 
   19.5068    33.0116 
   19.5644    32.9733 
   19.6220    32.9350 
   19.6796    33.0078 
   19.7371    33.0871 
   19.7947    33.1664 
   19.8523    33.2457 
   20.1402    33.5725 
   20.4280    33.9118 
   20.4856    34.0016 
   20.7159    34.4891 
   20.8886    34.9509 
   21.0614    35.5171 
   21.2341    36.0027 
   21.4068    36.4709 
   21.5795    37.0175 
   21.8098    38.0768 
   21.8674    38.2905 
   21.9250    38.4644 
   21.9826    38.6382 
   22.0401    38.8121 
   22.0977    38.9860 
   22.1553    39.1598 
   22.2129    39.3356 
   22.2704    39.5106 
   22.3280    39.6610 
   22.3856    39.8113 
   22.5583    40.2981 
   22.6735    40.5888 
   22.9613    41.0201 
   23.0765    41.2358 
   23.1916    41.4515 
   23.3068    41.6672 
   23.5947    42.2705 
   23.7674    42.6587 
   23.9401    43.0044 
   24.1128    43.3495 
   24.3431    43.8765 
   24.5734    44.4474 
   24.8037    45.0183 
   24.9764    45.3692 
   25.1492    45.6737 
   25.4371    46.1304 
   25.7249    46.4349 
   26.0128    46.7394 
   26.3007    47.0439 
   26.5886    47.4304 
   26.7037    47.6334 
   26.8189    47.8364 
   27.1067    48.4589 
   27.3946    49.1440 
   27.6825    49.8291 
   27.9704    50.5143 
   28.2582    51.1994 
   28.4310    51.6561 
   28.6037    52.1208 
   28.7764    52.6283 
   29.0643    53.3895 
   29.1794    53.6433 
   29.2946    53.8970 
   29.5825    54.4045 
   29.6976    54.6583 
   29.8128    54.9120 
   30.1006    55.6186 
   30.2734    56.0729 
   30.4461    56.4789 
   30.6188    56.8849 
   30.8491    57.4810 
   31.1370    58.2422 
   31.1946    58.4325 
   31.2521    58.6228 
   31.5400    59.2735 
