    0.1762     0.0178 
    0.1942     0.6458 
    0.2123     1.0364 
    0.2304     1.2932 
    0.2485     1.6208 
    0.2666     1.9962 
    0.2846     2.3851 
    0.3027     2.7742 
    0.3208     3.1617 
    0.3389     3.5459 
    0.3570     3.9174 
    0.3660     4.0343 
    0.3841     4.2096 
    0.4112     4.4470 
    0.4202     4.5069 
    0.4564     4.6866 
    0.4835     4.8196 
    0.5106     4.9585 
    0.5378     5.0974 
    0.5649     5.2352 
    0.6010     5.4320 
    0.6462     5.6950 
    0.6553     5.7635 
    0.6643     5.8319 
    0.6734     5.9004 
    0.6824     5.9688 
    0.6914     6.0373 
    0.7005     6.1057 
    0.7095     6.1750 
    0.7186     6.2495 
    0.7276     6.3241 
    0.7366     6.3986 
    0.7728     6.7822 
    0.7999     7.1220 
    0.8180     7.3647 
    0.8361     7.5818 
    0.8632     7.9210 
    0.8903     8.2228 
    0.8994     8.3378 
    0.9174     8.6238 
    0.9355     8.8945 
    0.9446     9.0640 
    0.9536     9.2623 
    0.9626     9.4607 
    0.9717     9.6504 
    0.9807     9.8386 
    0.9898    10.0127 
    0.9988    10.1721 
    1.0078    10.3319 
    1.0169    10.4945 
    1.0259    10.6570 
    1.0350    10.8415 
    1.0440    11.0331 
    1.0530    11.1618 
    1.0621    11.2312 
    1.0892    11.3700 
    1.1073    11.4394 
    1.1254    11.5087 
    1.1434    11.5781 
    1.1886    11.7816 
    1.2248    11.9830 
    1.2338    12.0502 
    1.2610    12.3358 
    1.2881    12.7047 
    1.3152    13.0946 
    1.3423    13.4632 
    1.3604    13.6806 
    1.3694    13.7607 
    1.4146    14.0897 
    1.4508    14.3430 
    1.4870    14.6177 
    1.5231    14.8925 
    1.5593    15.1601 
    1.5954    15.4266 
    1.6316    15.6747 
    1.6587    15.8281 
    1.7039    16.0584 
    1.7220    16.1277 
    1.7672    16.2476 
    1.8124    16.3676 
    1.8576    16.4876 
    1.8757    16.5437 
    1.8938    16.5933 
    1.9390    16.7419 
    1.9842    16.8910 
    2.0294    17.0452 
    2.0746    17.1993 
    2.1198    17.3853 
    2.1650    17.5830 
    2.2102    17.7930 
    2.2554    18.0237 
    2.3006    18.2544 
    2.3458    18.4753 
    2.3910    18.6962 
    2.4362    18.9191 
    2.4814    19.1429 
    2.5266    19.3613 
    2.5718    19.5658 
    2.6170    19.7702 
    2.6622    19.9864 
    2.7074    20.2034 
    2.7526    20.4644 
    2.7978    20.7591 
    2.8430    21.0494 
    2.8882    21.3222 
    2.9334    21.5948 
    2.9786    21.8646 
    3.0238    22.1338 
    3.0690    22.3859 
    3.1142    22.6197 
    3.1594    22.8550 
    3.2046    23.1024 
    3.2498    23.3496 
    3.2950    23.5968 
    3.3221    23.7617 
    3.3582    24.0061 
    3.4034    24.2745 
    3.4125    24.3416 
    3.4486    24.7323 
    3.4848    25.1356 
    3.4938    25.1997 
    3.5029    25.2639 
    3.5119    25.3280 
    3.5210    25.3922 
    3.5300    25.4562 
    3.5390    25.5204 
    3.5481    25.5857 
    3.5571    25.6511 
    3.5662    25.7166 
    3.5752    25.7819 
    3.5842    25.8473 
    3.5933    25.9127 
    3.6023    25.9782 
    3.6114    26.0581 
    3.6204    26.1406 
    3.6294    26.2231 
    3.6385    26.3056 
    3.6475    26.3882 
    3.6566    26.4707 
    3.6656    26.5531 
    3.6746    26.6324 
    3.7198    26.9453 
    3.7650    27.2753 
    3.8102    27.6286 
    3.8554    28.0398 
    3.9006    28.4822 
    3.9458    28.9103 
    3.9910    29.3266 
    4.0001    29.4101 
    4.0091    29.4937 
    4.0453    29.9108 
    4.0814    30.3185 
    4.1176    30.6768 
    4.1538    30.9935 
    4.1899    31.2604 
    4.2261    31.5576 
    4.2622    31.8542 
    4.2984    32.1400 
    4.3346    32.3896 
    4.3707    32.6418 
    4.3978    32.8453 
    4.4159    33.0412 
    4.4430    33.3665 
    4.4702    33.6441 
    4.4973    33.9586 
    4.5244    34.2811 
    4.5515    34.5886 
    4.5786    34.8460 
    4.6058    35.0960 
    4.6238    35.2455 
    4.6419    35.4163 
    4.6600    35.6169 
