   15.7900    65.0000 
   15.8950    68.8000 
   16.0000    72.6000 
   16.0525    74.1200 
   16.1575    78.2000 
   16.2625    82.7493 
   16.3150    85.2507 
   16.3675    86.6795 
   16.4200    87.8000 
   16.4725    89.3200 
   16.6300    93.1200 
   16.7875    96.9200 
   16.8400    98.4400 
   16.8925    99.9303 
   16.9450   101.2125 
   16.9975   102.4947 
   17.0500   103.7769 
   17.1025   105.0646 
   17.2075   107.1702 
   17.2600   107.8720 
   17.4175   109.3022 
   17.6800   111.6396 
   17.9425   113.2726 
   18.1000   114.9055 
   18.1525   115.7220 
   18.2050   117.3550 
   18.2575   119.8044 
   18.3100   122.2539 
   18.3625   123.8868 
   18.4675   126.3363 
   18.5200   127.1528 
   18.5725   127.9693 
   18.6250   128.7857 
   18.8350   131.1200 
   19.0975   133.4000 
   19.2025   134.1600 
   19.3075   134.9200 
   19.5700   136.4400 
   19.8325   137.9600 
   19.9375   138.7200 
   20.2000   141.0000 
