    1.5750     7.5935 
    1.6172     7.9573 
    1.6593     8.3321 
    1.7015     8.6815 
    1.7436     9.0235 
    1.7858     9.3603 
    1.8280     9.7031 
    1.8701    10.0476 
    1.9123    10.3694 
    1.9545    10.7207 
    1.9966    11.1036 
    2.0810    11.7858 
    2.1231    11.9949 
    2.2074    12.3040 
    2.3339    12.6750 
    2.5026    13.1295 
    2.5447    13.2194 
    2.5869    13.3092 
    2.6291    13.3989 
    2.6712    13.4886 
    2.7134    13.5783 
    2.7555    13.6934 
    2.9242    14.2852 
    3.0507    14.7807 
    3.1350    15.1021 
    3.1772    15.3165 
    3.2615    15.8505 
    3.3458    16.3651 
    3.4301    16.8311 
    3.5145    17.2427 
    3.5988    17.6093 
    3.6410    17.7506 
    3.7253    17.9835 
    3.8518    18.3191 
    3.9783    18.6894 
    4.1469    19.1972 
    4.1891    19.2981 
    4.3999    19.7049 
    4.6107    20.1200 
    4.8215    20.5410 
    5.0323    20.9713 
    5.2431    21.4016 
    5.4539    21.8385 
    5.6648    22.2983 
    5.7069    22.4204 
    5.7491    22.5425 
    5.7912    22.6645 
    5.8334    22.7905 
    5.8756    22.9172 
    5.9177    23.0441 
    5.9599    23.1710 
    6.0021    23.2980 
    6.0442    23.4310 
    6.0864    23.5641 
    6.1285    23.6972 
    6.3394    24.2729 
    6.5502    24.8878 
    6.7610    25.5149 
    6.9718    26.1471 
    7.1826    26.8370 
    7.3934    27.4779 
    7.4356    27.6355 
    7.4778    27.8027 
    7.5199    27.9772 
    7.5621    28.1518 
    7.6042    28.3261 
    7.6464    28.5005 
    7.6886    28.6370 
    7.7307    28.7654 
    7.8994    29.3315 
    8.0259    29.6931 
    8.1102    29.9562 
    8.2367    30.2803 
    8.3632    30.5740 
    8.4896    30.8681 
    8.5740    31.0638 
    8.7005    31.3332 
    8.8270    31.6167 
    8.9956    32.0131 
    9.0378    32.0791 
    9.2486    32.3430 
    9.4594    32.6707 
    9.6702    33.0921 
    9.8810    33.5135 
   10.0497    33.8296 
   10.2183    34.1456 
   10.3870    34.4617 
   10.5978    34.8831 
   10.8086    35.3045 
   10.8507    35.4098 
   11.0194    35.9366 
   11.1881    36.4633 
   11.3567    36.9901 
   11.5253    37.5168 
   11.6940    38.0436 
   11.7362    38.1489 
   11.7783    38.2543 
   11.8205    38.3596 
   12.0313    38.7810 
   12.2421    39.2024 
   12.4108    39.5185 
   12.5794    39.8345 
   12.7481    40.1506 
   12.8745    40.3613 
   13.0854    40.6773 
   13.2962    40.9934 
   13.5070    41.3094 
   13.6335    41.5201 
   13.7600    41.7309 
   13.9286    42.0469 
   14.1394    42.4683 
   14.3502    42.8897 
   14.3924    42.9950 
   14.4346    43.1004 
   14.6032    43.6271 
   14.6454    43.7325 
   14.8562    44.1539 
   15.0248    44.4699 
   15.1935    44.7860 
   15.3200    44.9967 
   15.5308    45.3127 
   15.7416    45.6288 
   15.8259    45.7341 
   16.0367    45.9448 
   16.2476    46.1555 
   16.4584    46.3662 
   16.6692    46.5770 
   16.8800    46.7876 
   17.0908    46.9983 
   17.3016    47.2090 
   17.5124    47.4198 
   17.5968    47.5251 
   17.8076    47.8411 
   17.9341    48.0518 
   18.1027    48.3679 
   18.2714    48.6839 
   18.4400    49.0000 
