    0.0200    11.9746 
    0.0414    12.7857 
    0.0698    13.7932 
    0.0983    15.0662 
    0.1339    16.6770 
    0.1410    17.0698 
    0.1624    18.4800 
    0.1766    19.5622 
    0.1980    21.4182 
    0.2194    22.9364 
    0.2407    25.2159 
    0.2550    26.5625 
    0.2834    29.5472 
    0.2906    30.0230 
    0.3262    32.1908 
    0.3546    33.0084 
    0.3760    33.4403 
    0.3974    34.1579 
    0.4330    35.6916 
    0.4686    37.3612 
    0.5042    39.6939 
    0.5398    42.4088 
    0.5754    44.6768 
    0.5967    46.0595 
    0.6181    47.4026 
    0.6466    50.1388 
    0.6750    53.0976 
    0.7106    56.9878 
    0.7178    57.7991 
    0.7462    60.8057 
    0.7605    61.8805 
    0.7676    62.4569 
    0.7818    63.9451 
    0.7890    65.1686 
    0.7961    66.3101 
    0.8032    67.3960 
    0.8174    70.5959 
    0.8246    72.2066 
    0.8388    75.6241 
    0.8602    81.4551 
    0.8673    81.9611 
    0.8958    83.3560 
    0.9314    84.6372 
    0.9670    85.5884 
    1.0026    86.5218 
    1.0239    87.4262 
    1.0453    88.4127 
    1.0666    89.5451 
    1.0880    91.1698 
    1.1094    93.2066 
    1.1450    96.6854 
    1.1592    97.6474 
    1.1948    99.2955 
    1.2304   100.7214 
    1.2660   102.1477 
    1.2802   102.8610 
    1.3016   104.2149 
    1.3087   104.8452 
    1.3372   108.2301 
    1.3657   113.2728 
    1.3942   120.3754 
    1.4226   126.1339 
    1.4298   127.8366 
    1.4582   131.1992 
    1.4796   133.1291 
    1.4938   134.0689 
    1.5294   136.2883 
    1.5650   137.0849 
    1.6006   137.5566 
    1.6362   138.0443 
    1.6718   139.4443 
    1.7074   141.1353 
    1.7430   142.6005 
    1.7786   143.4462 
    1.8000   143.8686 
