    0.0200     0.0178 
    0.1263     0.6850 
    0.2327     1.0663 
    0.3390     1.3545 
    0.4453     1.7042 
    0.5517     2.1174 
    0.6580     2.5307 
    0.7643     2.9433 
    0.8281     3.2177 
    0.8919     3.4897 
    0.9770     3.8926 
    1.0833     4.3067 
    1.1897     4.7322 
    1.2960     5.2235 
    1.3173     5.3397 
    1.4023     5.9309 
    1.4874     6.5700 
    1.5087     6.7032 
    1.5299     6.8536 
    1.5512     7.0040 
    1.5725     7.1544 
    1.5937     7.3033 
    1.6150     7.4314 
    1.7001     8.0282 
    1.7851     8.5453 
    1.8064     8.6462 
    1.8702     8.8373 
    1.9127     8.9328 
    2.0191     9.1467 
    2.1254     9.3809 
    2.2317     9.6086 
    2.3381     9.8307 
    2.3806     9.9407 
    2.4869    10.2229 
    2.5507    10.4131 
    2.6358    10.7018 
    2.6571    10.8148 
    2.7421    11.4001 
    2.8059    11.8833 
    2.8910    12.5082 
    2.9123    12.6375 
    2.9973    13.0518 
    3.0611    13.3177 
    3.1249    13.5743 
    3.1887    13.8491 
    3.2738    14.2867 
    3.2951    14.4489 
    3.3376    14.9351 
    3.3589    15.2497 
    3.4014    15.9711 
    3.4439    16.5296 
    3.4652    16.7050 
    3.5290    17.1535 
    3.5928    17.5956 
    3.6141    17.7132 
    3.6991    18.1216 
    3.7629    18.3879 
    3.8267    18.6488 
    3.8905    18.9114 
    3.9543    19.1756 
    4.0181    19.4281 
    4.0819    19.6694 
    4.1457    19.9184 
    4.2095    20.1747 
    4.2733    20.4784 
    4.3584    21.0000 
    4.4647    21.6437 
    4.4860    21.8025 
    4.5711    22.5544 
    4.6561    23.2683 
    4.7412    23.9971 
    4.8263    24.6237 
    4.9113    25.3006 
    4.9964    25.8751 
    5.0815    26.5760 
    5.1665    27.2868 
    5.2516    28.1485 
    5.3154    28.9174 
    5.3792    29.5897 
    5.4217    30.0299 
    5.4643    30.4625 
    5.5281    31.0268 
    5.5493    31.2159 
    5.5919    31.7410 
    5.6344    32.2338 
    5.6769    32.6786 
    5.7195    33.2127 
    5.7407    33.4286 
    5.8045    33.9566 
    5.8471    34.2985 
    5.9109    34.7138 
    5.9747    35.0685 
    6.0385    35.4517 
    6.1023    35.8964 
    6.1873    36.3920 
    6.2086    36.5055 
    6.2299    36.6189 
    6.2511    36.7340 
    6.2724    36.8492 
    6.2937    36.9643 
    6.3149    37.0794 
    6.3362    37.1834 
    6.3575    37.2874 
    6.3787    37.3913 
    6.4000    37.4953 
