    6.1245   110.6942 
    6.2217   111.6611 
    6.3190   112.6280 
    6.4162   113.5949 
    6.4745   114.2394 
    6.5329   114.8840 
    6.6107   115.8509 
    6.7080   117.1401 
    6.7274   117.4624 
    6.7858   118.7516 
    6.8247   119.7185 
    6.8441   120.3631 
    6.8636   121.0077 
    6.9025   122.6191 
    6.9413   124.2306 
    6.9802   125.8421 
    7.0191   127.4536 
    7.0580   129.0651 
    7.0969   130.6000 
    7.1358   132.1000 
    7.1553   132.7000 
    7.2137   134.2000 
    7.2720   135.4000 
    7.2915   135.7000 
    7.3887   136.9000 
    7.4665   137.8000 
    7.5248   138.4000 
    7.6221   139.3000 
    7.6610   139.6000 
    7.7583   140.2000 
    7.8555   140.8000 
    7.9528   141.4000 
    8.0500   142.0000 
