    2.8394    55.0000 
    2.9576    58.2000 
    3.0758    61.4000 
    3.1152    62.2000 
    3.2334    63.8000 
    3.4304    66.2000 
    3.5486    67.8000 
    3.7062    70.2000 
    3.7456    71.0000 
    3.8638    74.2000 
    3.9426    76.6197 
    4.0214    79.4930 
    4.1002    82.3662 
    4.1790    85.1253 
    4.2972    87.1307 
    4.4548    91.0000 
    4.6124    95.0000 
    4.7306    98.2000 
    4.8488   101.1450 
    4.9670   103.8443 
    5.1246   107.4288 
    5.1640   108.1675 
    5.2822   109.6843 
    5.3610   110.4793 
    5.5580   112.1982 
    5.7550   113.9171 
    5.8338   114.7766 
    6.0308   117.3550 
    6.1884   119.9333 
    6.2278   120.7928 
    6.3854   125.0901 
    6.5036   128.5279 
    6.6218   131.8000 
    6.7400   135.0000 
