    0.0568     0.0000 
    0.0710     3.9023 
    0.0852     7.1117 
    0.0923     8.2531 
    0.1065     9.7994 
    0.1278    11.5944 
    0.1349    12.0346 
    0.1420    12.6247 
    0.1704    13.9388 
    0.1917    15.0991 
    0.2130    16.2034 
    0.2414    17.7159 
    0.2698    18.9859 
    0.2982    20.3726 
    0.3266    21.9339 
    0.3550    23.0706 
    0.3834    24.9170 
    0.4118    26.7250 
    0.4402    29.2122 
    0.4686    31.4990 
    0.4970    33.1351 
    0.5254    33.8420 
    0.5538    35.7468 
    0.5822    38.3114 
    0.6177    42.6682 
    0.6532    46.4324 
    0.6887    50.9515 
    0.7242    56.2446 
    0.7597    60.0542 
    0.7952    62.0877 
    0.8023    62.4494 
    0.8094    62.7833 
    0.8165    63.1855 
    0.8449    65.6345 
    0.8733    68.2278 
    0.8804    69.0797 
    0.9159    73.3901 
    0.9514    81.2131 
    0.9869    83.8041 
    0.9940    84.3996 
    1.0011    84.7996 
    1.0082    85.2183 
    1.0153    85.6369 
    1.0224    86.0551 
    1.0295    86.4579 
    1.0366    86.9995 
    1.0437    87.6252 
    1.0508    88.2785 
    1.0579    88.9460 
    1.0650    89.8371 
    1.0721    90.8809 
    1.0792    92.1514 
    1.0863    93.5715 
    1.0934    95.2416 
    1.1005    96.6339 
    1.1076    97.8827 
    1.1147    98.9950 
    1.1218    99.9383 
    1.1289   100.8770 
    1.1360   101.8154 
    1.1431   102.7549 
    1.1502   103.6591 
    1.1573   104.5432 
    1.1644   105.3143 
    1.1715   106.0846 
    1.1999   111.7988 
    1.2141   117.5369 
    1.2212   120.6658 
    1.2354   128.9459 
    1.2425   131.8003 
    1.2638   137.1112 
    1.2709   137.7076 
    1.2780   138.8951 
    1.2851   141.1208 
    1.3064   144.5552 
    1.3206   146.5176 
    1.3348   149.6696 
