    0.0400     2.6227 
    0.1289     3.7455 
    0.2179     4.7232 
    0.3290     6.2298 
    0.3513     6.6936 
    0.4402     8.5024 
    0.5291     9.9669 
    0.5958    11.0133 
    0.6625    12.0923 
    0.7515    13.5279 
    0.8404    15.0954 
    0.9293    16.6577 
    0.9960    17.8658 
    1.0405    18.5871 
    1.0850    19.4498 
    1.1517    20.8126 
    1.2184    22.2112 
    1.2851    23.3957 
    1.3295    24.5425 
    1.3740    25.6963 
    1.4407    27.0607 
    1.4629    27.5176 
    1.5519    29.1691 
    1.6186    29.9187 
    1.7297    31.3978 
    1.8409    32.3640 
    1.8854    32.6993 
    1.9965    33.0462 
    2.0410    32.9546 
    2.1522    33.7412 
    2.2633    34.6880 
    2.3300    35.5443 
    2.3967    36.2948 
    2.4634    37.2294 
    2.5301    38.5668 
    2.6191    40.3843 
    2.7302    43.0422 
    2.7525    43.6000 
    2.7747    44.1971 
    2.7969    44.8123 
    2.8192    45.3921 
    2.8414    45.8844 
    2.8636    46.3765 
    2.8859    46.8687 
    2.9081    47.4471 
    2.9303    48.1033 
    3.0415    51.0273 
    3.1304    53.3756 
    3.2194    55.7656 
    3.3083    57.7365 
    3.3750    58.9398 
    3.4417    59.8825 
    3.5084    60.6207 
    3.5973    61.5342 
    3.6863    62.2633 
    3.7752    62.8565 
    3.8864    63.8408 
    3.9086    64.0897 
    3.9753    65.3933 
    4.0198    66.2726 
    4.0420    66.7648 
    4.0865    68.5166 
    4.1309    71.5448 
    4.1754    75.7493 
    4.1976    78.6953 
    4.2421    81.4352 
    4.2643    81.8280 
    4.3755    83.2761 
    4.4867    84.6215 
    4.5978    85.6051 
    4.6201    85.8519 
    4.6868    86.9194 
    4.7312    88.0389 
    4.7979    90.4523 
    4.8646    94.4691 
    4.9091    97.0343 
    4.9758    99.6239 
    5.0425   101.8380 
    5.0870   103.4761 
    5.1092   104.5217 
    5.1537   106.9520 
    5.1981   110.2618 
    5.2426   114.9443 
    5.2648   117.5297 
    5.3315   121.9349 
    5.3760   124.4306 
    5.4649   129.8647 
    5.4872   130.6849 
    5.5539   132.3397 
    5.5983   132.9957 
    5.7095   134.5449 
    5.7762   135.5291 
    5.8429   136.2549 
    5.9541   136.9262 
    6.0652   137.3563 
    6.1097   137.5205 
    6.1542   137.6843 
    6.1986   137.8480 
    6.2431   138.0944 
    6.2876   138.5438 
    6.3987   140.5122 
    6.4877   142.4031 
    6.5099   142.7564 
    6.5321   143.0849 
    6.6211   144.7742 
    6.7100   146.7657 
