    0.1393     2.2650 
    0.3877     3.8847 
    0.6360     5.3379 
    0.6857     5.6422 
    0.7850     6.4458 
    0.8347     7.0810 
    0.8843     7.7490 
    0.9837     9.4355 
    1.0830    11.0883 
    1.1327    11.8869 
    1.1823    12.4422 
    1.2320    12.9870 
    1.3313    13.8237 
    1.3810    14.0829 
    1.5300    14.5944 
    1.7783    15.3844 
    1.9273    15.9294 
    1.9770    16.2187 
    2.0763    17.2516 
    2.1260    17.9448 
    2.2253    19.3558 
    2.3247    20.4348 
    2.4240    22.0271 
    2.5233    23.4753 
    2.5730    24.1443 
    2.6723    25.1787 
    2.8213    26.7823 
    2.8710    27.1887 
    2.9207    27.6172 
    2.9703    28.0825 
    3.2187    29.7508 
    3.4670    31.2812 
    3.5167    31.6740 
    3.5663    32.0659 
    3.6160    32.4686 
    3.8643    34.0626 
    4.1127    35.3865 
    4.3113    36.3470 
    4.5100    37.4221 
    4.6590    38.1711 
    4.9073    39.7280 
    5.1557    42.0322 
    5.4040    44.1400 
    5.6523    45.9899 
    5.9007    47.4560 
    6.1490    49.2996 
    6.2980    50.7637 
    6.4470    52.2278 
    6.6457    54.6053 
    6.8443    56.9146 
    7.0927    59.4250 
    7.1423    59.9442 
    7.1920    60.4323 
    7.2417    60.8171 
    7.2913    61.1831 
    7.3410    61.5362 
    7.3907    61.8616 
    7.4403    62.1529 
    7.4900    62.3968 
