    0.0500     0.0178 
    0.1000     2.8861 
    0.1500     5.3589 
    0.2000     8.0013 
    0.2500    10.1601 
    0.2750    10.9916 
    0.3000    11.9782 
    0.3250    13.0561 
    0.3500    14.1787 
    0.4000    16.0544 
    0.4750    17.7241 
    0.5000    18.8206 
    0.5250    20.4197 
    0.5500    22.4180 
    0.5750    24.1589 
    0.6250    26.8453 
    0.6500    28.1835 
    0.7250    31.1932 
    0.7750    32.4199 
    0.8250    33.6703 
    0.9000    35.3267 
    1.0000    37.5465 
    1.0250    37.9749 
    1.0500    38.5045 
    1.1500    40.1649 
    1.2250    41.1647 
    1.3000    42.1935 
    1.4250    43.7368 
    1.4750    44.2513 
    1.5250    44.7657 
    1.5750    45.2801 
    1.6250    45.7946 
    1.6750    46.3090 
    1.7250    46.8234 
    1.7750    47.3379 
    1.9000    48.8812 
    2.0250    50.4245 
    2.1500    51.9678 
    2.2000    52.4822 
    2.3250    53.5111 
    2.4500    54.5399 
    2.5750    55.5688 
    2.6250    56.0832 
    2.7000    57.1121 
    2.8000    58.6554 
    2.8250    59.1698 
    2.9250    61.7420 
    3.0000    63.7997 
    3.0750    65.8575 
    3.1500    67.9152 
    3.2000    69.4585 
    3.2500    71.0018 
    3.3000    72.5451 
    3.3750    74.6028 
    3.4750    77.3081 
    3.5000    77.9239 
    3.5250    78.5399 
    3.5500    79.1557 
    3.5750    79.7715 
    3.6000    80.3875 
    3.7250    82.8509 
    3.8500    85.1646 
    3.9750    86.4541 
    4.0000    86.7765 
    4.1000    89.0070 
    4.1750    91.0647 
    4.2250    92.6080 
    4.3000    95.1802 
    4.3750    97.7523 
    4.4500   100.2382 
    4.5250   102.4078 
    4.6000   104.5774 
    4.6500   105.9623 
    4.7250   107.8628 
    4.7500   108.3375 
    4.8750   110.3096 
    5.0000   112.5205 
    5.1250   114.7304 
    5.1500   115.2837 
    5.2500   118.0468 
    5.3250   120.2578 
    5.3750   121.9155 
    5.4250   123.5731 
    5.4750   125.2319 
    5.5250   126.8896 
    5.6000   129.6470 
    5.6250   130.6760 
    5.6750   133.2480 
    5.7000   134.7920 
    5.7250   136.3350 
    5.7750   138.9070 
    5.8250   141.4790 
    5.8500   142.5080 
    5.9000   144.0510 
    5.9750   146.1090 
    6.0000   146.6230 
    6.1250   148.6810 
    6.2250   150.2250 
    6.3250   151.7680 
    6.4250   153.3110 
