    0.0700     0.4653 
    0.0973     1.2449 
    0.1383     1.8515 
    0.1519     2.0224 
    0.2065     2.6111 
    0.2475     3.0066 
    0.2747     3.2146 
    0.3430     3.6344 
    0.4113     4.0414 
    0.4795     4.4111 
    0.5477     4.7718 
    0.6160     5.1234 
    0.6843     5.4652 
    0.7116     5.6323 
    0.7798     6.1855 
    0.8207     6.6188 
    0.8753     7.3227 
    0.9436     8.2938 
    0.9573     8.5311 
    0.9709     8.7593 
    0.9846     8.9867 
    1.0392    10.1159 
    1.0801    11.0537 
    1.1074    11.8483 
    1.1484    12.8168 
    1.1893    13.7532 
    1.2303    14.9393 
    1.2712    16.0025 
    1.3121    16.9526 
    1.3258    17.2724 
    1.3531    18.0123 
    1.3804    18.9258 
    1.4077    19.9419 
    1.4350    20.9985 
    1.4623    22.0835 
    1.4896    23.3221 
    1.5169    24.7541 
    1.5442    26.3385 
    1.5579    27.0198 
    1.5852    27.9903 
    1.6261    29.1522 
    1.6398    29.3351 
    1.7080    30.0299 
    1.7763    30.5143 
    1.8309    30.8656 
    1.8718    31.1255 
    1.9128    31.3971 
    1.9810    31.8314 
    2.0492    32.2698 
    2.1175    32.7622 
    2.1858    33.3921 
    2.2540    34.0219 
    2.3222    34.6518 
    2.3632    35.0717 
    2.4178    35.7015 
    2.4861    36.5413 
    2.5543    37.3811 
    2.5680    37.5910 
    2.5816    37.8010 
    2.6362    38.8507 
    2.6908    39.9005 
    2.7454    40.9503 
    2.8000    42.0000 
