    0.4038     0.0212 
    0.4128     1.3172 
    0.4306     2.6867 
    0.4486     4.2486 
    0.4664     5.6089 
    0.4844     7.2275 
    0.5022     9.0621 
    0.5202    10.8185 
    0.5291    11.6399 
    0.5560    13.1619 
    0.5738    14.1116 
    0.6097    15.8541 
    0.6186    16.1783 
    0.6634    17.2769 
    0.7081    18.2100 
    0.7170    18.4889 
    0.7439    19.7273 
    0.7618    20.6988 
    0.7797    21.6975 
    0.7976    22.7874 
    0.8155    24.0039 
    0.8334    25.4333 
    0.8513    26.9633 
    0.8781    28.9036 
    0.9140    30.2488 
    0.9229    30.4323 
    0.9318    30.6128 
    0.9408    30.7928 
    0.9497    30.9877 
    0.9587    31.1907 
    0.9677    31.4020 
    0.9766    31.6232 
    0.9856    31.8547 
    0.9945    32.0961 
    1.0035    32.2996 
    1.0124    32.5050 
    1.0214    32.8299 
    1.0303    33.1549 
    1.0393    33.4798 
    1.0482    33.8048 
    1.0572    34.1297 
    1.1019    35.4295 
    1.1466    36.7293 
    1.1914    38.0291 
    1.2362    39.3289 
    1.2809    40.6287 
    1.2898    40.9537 
    1.2988    41.2786 
    1.3078    41.6036 
    1.3167    41.9285 
    1.3525    43.5533 
    1.3883    45.1780 
    1.4241    46.8028 
    1.4510    48.1026 
    1.4689    49.0774 
    1.4957    50.7022 
    1.5226    52.3269 
    1.5315    52.9768 
    1.5494    54.6016 
    1.5673    56.2263 
    1.5762    56.8762 
    1.6031    58.5010 
    1.6300    60.1257 
    1.6568    61.7505 
    1.6837    63.3752 
    1.7105    65.0000 
