    0.0177     0.0131 
    0.1065     3.4661 
    0.1775     5.3401 
    0.2485     7.7086 
    0.3018     9.0964 
    0.3550    10.7150 
    0.4083    12.0043 
    0.4615    13.2790 
    0.5325    16.1427 
    0.5857    18.0320 
    0.6212    18.8311 
    0.6567    19.5775 
    0.7455    20.8550 
    0.7810    21.4005 
    0.8343    22.5260 
    0.9053    24.9658 
    0.9230    25.6529 
    0.9585    28.0650 
    0.9762    30.2014 
    1.0117    33.9626 
    1.0473    37.8209 
    1.0650    39.3642 
    1.0828    40.9074 
    1.1360    44.7657 
    1.1715    47.0807 
    1.1892    47.8523 
    1.2780    50.9389 
    1.2958    51.7105 
    1.3313    54.0255 
    1.3490    55.5688 
    1.3845    59.4270 
    1.4023    60.9703 
    1.4378    63.2853 
    1.4910    66.3719 
    1.5620    70.2302 
    1.5798    71.0018 
    1.6330    72.5451 
    1.7217    74.8601 
    1.7395    75.6317 
    1.7928    79.1557 
    1.8282    81.9272 
    1.8815    85.8093 
    1.9170    87.2601 
    1.9348    87.9781 
    1.9880    89.5214 
    2.0768    91.8364 
    2.1655    94.1513 
    2.2188    95.6946 
    2.2365    96.4663 
    2.2898    99.5529 
    2.3253   101.5398 
    2.3963   104.7942 
    2.4140   105.4876 
    2.4318   106.1996 
    2.4495   106.9125 
    2.4672   107.6255 
    2.5383   109.8065 
    2.5915   111.4151 
    2.6803   113.9021 
    2.7690   116.3892 
    2.8222   118.0468 
    2.8933   120.5339 
    2.9820   123.8503 
    2.9998   124.6786 
    3.0175   125.5080 
    3.0707   128.8244 
    3.1063   131.1900 
    3.1595   135.0490 
    3.1772   136.5920 
    3.2128   140.4500 
    3.2305   141.9940 
    3.2837   145.8520 
    3.3370   149.7100 
    3.3725   152.0250 
