    0.7700    11.0836 
    1.0905    12.2995 
    1.1546    12.6595 
    1.4110    14.0914 
    1.4751    14.4581 
    1.7956    15.9168 
    2.0520    16.8699 
    2.3084    17.8475 
    2.5007    18.3963 
    2.8212    19.2323 
    3.1417    20.1128 
    3.4622    21.0815 
    3.7827    21.9987 
    4.1032    22.7188 
    4.2955    23.2386 
    4.4878    23.9784 
    4.6801    24.8478 
    4.9365    26.0152 
    5.2570    27.7293 
    5.3211    28.4566 
    5.3852    28.9341 
    5.4493    29.3779 
    5.7057    31.7293 
    5.8980    33.1378 
    6.0262    33.3384 
    6.2185    35.0375 
    6.4108    37.4330 
    6.6031    40.9118 
    6.7313    42.9981 
    6.9236    46.0401 
    7.0518    49.3380 
    7.1800    53.4637 
    7.3082    57.4306 
    7.3723    58.7584 
    7.5646    60.9744 
    7.6928    61.8526 
    7.9492    63.0261 
    8.0133    63.2916 
    8.2697    64.0916 
    8.4620    64.7997 
    8.7825    65.8071 
    8.9107    66.1256 
    9.2312    66.6759 
    9.5517    67.3237 
    9.8722    68.1014 
   10.0004    68.5333 
   10.3209    70.4812 
   10.5773    72.5181 
   10.6414    73.2512 
   10.8337    78.5530 
   10.9619    81.4904 
   11.0901    82.6960 
   11.2183    83.9106 
   11.3465    84.8285 
   11.5388    85.8937 
   11.6029    86.1601 
   11.8593    87.0990 
   12.0516    87.8988 
   12.3721    89.1969 
   12.5644    90.4763 
   12.7567    91.9929 
   13.0131    94.8979 
   13.3336    98.2598 
   13.3977    98.9683 
   13.6541   101.9628 
   13.9105   104.8045 
   14.1028   106.9164 
   14.2310   108.8845 
   14.4233   112.3020 
   14.6797   118.4675 
   14.7438   119.4450 
   14.8079   120.3848 
   14.8720   121.2398 
   14.9361   122.0962 
   15.0002   122.9525 
   15.0643   123.8676 
   15.1284   124.8189 
   15.1925   126.1944 
   15.2566   127.6194 
   15.3207   128.7775 
   15.3848   129.6659 
   15.4489   130.5500 
   15.5130   131.4495 
   15.5771   132.3364 
   15.6412   133.0435 
   15.7053   133.8186 
   15.7694   134.7737 
   15.8335   135.8342 
   16.0258   136.7536 
   16.1540   137.0610 
   16.4745   137.4724 
   16.7950   137.8258 
   17.1155   138.5583 
   17.4360   139.9748 
   17.7565   141.3912 
   18.0770   142.5910 
   18.3975   143.3000 
   18.7180   144.0076 
   19.0385   144.7636 
   19.2308   145.1621 
   19.4231   145.5811 
   19.6154   146.0057 
   19.8077   146.4309 
   20.0000   146.9837 
