    0.0649     0.0000 
    0.1346     3.9004 
    0.1694     4.9177 
    0.2740     8.2488 
    0.3088     9.3596 
    0.3785    11.5892 
    0.4482    13.9302 
    0.4830    15.0895 
    0.5179    16.1949 
    0.5876    17.7063 
    0.6224    18.2048 
    0.7967    19.9636 
    0.9709    21.9245 
    1.0058    22.3018 
    1.0407    22.6783 
    1.0755    23.0578 
    1.1103    23.5336 
    1.1452    24.2144 
    1.1801    24.8979 
    1.2149    25.5604 
    1.2497    26.1039 
    1.2846    26.7073 
    1.3195    27.2866 
    1.3543    28.4416 
    1.3892    29.1916 
    1.4240    29.8267 
    1.4589    30.4401 
    1.4937    31.4811 
    1.5286    32.0018 
    1.5634    32.5268 
    1.5982    33.1427 
    1.6331    32.9329 
    1.6680    33.3674 
    1.7028    33.8232 
    1.7376    34.3154 
    1.7725    34.9470 
    1.8074    35.7227 
    1.8422    36.3249 
    1.8771    37.0737 
    1.9119    38.2715 
    2.0861    42.6215 
    2.2604    46.3932 
    2.4347    50.8897 
    2.6089    56.1869 
    2.6437    57.2985 
    2.6786    58.3413 
    2.7134    59.2735 
    2.7483    60.0202 
    2.7832    60.6458 
    2.8180    61.2061 
    2.8529    61.6468 
    2.8877    62.0640 
    2.9226    62.4302 
    2.9574    62.7639 
    2.9922    63.1609 
    3.0271    63.5781 
    3.0619    63.9952 
    3.0968    64.5235 
    3.1317    65.0796 
    3.1665    65.6035 
    3.2014    66.1041 
    3.2362    66.5437 
    3.2710    66.9956 
    3.3059    67.5615 
    3.4802    71.0964 
    3.6544    77.2971 
    3.6892    79.6640 
    3.7241    81.1422 
    3.8635    84.3706 
    4.0029    86.4277 
    4.1423    89.7537 
    4.1772    90.7964 
    4.2120    92.0387 
    4.2469    93.4347 
    4.2817    95.1031 
    4.3166    96.5185 
    4.4908   100.7964 
    4.6650   104.4754 
    4.8393   107.9326 
    5.0136   113.1533 
    5.0484   115.1460 
    5.0832   117.3685 
    5.1181   119.0716 
    5.2575   126.8510 
    5.2923   128.8074 
    5.3272   130.1983 
    5.3621   131.6332 
    5.5015   137.0681 
    5.5363   137.4008 
    5.6757   138.7773 
    5.7802   141.0018 
    5.8848   142.8009 
    5.9894   143.9131 
    6.0939   145.1121 
    6.2333   147.3728 
    6.2682   148.4208 
    6.3030   149.5325 
