    0.1650     2.1011 
    0.1963     2.6233 
    0.3530     4.4969 
    0.5097     6.3031 
    0.5411     6.9129 
    0.6038     8.2563 
    0.6351     9.1004 
    0.6664     9.8027 
    0.7291    11.4824 
    0.7918    13.2815 
    0.8231    13.9469 
    0.8858    15.2551 
    0.9172    15.6938 
    1.0425    16.8248 
    1.1365    17.5976 
    1.2619    18.5662 
    1.2932    18.8857 
    1.4186    20.6655 
    1.5126    22.1324 
    1.5753    22.9834 
    1.6380    24.2534 
    1.7320    26.1407 
    1.7633    26.5939 
    1.7947    27.0335 
    1.8260    27.6493 
    1.9827    30.0218 
    2.1394    32.1708 
    2.2961    33.0745 
    2.3275    33.4025 
    2.4528    35.5924 
    2.5468    38.0750 
    2.6095    40.3991 
    2.7035    44.4307 
    2.7349    45.8477 
    2.7976    49.7647 
    2.8602    54.7326 
    2.9229    58.9490 
    2.9856    61.3824 
    3.0169    62.0089 
    3.1110    63.4208 
    3.1736    64.4545 
    3.2363    65.6681 
    3.3303    67.0695 
    3.3617    67.4889 
    3.4870    69.1538 
    3.5811    70.7200 
    3.7378    73.1699 
    3.8945    77.6592 
    4.0512    81.4804 
    4.1452    82.4425 
    4.2705    83.8573 
    4.3019    84.3329 
    4.3332    84.6274 
    4.3646    84.9385 
    4.3959    85.2526 
    4.4272    85.5666 
    4.4586    85.8807 
    4.4899    86.1948 
    4.5213    86.4908 
    4.5526    86.8956 
    4.5839    87.3655 
    4.6153    87.8354 
    4.6466    88.3359 
    4.8033    90.9808 
    4.9287    94.1387 
    5.0227    96.4129 
    5.1167    98.2631 
    5.2734   100.4953 
    5.4301   102.6094 
    5.5868   104.6181 
    5.7435   106.4013 
    5.9002   108.6668 
    6.0569   111.5846 
    6.1509   113.9195 
    6.2763   118.6218 
    6.3076   119.7437 
    6.3390   120.8069 
    6.3703   121.8166 
    6.4017   122.8262 
    6.4330   123.8990 
    6.5584   130.4889 
    6.6837   135.6525 
    6.7151   136.4023 
    6.7464   136.8197 
    6.8718   137.6008 
    6.9344   137.8092 
    7.0911   138.7462 
    7.1538   139.5810 
    7.2165   140.4165 
    7.3105   142.0877 
    7.3419   142.6489 
    7.4359   144.3194 
    7.5299   146.2607 
    7.6239   149.2424 
