    0.0000     0.0000 
    0.1100     3.9004 
    0.1650     5.6362 
    0.2200     7.7305 
    0.2750     9.3596 
    0.3850    11.5892 
    0.4950    13.9302 
    0.5500    15.0895 
    0.6600    16.6770 
    0.8250    18.5488 
    1.0450    20.9188 
    1.1000    21.4863 
    1.3750    23.0578 
    1.5950    24.8979 
    1.8150    26.7073 
    1.9800    28.4416 
    2.1450    29.8267 
    2.4200    32.0018 
    2.6950    32.9329 
    2.9700    34.3154 
    3.2450    36.3249 
    3.5200    39.2241 
    3.6850    41.5224 
    3.8500    43.5716 
    4.0150    45.5590 
    4.1800    47.2691 
    4.4000    50.8897 
    4.6750    56.1869 
    4.7300    57.2985 
    4.8400    60.0202 
    4.8950    61.2061 
    5.0050    63.1609 
    5.0600    64.5235 
    5.1150    66.1041 
    5.2250    69.0109 
    5.2800    71.0964 
    5.4450    79.6640 
    5.6100    83.7555 
    5.6650    84.7687 
    5.7200    85.6051 
    5.7750    86.4277 
    5.8300    87.5764 
    5.9400    89.7537 
    6.1600    96.5185 
    6.2150    97.7892 
    6.4350   100.7964 
    6.6000   102.6733 
    6.8750   105.2457 
    7.1500   107.9326 
    7.3700   111.6599 
    7.6450   119.0716 
    7.9200   124.7144 
    8.1400   130.1983 
    8.3050   132.8623 
    8.5800   136.5607 
    8.7450   137.4008 
    8.9650   138.7773 
    9.2400   142.8009 
    9.2950   143.3573 
    9.3500   143.9131 
    9.4050   144.4864 
    9.4600   145.1121 
    9.6800   149.5325 
    9.7350   150.8090 
