    0.0450     6.2958 
    0.7638     9.3596 
    1.4826    11.5892 
    2.2014    13.9302 
    2.9202    16.6770 
    3.0999    17.1938 
    3.2796    17.7063 
    4.1781    19.5273 
    5.0766    21.4863 
    5.2563    21.9245 
    5.4360    22.3018 
    5.6157    22.6783 
    5.7954    23.0578 
    5.9751    23.5336 
    6.1548    24.2144 
    6.3345    24.8979 
    7.0533    28.4416 
    7.7721    32.0018 
    8.4909    33.8232 
    9.2097    37.0737 
    9.9285    42.6215 
   10.6473    47.2691 
   11.3661    53.5425 
   11.5458    54.9328 
   12.4443    59.2735 
   13.3428    61.6468 
   14.2413    63.1609 
   15.1398    65.0796 
   16.0383    66.9956 
   16.9368    70.0537 
   17.1165    71.0964 
   17.2962    72.1621 
   17.4759    73.3050 
   17.6556    74.8483 
   17.8353    77.2971 
   18.0150    79.6640 
   18.1947    81.1422 
   18.9135    84.3706 
   19.0932    84.7687 
   19.2729    85.1869 
   19.4526    85.6051 
   19.6323    86.0234 
   19.8120    86.4277 
   19.9917    86.9507 
   20.1714    87.5764 
   20.3511    88.2258 
   20.5308    88.8932 
   20.7105    89.7537 
   20.8902    90.7964 
   21.0699    92.0387 
   21.2496    93.4347 
   21.4293    95.1031 
   21.6090    96.5185 
   21.7887    97.7892 
   21.9684    98.9016 
   22.1481    99.8585 
   22.3278   100.7964 
   23.0466   105.2457 
   23.7654   110.3155 
   24.4842   119.0716 
   25.2030   126.8510 
   25.3827   128.8074 
   26.2812   134.0689 
   26.8203   136.5607 
   27.7188   137.6787 
   28.0782   138.0109 
   28.9767   139.8891 
   29.8752   142.1144 
   30.7737   143.3573 
   31.6722   144.4864 
   32.5707   145.7700 
   33.4692   147.3728 
   34.3677   149.5325 
   35.2662   152.1999 
