    0.0945     0.0000 
    0.1215     2.6227 
    0.1485     4.4948 
    0.1890     7.7305 
    0.2025     8.8252 
    0.2295    11.1210 
    0.2565    13.5022 
    0.2835    16.1949 
    0.2970    17.1938 
    0.3240    18.5488 
    0.3645    20.3597 
    0.4185    22.6783 
    0.4320    23.0578 
    0.4995    25.5604 
    0.5670    28.4416 
    0.6345    31.4811 
    0.6480    32.0018 
    0.6615    32.5268 
    0.7155    34.3154 
    0.7560    37.0737 
    0.7965    41.5224 
    0.8370    45.5590 
    0.8775    49.6383 
    0.9180    54.9328 
    0.9720    60.0202 
    0.9855    60.6458 
    1.0530    62.4302 
    1.1205    63.9952 
    1.1340    64.5235 
    1.1475    65.0796 
    1.1610    65.6035 
    1.1745    66.1041 
    1.1880    66.5437 
    1.2015    66.9956 
    1.2150    67.5615 
    1.2285    68.1871 
    1.2420    69.0109 
    1.3095    73.3050 
    1.3230    74.8483 
    1.3365    77.2971 
    1.3500    79.6640 
    1.4040    83.7555 
    1.4580    86.0234 
    1.4985    88.2258 
    1.5255    90.7964 
    1.5390    93.4347 
    1.5660    99.8585 
    1.5795   102.6733 
    1.5930   105.2457 
    1.6200   110.3155 
    1.6335   113.1533 
    1.6605   119.0716 
    1.6740   120.5367 
    1.7145   123.2254 
    1.7415   124.7144 
    1.8090   128.8074 
    1.8495   130.1983 
    1.8900   131.6332 
    1.9305   132.8623 
    1.9710   134.0689 
    2.0115   135.7125 
    2.0520   136.5607 
    2.0925   137.0681 
    2.1330   137.4008 
    2.1735   137.6787 
    2.2410   138.7773 
    2.3085   141.0018 
    2.3355   142.1144 
    2.4030   143.9131 
    2.4570   145.7700 
    2.4705   146.4376 
    2.5245   152.1999 
