    0.0400     6.1424 
    0.1399     6.5881 
    0.2397     7.0692 
    0.3396     7.4471 
    0.8389     8.7762 
    0.9388     9.0964 
    1.0387     9.4032 
    1.1385     9.6613 
    1.2384     9.9206 
    1.6379    11.2368 
    2.0373    12.7067 
    2.1372    12.9533 
    2.2371    13.2198 
    2.3369    13.4964 
    2.5367    14.3707 
    2.7364    16.0537 
    2.9361    17.5474 
    3.1359    18.8263 
    3.3356    20.2072 
    3.5353    21.7393 
    3.7351    22.8832 
    3.8349    23.4028 
    4.0347    24.5579 
    4.1345    24.9608 
    4.2344    25.3534 
    4.3343    25.7126 
    4.4341    26.0346 
    4.5340    26.3845 
    4.9335    28.7622 
    5.3329    30.8461 
    5.4328    31.4629 
    5.9321    32.7439 
    6.3316    32.9894 
    6.6312    33.5110 
    7.1305    34.3738 
    7.6299    35.6218 
    8.1292    36.8097 
    8.6285    38.6763 
    9.1279    40.5799 
    9.6272    42.6002 
    9.8269    43.1675 
   10.0267    43.7267 
   10.5260    44.9583 
   11.0253    46.0053 
   11.5247    46.9938 
   12.0240    48.2757 
   12.5233    49.7509 
   13.0227    51.2338 
   13.5220    52.7917 
   13.7217    53.6155 
   14.2211    55.9908 
   14.5207    57.3142 
   14.9201    59.1004 
   15.0200    59.5947 
   15.4195    61.3747 
   15.8189    62.5336 
   16.2184    63.6917 
   16.3183    63.9389 
   16.4181    64.2218 
   16.5180    64.5513 
   16.6179    64.8808 
   16.7177    65.2103 
   16.8176    65.5172 
   16.9175    65.8137 
   17.0173    66.1106 
   17.1172    66.3789 
   17.2171    66.6263 
   17.3169    66.8787 
   17.4168    67.2080 
   17.5167    67.5458 
   17.6165    67.9162 
   17.7164    68.2872 
   18.2157    70.6063 
   18.7151    73.1799 
   19.2144    77.9712 
   19.3143    79.3884 
   19.4141    80.4006 
   19.5140    81.1891 
   19.6139    81.6415 
   19.7137    82.0364 
   19.8136    82.3976 
   20.3129    83.8853 
   20.8123    85.0050 
   20.9121    85.2526 
   21.0120    85.5006 
   21.1119    85.7482 
   21.2117    85.9962 
   21.5113    87.1415 
   21.7111    88.2805 
   22.0107    90.8434 
   22.3103    95.1148 
   22.5100    97.5286 
   22.8096   100.0039 
   23.2091   102.7831 
   23.3089   103.3266 
   23.4088   103.8473 
   23.9081   105.7642 
   24.0080   106.2347 
   24.4075   109.2956 
   24.8069   113.4609 
   25.2064   119.3001 
   25.3063   120.1842 
   25.8056   123.3927 
   26.3049   127.9375 
   26.4048   128.9153 
   26.5047   129.7396 
   27.0040   132.9067 
   27.4035   135.4073 
   27.8029   136.8914 
   28.1025   137.3396 
   28.4021   137.6690 
   28.7017   138.0735 
   29.0013   139.1497 
   29.3009   140.4677 
   29.6005   141.7861 
   30.0000   143.0693 
