    0.2600     0.0000 
    0.5399     3.5637 
    0.8198     6.2958 
    1.0997     9.0924 
    1.3796    11.1210 
    1.6595    13.2689 
    1.7995    14.1029 
    2.0793    15.6767 
    2.4992    17.5013 
    2.6391    17.9555 
    3.3389    19.5709 
    4.0386    21.3160 
    4.7384    22.7921 
    5.4382    24.8296 
    6.1379    26.9970 
    6.2778    27.7486 
    6.8377    31.3770 
    7.3975    33.1067 
    7.9573    35.6451 
    8.5170    39.5950 
    8.6570    40.6951 
    9.3567    44.4891 
    9.9166    46.8937 
   10.3364    48.8875 
   10.7562    51.1399 
   11.1761    53.5425 
   11.5959    55.9533 
   12.0158    57.9242 
   12.4356    59.6072 
   12.9954    61.2618 
   13.6952    62.6638 
   13.8351    62.9941 
   13.9751    63.3695 
   14.1150    63.7449 
   14.2550    64.1342 
   14.3949    64.6347 
   14.5349    65.1352 
   14.6748    65.6035 
   14.8148    66.0540 
   14.9547    66.4603 
   15.0947    66.8356 
   15.2346    67.3293 
   15.3746    67.8743 
   16.0743    71.2007 
   16.7741    76.5481 
   17.4738    82.0810 
   18.1736    84.3314 
   18.8734    85.8142 
   19.0133    86.1906 
   19.1532    86.5453 
   19.2932    87.0758 
   19.4331    87.6389 
   19.5731    88.2258 
   19.7130    88.8265 
   19.8530    89.5451 
   19.9929    90.4836 
   20.1329    91.5201 
   20.2729    92.7339 
   20.4128    94.1020 
   20.5527    95.5453 
   20.6927    96.7966 
   20.8326    97.9005 
   21.5324   101.4532 
   22.2321   104.7067 
   22.3721   105.3999 
   22.5120   106.0931 
   22.6520   106.9424 
   22.7919   107.8263 
   22.9319   108.7853 
   23.0718   109.9122 
   23.2118   111.1221 
   23.3517   112.4066 
   23.4917   113.8371 
   23.6316   115.8184 
   23.7716   117.7268 
   23.9115   119.2210 
   24.0515   120.5367 
   24.1914   121.7466 
   24.3314   122.9566 
   24.4713   124.2663 
   24.6113   125.9546 
   24.7512   127.9711 
   24.8912   129.3643 
   25.5909   134.0689 
   26.1507   136.9429 
   26.5706   137.5400 
   26.9904   138.1361 
   27.4103   140.0004 
   27.8301   142.0031 
   28.2500   143.1905 
