    0.1100     4.9177 
    0.4533     6.2496 
    0.5678     7.0225 
    0.7967     8.7042 
    0.9112     9.6733 
    1.1401    11.8279 
    1.2545    13.2409 
    1.3689    14.7015 
    1.5979    17.2758 
    1.7123    18.2358 
    2.0557    20.3260 
    2.3990    22.2169 
    2.5135    22.5804 
    3.0857    24.6245 
    3.6580    26.9738 
    3.7724    27.7775 
    3.8868    28.7341 
    4.0013    29.4170 
    4.1158    30.0230 
    4.2302    30.7368 
    4.3446    31.6112 
    4.4591    32.1146 
    4.5736    32.6377 
    4.6880    33.1123 
    4.8025    32.9807 
    4.9169    33.4016 
    5.4892    35.6723 
    5.9470    38.0678 
    6.4047    41.1974 
    6.8625    44.1971 
    7.3204    46.8228 
    7.7782    50.1514 
    8.2360    53.9665 
    8.6937    57.5071 
    9.2660    60.6833 
    9.3804    61.2200 
    9.4949    61.6427 
    9.9527    63.5009 
   10.2961    65.4408 
   10.5250    66.7814 
   10.7538    68.5041 
   10.9827    71.4718 
   11.2116    75.4865 
   11.4405    81.2920 
   11.7839    83.7621 
   12.2417    85.9543 
   12.6995    88.6663 
   13.1573    94.2438 
   13.6151   100.1493 
   14.0729   104.5795 
   14.5307   108.9765 
   14.6451   110.2147 
   15.2174   116.9048 
   15.6752   121.4509 
   16.1330   125.8985 
   16.4764   129.5102 
   16.8197   132.2341 
   17.1630   134.6534 
   17.6209   137.1767 
   18.1931   138.9107 
   18.3076   139.9837 
   18.4220   141.0574 
   18.5365   142.1311 
   18.6509   142.7898 
   18.7654   143.3267 
   18.8798   143.8631 
   18.9943   144.4082 
   19.1087   145.0120 
   19.2232   145.6399 
   19.3376   146.2841 
   19.4521   147.0963 
   19.5665   148.1031 
   19.6810   149.1601 
   19.7954   150.3153 
   19.9099   151.6367 
   20.0243   152.9784 
