    0.0000     2.7971 
    0.0300     4.0582 
    0.0800     5.7886 
    0.1300     7.8323 
    0.1600     8.9179 
    0.1700     9.4302 
    0.1900    10.7454 
    0.2200    13.0682 
    0.2500    15.6832 
    0.2600    16.6720 
    0.2800    18.9452 
    0.3000    21.4151 
    0.3200    23.4466 
    0.3300    24.7571 
    0.3600    28.1372 
    0.3800    30.2573 
    0.4100    32.9309 
    0.4500    34.6934 
    0.4600    35.4023 
    0.4700    36.0692 
    0.5200    39.7017 
    0.5300    40.9528 
    0.5700    45.9432 
    0.6000    50.1570 
    0.6200    54.0708 
    0.6500    59.5426 
    0.6800    62.1745 
    0.7100    64.0828 
    0.7300    65.6901 
    0.7600    67.6409 
    0.7700    68.2590 
    0.7800    69.1194 
    0.7900    70.1507 
    0.8000    71.1809 
    0.8100    72.2389 
    0.8200    73.3776 
    0.8300    74.9659 
    0.8400    77.3845 
    0.8500    79.7100 
    0.8600    81.1542 
    0.8700    81.8819 
    0.9100    84.7448 
    0.9500    86.8787 
    0.9600    87.4975 
    1.0100    90.6171 
    1.0500    94.7577 
    1.0800    97.5110 
    1.1300   100.5488 
    1.1800   103.3187 
    1.2300   105.7596 
    1.2800   108.6052 
    1.3300   112.5529 
    1.3800   118.3796 
    1.4300   122.5922 
    1.4800   127.9599 
    1.5000   129.4796 
    1.5300   130.8544 
    1.5600   132.2619 
    1.5900   133.3782 
    1.6200   134.7737 
    1.6700   136.7908 
    1.7000   137.5097 
    1.7100   137.7839 
    1.7500   142.3964 
    1.7800   144.6591 
    1.8100   147.6127 
    1.8400   152.4557 
