    8.7973    23.4097 
    8.8967    24.1679 
    8.9463    24.4278 
    9.0457    24.9100 
    9.0953    25.0734 
    9.1947    25.1976 
    9.2940    25.3218 
    9.5423    25.5710 
    9.6417    25.6977 
    9.6913    25.8242 
    9.7907    26.2607 
    9.8403    26.5800 
    9.8900    27.0344 
    9.9397    27.5356 
    9.9893    28.1235 
   10.0390    28.7575 
   10.0887    29.3579 
   10.1383    29.8433 
   10.1880    30.3179 
   10.2377    30.6014 
   10.2873    30.7300 
   10.5357    30.9761 
   10.6847    31.0795 
   10.9330    31.2862 
   11.0323    31.4008 
   11.2310    31.7530 
   11.3800    31.9743 
   11.4793    32.0850 
   11.7277    32.2855 
   11.8270    32.3820 
   11.9263    32.4784 
   12.1747    32.7736 
   12.3733    33.1343 
   12.4230    33.2633 
   12.6217    33.8281 
   12.7210    34.2090 
   12.8700    34.7712 
   13.0190    35.1585 
   13.0687    35.2550 
   13.1183    35.3580 
   13.1680    35.4874 
   13.2177    35.6169 
   13.3667    35.8590 
   13.5653    36.1529 
   13.8137    36.6463 
   14.0620    37.1431 
   14.3103    37.5946 
   14.3600    37.7047 
   14.5587    38.3351 
   14.6580    38.8245 
   14.7077    39.1335 
   14.8070    39.8439 
   14.8567    40.2424 
   14.9063    40.6300 
   15.0057    41.3133 
   15.0553    41.7233 
   15.1050    42.1333 
   15.1547    42.5433 
   15.2043    42.8167 
   15.3533    43.5000 
   15.5023    44.1833 
   15.6017    44.5933 
   15.6513    44.7300 
   15.8003    45.0033 
   15.8997    45.1400 
   15.9990    45.2767 
   16.0983    45.4133 
   16.3467    45.6867 
   16.5950    45.9600 
   16.8433    46.2333 
   16.9923    46.3700 
   17.1413    46.5067 
   17.2903    46.6433 
   17.5387    46.9167 
   17.7870    47.1900 
   18.0353    47.4633 
   18.1347    47.6000 
   18.1843    47.7367 
   18.2837    48.1467 
   18.3333    48.4200 
   18.3830    48.8300 
   18.4327    49.2400 
   18.4823    49.6500 
   18.5320    50.0600 
   18.5817    50.4700 
   18.6810    51.1533 
   18.7307    51.4267 
   18.8300    51.8367 
   19.0287    52.5200 
   19.0783    52.6567 
   19.3267    53.2033 
   19.4757    53.4767 
   19.6247    53.7500 
   19.6743    53.8867 
   19.7240    54.1600 
   19.7737    54.5700 
   19.8233    54.9800 
   19.8730    55.3900 
   19.9227    55.8000 
   20.0220    56.2100 
   20.0717    56.6200 
   20.1213    57.0300 
   20.1710    57.4400 
   20.2703    58.1233 
   20.3200    58.3967 
   20.4193    58.8067 
   20.4690    58.9433 
   20.6180    59.2167 
   20.8663    59.4900 
   21.0153    59.6267 
   21.1643    59.7633 
   21.3133    59.9000 
   21.5617    60.1733 
   21.8100    60.4467 
   21.9093    60.5833 
   22.0583    60.8567 
   22.2570    61.2667 
   22.3067    61.4033 
   22.3563    61.5400 
   22.4060    61.6767 
   22.4557    61.8133 
   22.5053    61.9500 
   22.5550    62.0867 
   22.6047    62.2233 
   22.6543    62.3600 
   22.9027    62.9067 
   23.1013    63.5900 
   23.1510    63.7267 
   23.2007    63.8633 
   23.2503    64.0000 
