   27.8368    65.0000 
   28.4224    69.4670 
   28.8616    73.0406 
   29.1544    75.7208 
   29.4472    78.7758 
   29.7400    81.9845 
   30.0328    85.1011 
   30.1792    85.6610 
   30.7648    87.3406 
   31.2040    89.1218 
   31.6432    90.9086 
   32.2288    93.5888 
   32.3752    94.4822 
   32.5216    95.3756 
   32.6680    96.2690 
   32.8144    97.1624 
   33.4000   101.3382 
   33.5464   102.0923 
   34.2784   105.1164 
   34.8640   107.5922 
   35.3032   109.2669 
   35.7424   111.0702 
   36.1816   112.9900 
   36.7672   115.8692 
   36.9136   116.8296 
   37.3528   120.6682 
   37.6456   123.5474 
   37.9384   126.4276 
   38.3776   131.1120 
   38.8168   135.5790 
   38.9632   137.3650 
   39.1096   139.1520 
   39.4024   141.8320 
   39.6952   144.5130 
   39.9880   147.1930 
   40.2808   149.8730 
