    0.0500    11.2731 
    0.0773    11.6987 
    0.1228    12.6609 
    0.1683    13.4789 
    0.2138    14.3909 
    0.2320    14.9291 
    0.2593    15.9747 
    0.2684    16.4360 
    0.2866    17.8434 
    0.2957    18.6019 
    0.3139    20.7790 
    0.3321    22.8206 
    0.3503    25.5604 
    0.3685    28.9103 
    0.3867    32.1330 
    0.4049    33.7662 
    0.4231    36.6993 
    0.4413    41.6701 
    0.4595    46.1846 
    0.4777    51.3589 
    0.4959    57.2985 
    0.5050    59.1483 
    0.5323    61.8450 
    0.5505    62.8482 
    0.5687    64.0056 
    0.5960    65.9664 
    0.6051    66.3977 
    0.6415    67.8274 
    0.6688    69.2977 
    0.7143    72.2178 
    0.7325    73.2737 
    0.7780    76.8602 
    0.8235    80.7302 
    0.8690    82.2178 
    0.9145    83.3394 
    0.9327    83.9560 
    0.9509    84.4588 
    0.9964    85.2183 
    1.0419    85.9920 
    1.0874    86.8099 
    1.1329    87.9755 
    1.1784    89.2427 
    1.1966    90.1708 
    1.2421    93.7266 
    1.2694    96.5533 
    1.2967    98.7625 
    1.3331   101.4062 
    1.3695   103.9554 
    1.3968   105.4578 
    1.4423   107.9857 
    1.4878   111.4246 
    1.5151   114.4175 
    1.5515   119.7437 
    1.5606   121.0409 
    1.5697   122.2844 
    1.5788   123.5570 
    1.5879   124.9459 
    1.5970   127.0190 
    1.6061   128.8074 
    1.6152   130.0941 
    1.6243   131.3827 
    1.6334   132.6121 
    1.6425   133.6935 
    1.6516   135.0872 
    1.6607   136.3106 
    1.6698   136.8247 
    1.6789   137.2338 
    1.6880   137.4913 
    1.6971   137.7481 
    1.7062   138.0839 
    1.7153   138.8885 
    1.7244   139.9170 
    1.7335   140.9461 
    1.7608   143.7186 
    1.7790   145.3862 
    1.7881   146.6533 
    1.8063   152.0609 
