    0.0665     0.0136 
    0.1212     2.7769 
    0.1759     4.6285 
    0.2306     6.6838 
    0.2853     8.6197 
    0.3217     9.7431 
    0.3582    10.9094 
    0.4129    14.0270 
    0.4494    15.4251 
    0.4676    15.8285 
    0.5223    16.8632 
    0.5770    18.1598 
    0.6682    19.6330 
    0.7593    21.1594 
    0.7958    21.6909 
    0.8323    22.2113 
    0.8687    22.7209 
    0.9052    23.1469 
    0.9417    23.6044 
    1.0328    24.9770 
    1.0693    25.8855 
    1.1058    26.7021 
    1.1422    27.5155 
    1.2334    29.9593 
    1.2699    30.5299 
    1.3063    31.0386 
    1.3975    31.9500 
    1.4887    32.8868 
    1.5798    34.4699 
    1.6163    34.8639 
    1.7075    36.0077 
    1.7804    37.0889 
    1.7986    37.4734 
    1.8533    38.4898 
    1.8898    39.6214 
    1.9445    42.1935 
    1.9992    44.7657 
    2.0539    47.3379 
    2.0904    48.8812 
    2.1268    50.4245 
    2.1815    52.4822 
    2.2362    54.5399 
    2.2909    56.5977 
    2.3274    58.1410 
    2.3639    59.6843 
    2.4003    61.2276 
    2.4550    63.2853 
    2.5280    65.8575 
    2.6009    68.4296 
    2.6738    71.0018 
    2.7468    73.5740 
    2.7650    74.0884 
    2.8562    76.1461 
    2.9473    78.5399 
    3.0385    81.0033 
    3.0567    81.6192 
    3.1297    84.6985 
    3.1844    86.1317 
    3.2391    87.4637 
    3.2938    89.5214 
    3.3485    91.5791 
    3.4032    93.6369 
    3.4579    95.6946 
    3.5126    97.7523 
    3.5673    99.8038 
    3.6220   101.5398 
    3.6767   103.2758 
    3.7314   105.0120 
    3.7861   106.9125 
    3.8408   108.8238 
    3.9137   111.4151 
    3.9319   111.9673 
    4.0231   114.1782 
    4.1143   116.3892 
    4.1325   116.9414 
    4.1507   117.4946 
    4.1690   118.0468 
    4.2419   120.8100 
    4.2966   123.0209 
    4.3331   124.6786 
    4.3513   125.7841 
    4.3878   128.5472 
    4.4242   131.1900 
    4.4607   133.7630 
    4.4789   134.7920 
    4.5336   137.3640 
    4.5701   138.9070 
    4.6066   140.4500 
    4.6613   143.0220 
    4.6795   144.0510 
    4.7160   146.6230 
    4.7524   149.1960 
    4.7889   151.7680 
