    0.1500     6.1330 
    0.2557     6.3904 
    0.3613     6.6805 
    0.6255     7.6702 
    0.7840     8.3113 
    0.9953     9.3133 
    1.2595    10.6593 
    1.3123    10.9592 
    1.5237    12.2071 
    1.6822    13.1148 
    1.8407    14.1823 
    2.0520    15.4668 
    2.2633    16.9654 
    2.4747    18.5493 
    2.6860    19.8228 
    2.8973    20.9298 
    3.1087    22.6135 
    3.1615    22.8973 
    3.2143    23.1766 
    3.2672    23.4409 
    3.3200    23.7447 
    3.3728    24.0886 
    3.4257    24.4167 
    3.4785    24.7407 
    3.5313    25.1027 
    3.5842    25.4693 
    3.8483    27.0729 
    4.1125    28.8055 
    4.3767    30.3369 
    4.4295    30.7219 
    4.6408    32.6760 
    4.6937    33.0880 
    4.7465    33.5009 
    4.7993    33.8772 
    4.8522    34.2082 
    4.9050    34.5258 
    4.9578    34.8377 
    5.0107    35.1754 
    5.0635    35.5027 
    5.1163    35.7941 
    5.1692    36.1136 
    5.2220    36.4612 
    5.2748    36.8108 
    5.3277    37.1614 
    5.3805    37.5238 
    5.4333    38.0393 
    5.4862    38.2147 
    5.5390    38.6479 
    5.5918    39.2484 
    5.6447    39.8531 
    5.6975    40.5738 
    5.7503    41.3544 
    5.8032    42.1550 
    5.8560    42.8898 
    5.9088    43.5672 
    5.9617    44.2076 
    6.0145    44.8237 
    6.0673    45.4242 
    6.1202    46.0197 
    6.1730    46.5002 
    6.2258    46.9805 
    6.2787    47.4609 
    6.3315    47.9710 
    6.3843    48.6114 
    6.6485    51.4342 
    6.7013    52.1548 
    6.7542    52.8847 
    6.8070    53.6853 
    6.8598    54.4860 
    6.9127    55.2866 
    6.9655    56.0662 
    7.0183    56.7868 
    7.2297    59.8114 
    7.3882    61.4265 
    7.4938    62.3037 
    7.5995    63.0147 
    7.7052    63.5912 
    7.8108    64.3111 
    7.9693    65.4195 
    8.1278    66.6367 
    8.3392    67.9931 
    8.3920    68.3246 
    8.4448    68.6850 
    8.4977    69.0447 
    8.5505    69.4981 
    8.6033    70.0988 
    8.6562    70.6994 
    8.9203    73.1379 
    9.1845    76.8162 
    9.2373    78.2519 
    9.2902    79.6900 
    9.3430    80.8195 
    9.3958    81.6824 
    9.4487    82.2224 
    9.5015    82.6059 
    9.5543    82.9756 
    9.6072    83.3201 
    9.6600    83.6653 
    9.7128    84.0161 
    9.7657    84.3996 
    9.8185    84.7937 
    9.8713    85.1175 
    9.9242    85.3433 
    9.9770    85.5789 
   10.0298    85.8198 
   10.0827    86.0607 
   10.2940    87.2463 
   10.5053    89.0119 
   10.5582    89.3963 
   10.6110    89.7807 
   10.6638    90.2763 
   10.7167    90.8770 
   10.7695    91.4766 
   10.8223    92.1563 
   10.8752    92.9069 
   10.9280    93.7078 
   10.9808    94.5801 
   11.0337    95.5394 
   11.2978    98.6683 
   11.5620   101.0015 
   11.8262   103.1623 
   12.0903   105.2454 
   12.1432   105.6890 
   12.1960   106.1330 
   12.2488   106.5757 
   12.3017   107.0464 
   12.3545   107.6009 
   12.4073   108.1555 
   12.6715   110.7751 
   12.9357   114.0347 
   13.1998   118.8192 
   13.4112   121.4454 
   13.6225   123.7684 
   13.8338   126.6440 
   14.0452   129.9767 
   14.3093   133.1720 
   14.3622   133.8124 
   14.6263   137.0074 
   14.8377   137.9063 
   15.1018   138.4115 
   15.3660   139.1709 
   15.6302   141.0764 
   15.7358   141.7173 
   16.0000   142.9791 
