    0.0200     0.0000 
    0.0319     1.0798 
    0.0438     1.6962 
    0.0558     2.2054 
    0.0677     2.7436 
    0.0796     3.2270 
    0.0915     3.7657 
    0.1034     4.2570 
    0.1511     6.7830 
    0.1869     8.7099 
    0.2107     9.8832 
    0.2346    10.9488 
    0.2584    12.0272 
    0.2822    13.2222 
    0.3061    14.3909 
    0.3299    15.7804 
    0.3538    16.9871 
    0.3895    18.4800 
    0.4253    19.9636 
    0.4730    21.9245 
    0.4849    22.2263 
    0.4968    22.5277 
    0.5087    22.8301 
    0.5206    23.1530 
    0.5326    23.5336 
    0.5445    24.0783 
    0.5564    24.6245 
    0.5683    25.1629 
    0.5802    25.6691 
    0.5922    26.1039 
    0.6041    26.5866 
    0.6160    27.0549 
    0.6279    27.7486 
    0.6398    28.5916 
    0.6518    29.1916 
    0.6637    29.6997 
    0.6756    30.1947 
    0.6875    30.8565 
    0.6994    31.5852 
    0.7114    32.0018 
    0.7233    32.4218 
    0.7352    32.8964 
    0.7471    33.0588 
    0.7590    33.0198 
    0.7710    33.3674 
    0.7829    33.7321 
    0.7948    34.1185 
    0.8067    34.5680 
    0.8186    35.1021 
    0.8306    35.7227 
    0.8425    36.2044 
    0.8544    36.7742 
    0.8663    37.5528 
    0.8782    38.4620 
    0.8902    39.2241 
    0.9021    39.9246 
    0.9140    41.0497 
    0.9259    41.9833 
    0.9378    42.8153 
    0.9498    43.5716 
    0.9617    44.3848 
    0.9736    45.2190 
    0.9855    45.8927 
    0.9974    46.5601 
    1.0094    47.2691 
    1.0213    48.1589 
    1.0690    53.2644 
    1.1166    58.1327 
    1.1524    60.6458 
    1.1882    62.1474 
    1.2239    63.3278 
    1.2597    64.8572 
    1.3074    66.7939 
    1.3193    67.2180 
    1.3312    67.6866 
    1.3908    70.4708 
    1.4385    73.0547 
    1.4742    75.7991 
    1.5100    79.6640 
    1.5458    81.6149 
    1.5815    82.6223 
    1.6292    84.1808 
    1.6888    85.5215 
    1.7007    85.8561 
    1.7484    87.9589 
    1.7961    91.5201 
    1.8438    97.2971 
    1.8557    98.2342 
    1.8676    99.1078 
    1.8795    99.8585 
    1.8914   100.6088 
    1.9034   101.3593 
    1.9153   102.1101 
    1.9272   102.8610 
    1.9391   103.5817 
    1.9510   104.2886 
    1.9630   104.9375 
    1.9749   105.5542 
    1.9868   106.1722 
    1.9987   106.9424 
    2.0106   107.7210 
    2.0226   108.5701 
    2.0345   109.5089 
    2.0941   114.2494 
    2.1418   119.0716 
    2.1894   122.4188 
    2.2371   126.4029 
    2.2848   130.4763 
    2.3325   133.5684 
    2.3802   136.5607 
    2.4278   137.5122 
    2.4874   139.4443 
    2.5470   142.6896 
    2.6066   144.4864 
    2.6186   144.9870 
    2.6305   145.5030 
    2.6424   146.0371 
    2.6543   146.5909 
    2.6662   147.3728 
    2.7139   152.1999 
