    0.0600     0.0136 
    0.2096     1.6973 
    0.3094     2.8521 
    0.4092     3.5026 
    0.5089     4.5102 
    0.6586     6.0621 
    0.8082     7.5926 
    0.9578     8.9387 
    1.1075    10.0332 
    1.2571    11.3067 
    1.4068    13.2859 
    1.5564    14.8362 
    1.6562    15.6734 
    1.7060    15.9119 
    1.9056    16.8632 
    2.0552    17.6732 
    2.1550    18.0423 
    2.3046    18.3304 
    2.4542    18.5914 
    2.6039    18.8998 
    2.7535    19.2123 
    2.9032    19.5296 
    3.0528    19.8360 
    3.2024    20.1323 
    3.3521    20.4011 
    3.5017    20.7130 
    3.6514    21.0518 
    3.8010    21.3743 
    3.9506    21.6909 
    4.1003    21.9979 
    4.2499    22.3206 
    4.3996    22.6377 
    4.6490    23.1469 
    4.8984    23.6993 
    5.1478    24.4517 
    5.2475    24.9770 
    5.4969    26.0532 
    5.7463    27.0179 
    5.9957    28.0193 
    6.2451    29.0479 
    6.4945    29.9593 
    6.7439    30.6398 
    6.9933    31.2306 
    7.2427    31.7734 
    7.3425    32.0384 
    7.5919    32.8868 
    7.7415    34.1127 
    7.9410    34.8639 
    8.1904    35.7984 
    8.4398    36.6496 
    8.4897    36.8681 
    8.5396    37.0889 
    8.5895    37.3195 
    8.6394    37.5510 
    8.6892    37.7839 
    8.8888    38.4369 
    9.0384    39.0505 
    9.1880    40.4445 
    9.3377    41.6791 
    9.4374    42.6051 
    9.5871    44.1484 
    9.6370    44.7657 
    9.7367    46.3090 
    9.7866    46.9263 
    9.8864    47.8523 
   10.0360    49.0869 
   10.2355    50.6302 
   10.3852    51.8649 
   10.5348    53.0995 
   10.6346    54.0255 
   10.7842    55.5688 
   10.9338    57.1121 
   10.9837    57.7294 
   11.0336    58.3467 
   11.1832    59.8900 
   11.2830    60.8160 
   11.4326    62.0507 
   11.6322    63.5940 
   11.6820    63.9026 
   11.9314    65.1373 
   12.1808    66.3719 
   12.4302    67.6065 
   12.6796    68.8412 
   12.7295    69.1498 
   12.7794    69.4585 
   12.9789    71.0018 
   13.1286    72.2364 
   13.2283    73.1624 
   13.3780    74.7057 
   13.4278    75.3230 
   13.4777    75.9404 
   13.5276    76.5691 
   13.6772    78.4167 
   13.8269    80.2643 
   13.9765    82.1119 
   14.1262    83.9595 
   14.2259    85.0357 
   14.3756    85.8093 
   14.5751    86.7765 
   14.6250    86.9699 
   14.6748    87.1633 
   14.7247    87.3608 
   14.7746    87.6694 
   14.8245    87.9781 
   14.8744    88.2868 
   14.9242    88.5954 
   15.1238    90.1387 
   15.2734    91.3734 
   15.3732    92.2993 
   15.4729    93.2253 
   15.5727    94.1513 
   15.7223    95.6946 
   15.8720    97.2379 
   16.0216    98.7812 
   16.1214    99.7072 
   16.2710   100.7586 
   16.4705   102.0602 
   16.5204   102.3209 
   16.5703   102.5807 
   16.6202   102.8414 
   16.8197   104.1430 
   17.0192   105.4876 
   17.0691   105.7720 
   17.1190   106.0574 
   17.1688   106.3427 
   17.2187   106.6272 
   17.2686   106.9125 
   17.3185   107.1979 
   17.3684   107.4823 
   17.4182   107.7677 
   17.4681   108.0530 
   17.6676   109.5114 
   17.8672   111.0831 
   18.0667   112.7418 
   18.2662   114.3995 
   18.4657   116.0572 
   18.6652   117.7149 
   18.8648   119.3736 
   19.0643   121.0313 
   19.2638   122.6890 
   19.4633   124.3477 
   19.6628   126.0054 
   19.8624   127.6631 
   20.0120   128.9899 
   20.1118   129.9560 
   20.2115   130.8820 
   20.3612   132.4250 
   20.5108   133.9680 
   20.6106   134.8940 
   20.7602   136.1290 
   20.8101   136.4380 
   21.0595   137.6720 
   21.2590   138.5980 
   21.4086   139.2160 
   21.6580   140.1420 
   21.7578   140.4500 
   21.8576   140.7590 
   22.1070   141.3760 
   22.3564   141.9940 
   22.6058   142.6110 
   22.8552   143.2280 
   22.9549   143.5370 
   23.2043   144.4630 
   23.3540   145.0800 
   23.5535   146.0060 
   23.6034   146.3150 
   23.8029   147.8580 
   24.0024   149.4010 
   24.0523   149.7100 
   24.1022   150.0190 
   24.1520   150.3270 
   24.2019   150.6360 
   24.2518   150.9450 
   24.3017   151.2530 
   24.3516   151.5620 
   24.4014   151.8710 
   24.4513   152.1790 
   24.5012   152.4880 
   24.5511   152.7970 
   24.6010   153.1050 
   24.6508   153.4140 
   24.7007   153.7230 
