    0.1500     5.6382 
    0.4470     6.6926 
    0.6252     7.5621 
    0.8034     8.3968 
    1.0410     9.7408 
    1.3380    11.3897 
    1.3974    11.7096 
    1.4568    12.0019 
    1.5162    12.2539 
    1.6350    13.1741 
    1.6944    13.8857 
    1.7538    14.5424 
    1.8132    15.2159 
    1.9320    16.2862 
    2.1102    18.0450 
    2.1696    18.4106 
    2.4072    19.4669 
    2.5854    20.0258 
    2.8824    20.8994 
    3.1794    22.2746 
    3.3576    23.0184 
    3.5358    23.7567 
    3.7140    24.6246 
    3.9516    26.0621 
    4.1892    27.6920 
    4.4268    29.3628 
    4.6644    30.8350 
    4.9614    32.8862 
    5.0208    33.4244 
    5.0802    33.9165 
    5.1396    34.3458 
    5.1990    34.7526 
    5.3772    36.4417 
    5.4960    38.0142 
    5.5554    38.9272 
    5.6742    43.5583 
    5.7930    47.2242 
    5.9118    51.4545 
    6.0306    56.4618 
    6.1494    60.3255 
    6.2088    61.3107 
    6.3870    63.0530 
    6.5058    63.8576 
    6.6246    64.7973 
    6.7434    66.0398 
    6.8622    67.1398 
    6.9810    68.2389 
    7.0998    69.9038 
    7.2780    73.0690 
    7.5156    80.2063 
    7.7532    83.6425 
    7.9908    85.6885 
    8.0502    86.0026 
    8.1096    86.3166 
    8.1690    86.6307 
    8.4660    88.1155 
    8.7036    89.5872 
    8.8818    90.9395 
    9.0600    92.6775 
    9.2382    94.8887 
    9.4164    97.1629 
    9.5946    99.0131 
    9.7728   100.5409 
    9.9510   101.9497 
   10.1292   103.3594 
   10.3074   104.7133 
   10.6044   106.5249 
   10.7826   107.8744 
   10.9608   109.4168 
   11.2578   112.3346 
   11.5548   116.3376 
   11.8518   120.4937 
   12.0300   122.5666 
   12.2676   125.8191 
   12.5052   130.1949 
   12.8022   134.1457 
   12.8616   135.1496 
   12.9210   136.4025 
   12.9804   137.1523 
   13.1586   137.9088 
   13.2774   138.1419 
   13.3962   138.3508 
   13.5150   138.5592 
   13.8120   139.4962 
   14.1090   141.1665 
   14.4060   142.8377 
   14.7030   143.8170 
   15.0000   144.6520 
