    0.0500     0.0178 
    0.2075     0.8074 
    0.3650     1.1597 
    0.4595     1.4088 
    0.4910     1.5461 
    0.6170     2.3335 
    0.7430     3.1473 
    0.8690     3.9344 
    0.9950     4.5530 
    1.0265     4.6785 
    1.1840     5.2514 
    1.2155     5.3888 
    1.3415     6.0934 
    1.4675     6.8924 
    1.5935     7.7102 
    1.6880     8.2323 
    1.7825     8.7077 
    1.8770     9.1910 
    1.9715     9.7321 
    2.0660    10.2085 
    2.1605    10.6606 
    2.2550    11.1929 
    2.3810    11.9109 
    2.5070    12.6582 
    2.5385    12.8216 
    2.6645    13.3027 
    2.7590    13.6064 
    2.8220    13.7667 
    2.8850    13.9390 
    3.0425    14.2843 
    3.2000    14.6681 
