    3.3000    17.7075 
    3.3763    18.0888 
    3.3915    18.1842 
    3.4068    18.2784 
    3.4220    18.3697 
    3.4373    18.4610 
    3.4525    18.5523 
    3.4678    18.6436 
    3.4830    18.7349 
    3.4983    18.8269 
    3.5135    18.9194 
    3.5288    19.0120 
    3.5898    19.4596 
    3.6507    19.8881 
    3.7117    20.3503 
    3.7727    20.9595 
    3.8185    21.4128 
    3.8490    21.7494 
    3.8948    22.3014 
    3.9405    22.7844 
    3.9863    23.2929 
    4.0320    23.8038 
    4.0778    24.2551 
    4.1083    24.5141 
    4.1387    24.8298 
    4.1692    25.1271 
    4.1845    25.2861 
    4.2150    25.6868 
    4.2455    26.1195 
    4.2760    26.6280 
    4.3065    27.1128 
    4.3370    27.6586 
    4.3522    27.9092 
    4.3827    28.3206 
    4.4285    28.8568 
    4.4437    28.9889 
    4.5200    29.4684 
    4.5810    29.7791 
    4.6573    30.0849 
    4.6878    30.1860 
    4.7640    30.3881 
    4.8403    30.5661 
    4.9165    30.7308 
    4.9928    30.8954 
    5.0690    31.0347 
    5.1452    31.1671 
    5.1757    31.2333 
    5.2062    31.2994 
    5.2825    31.5242 
    5.3282    31.6749 
    5.3892    31.8913 
    5.4655    32.1708 
    5.4807    32.2326 
    5.4960    32.2944 
    5.5113    32.3561 
    5.5265    32.4179 
    5.5418    32.4796 
    5.5570    32.5423 
    5.5723    32.6054 
    5.5875    32.6685 
    5.6485    33.0228 
    5.7095    33.4177 
    5.7248    33.4865 
    5.7400    33.5554 
    5.7553    33.6242 
    5.7705    33.6930 
    5.8468    34.0139 
    5.9230    34.3303 
    5.9840    34.5590 
    6.0450    34.7576 
    6.1060    34.9442 
    6.1670    35.1297 
    6.2280    35.3150 
    6.2890    35.5577 
    6.3500    35.8065 
