    0.4000    10.5312 
    0.5520    12.8170 
    0.5900    13.2409 
    0.7800    15.2657 
    0.8180    15.8140 
    0.8560    16.3058 
    1.0080    18.5722 
    1.1600    20.8517 
    1.3120    22.9459 
    1.3500    23.3766 
    1.3880    23.9659 
    1.4260    24.6245 
    1.4640    25.2722 
    1.5020    25.8485 
    1.5400    26.4026 
    1.5780    26.9738 
    1.6160    27.7775 
    1.6540    28.7341 
    1.6920    29.4170 
    1.7300    30.0230 
    1.7680    30.7368 
    1.8060    31.6112 
    1.8440    32.1146 
    1.8820    32.6377 
    1.9200    33.1123 
    1.9580    32.9807 
    1.9960    33.4016 
    2.0340    33.8429 
    2.0720    34.3185 
    2.2620    36.9726 
    2.4520    41.1974 
    2.6420    45.2034 
    2.8320    48.9438 
    3.0220    53.9665 
    3.2120    58.5134 
    3.2500    59.3820 
    3.2880    60.0796 
    3.4400    62.4035 
    3.5920    64.3817 
    3.7440    66.7814 
    3.8960    70.4656 
    3.9340    71.4718 
    3.9720    72.5236 
    4.1240    77.8464 
    4.2380    81.2920 
    4.4280    83.1286 
    4.6180    84.7436 
    4.7320    85.5507 
    4.7700    85.9543 
    4.8840    88.0223 
    4.9600    90.3689 
    5.0360    94.2438 
    5.1120    98.2119 
    5.2260   101.9600 
    5.3780   106.0661 
    5.5300   111.5120 
    5.6820   120.1394 
    5.7200   121.4509 
    5.8340   124.1319 
    5.9100   125.8985 
    6.1000   129.5102 
    6.1760   130.8517 
    6.3660   134.6534 
    6.5560   137.1767 
    6.6700   137.7315 
    6.7840   138.9107 
    6.9360   142.1311 
    7.1260   144.4082 
    7.1640   145.0120 
    7.2020   145.6399 
    7.3540   150.3153 
