    0.1100     0.0178 
    0.1492     2.8861 
    0.1884     5.3589 
    0.2080     6.3587 
    0.2668     8.8355 
    0.3256    10.9916 
    0.3648    12.4971 
    0.4040    14.1787 
    0.4432    16.0544 
    0.4824    17.2413 
    0.5020    17.7241 
    0.5608    18.8206 
    0.6000    19.3592 
    0.6980    20.4197 
    0.7960    21.7859 
    0.8548    22.4180 
    0.9528    23.5960 
    0.9920    24.1589 
    1.0508    25.2546 
    1.0704    25.7259 
    1.1488    28.9729 
    1.2272    31.6203 
    1.3252    33.2532 
    1.3448    33.6703 
    1.4232    35.8107 
    1.5016    37.9749 
    1.5212    38.5045 
    1.5800    39.6431 
    1.6192    40.1649 
    1.7172    41.1647 
    1.8152    42.1935 
    1.9132    43.2224 
    1.9524    43.7368 
    2.0504    45.2801 
    2.1092    46.3090 
    2.1876    47.8523 
    2.2856    49.9100 
    2.3052    50.4245 
    2.3640    52.4822 
    2.4032    54.0255 
    2.4620    56.5977 
    2.5208    59.1698 
    2.5796    61.7420 
    2.6188    63.2853 
    2.6776    65.3430 
    2.7560    67.9152 
    2.7756    68.4296 
    2.8736    70.4874 
    2.8932    71.0018 
    2.9128    71.5162 
    2.9716    73.5740 
    3.0108    75.1173 
    3.0696    77.9239 
    3.1088    79.7715 
    3.1676    82.2351 
    3.1872    82.8509 
    3.2460    84.0827 
    3.2852    84.6985 
    3.3832    85.4870 
    3.4224    85.8093 
    3.5204    86.7765 
    3.5792    87.4637 
    3.6380    88.4925 
    3.7164    90.0358 
    3.7360    90.5503 
    3.7948    92.6080 
    3.8340    94.1513 
    3.8536    95.1802 
    3.8928    97.7523 
    3.9320   100.2382 
    3.9516   101.1053 
    3.9712   101.9733 
    4.0300   104.1430 
    4.0692   105.4876 
    4.1280   107.3872 
    4.1868   109.3147 
    4.2456   111.4151 
    4.3044   113.6260 
    4.3436   115.2837 
    4.4024   118.0468 
    4.4220   119.1523 
    4.4612   121.9155 
    4.5004   124.6786 
    4.5396   127.4418 
    4.5788   130.1620 
    4.6180   132.7340 
    4.6376   133.7630 
    4.6768   135.3060 
    4.6964   135.8200 
    4.7160   136.3350 
    4.7748   137.3640 
    4.8140   137.8780 
    4.9120   138.9070 
    5.0100   139.9360 
    5.1080   140.9650 
    5.1472   141.4790 
    5.2452   143.0220 
    5.3040   144.0510 
    5.3628   145.0800 
    5.4412   146.6230 
    5.5196   148.1670 
    5.5980   149.7100 
    5.6764   151.2530 
    5.7548   152.7970 
