0.11	0.83
0.22	1.14
0.32	1.04
0.47	1.04
0.55	0.87
0.73	0.47
1.03	0.11
1.05	0.16
1.12	0.26
1.32	0.4
1.45	0.49
1.59	0.61
1.67	0.61
1.84	0.83
1.88	0.66
2.11	0.81
2.16	0.46
2.43	0.03
2.46	0.31
2.72	0.64
2.92	0.77
2.94	0.59
3.21	0.91
3.65	0.56
3.85	0.59
3.93	0.94
4.14	0.68
4.41	0.27
4.42	0.18
4.7	-0.18
5.12	-0.07
5.18	0.19
5.26	-0.06
5.43	0.25
5.54	0.35
5.81	0.01
5.91	-0.01
6.14	0.71
6.62	0.78
6.73	0.83
6.93	-0.32
7.04	0.13
7.31	0.34
7.41	0.29
7.57	0.45
7.73	0.33
7.86	0.41
7.98	0.18
8.12	0.24
8.25	0.17
8.34	-0.06
8.53	-0.29
8.68	-0.06
8.91	0.46
9.23	0.12
9.36	0.39
9.55	0.4
10.08	0.29
10.18	0.17
10.36	0.7
10.46	0.29
10.66	-0.22
10.91	-0.28
10.99	-0.21
11.36	0.08
11.58	-0.1
11.81	-0.17
11.86	0.11
12.16	0.55
12.4	0.71
12.49	0.43
12.64	0.7
12.78	0.44
12.91	0.37
13.1	0.97
13.39	0.74
13.4	0.92
13.7	0.42
13.93	-0.5
14.06	0.04
14.13	-0.33
14.27	-0.09
14.41	-0.39
14.79	0.05
14.9	0.92
15.11	-0.24
15.43	0.38
15.44	0.08
15.84	0.49
15.87	0.61
15.91	0.57
15.95	0.51
16.06	0.59
16.4	1.1
16.74	1.08
16.84	0.98
16.93	1.13
17.18	0.8
17.28	1.15
17.41	0.97
17.56	1.07
17.66	0.83
17.9	0.78
18.04	0.26
18.3	0.35
18.43	0.38
18.56	0.26
18.73	0.48
18.91	0.42
19.36	0.31
19.51	0.41
19.51	0.49
19.51	0.34
19.51	0.41
19.66	0.39
19.81	0.31
20.03	0.57
20.33	0.74
20.61	0.39
20.94	0.01
21.53	-0.1
21.69	-0.37
21.83	0.15
21.96	0.39
22.11	0.42
22.44	0.82
22.77	0.52
23.03	0.15
23.19	0.35
23.33	0.7
23.46	0.32
23.61	0.43
23.86	-0.07
23.94	0.08
24.02	0.1
24.31	0.39
24.53	0.52
24.69	0.74
24.83	0.26
24.96	-0.47
25.11	-0.58
25.42	0.16
25.44	0.09
25.57	0.4
25.75	0.44
26.03	0.59
26.33	0.12
26.61	0.52
26.94	0.01
27.47	-0.15
27.73	-0.07
27.99	0.38
28.94	0.28
29.52	-0.15
29.81	0.53
30.11	0.22
30.42	0.55
31	0.59
31.29	0.67
31.59	0.56
31.92	0.65
32.5	-0.1
32.81	0.54
33.07	0.75
33.42	0.85
34.12	0.74
34.25	0.08
35.14	0.62
35.62	0.8
36.11	0.56
36.53	0.34
36.61	0.09
37.11	0.63
37.54	-0.01
37.61	0.03
38.13	0.72
38.58	0.6
38.78	0.12
38.86	0.51
39.19	0.06
40.08	0.82
40.36	0.48
40.69	0.32
41.06	0.78
41.58	0.84
41.86	0.37
42.19	0.6
43.08	0.85
43.36	0.31
43.69	0.46
44.58	0.37
44.86	0.14
45.19	0.73
45.75	0.72
45.82	0.75
46.27	0.53
46.79	0.93
47.26	0.56
47.77	0.61
48.19	0.5
48.27	0.62
49.77	0.78
50.29	0.47
50.77	0.45
51.27	0.33
51.79	0.77
52.27	0.79
52.77	-0.06
53.29	0.82
53.77	0.71
54.27	0.57
54.79	0.38
55.24	0.84
55.77	0.4
56.29	0.34
56.77	0.74
57.27	0.43
57.79	0.46
58.2	0.9
58.27	0.93
59.09	0.47
59.37	0.8
59.68	0.69
59.79	0.55
59.98	0.84
60.02	0.78
60.2	0.76
60.37	0.62
60.48	0.6
60.57	0.28
60.7	0.19
60.85	0.41
61.02	0.01
61.18	0.04
61.3	0.44
61.57	0.15
61.68	0.37
61.7	0.57
61.82	0.54
62.07	-0.03
62.22	0.41
62.35	0.5
62.51	0.54
62.68	0.44
62.81	0.19
62.99	0.3
63.19	-0.16
63.38	-0.07
63.71	0.72
63.85	0.68
64.02	0.68
64.18	0.61
64.37	0.47
64.51	0.36
64.8	0.5
64.98	0.39
65.07	0.23
65.22	0.44
65.35	0.51
65.52	0.54
65.68	0.32
65.79	0.24
65.91	0.43
66.28	0.3
66.32	0.39
66.57	0.68
66.71	0.71
66.85	0.58
66.97	0.54
67.06	0.51
67.11	0.5
67.27	0.26
67.29	0.29
67.83	0.49
68.25	0.48
69.05	0.33
69.06	0.34
69.14	0.17
69.19	0.25
69.31	0.33
69.49	0.61
69.62	0.56
69.75	0.66
69.88	0.26
70.18	0.64
70.29	0.71
70.36	0.85
70.76	0.68
70.97	0.67
71.1	0.41
71.27	0.3
71.38	0.7
71.71	0.4
71.84	0.5
71.86	0.59
72.17	0.52
72.29	0.32
72.47	0.25
72.6	0.7
72.77	0.77
73.2	0.67
73.35	0.54
73.36	0.48
73.59	0.53
73.8	0.5
73.97	0.65
74.1	0.31
74.25	0.55
74.39	0.33
74.54	0.1
74.71	-0.02
74.83	-0.02
74.86	-0.2
75.29	0.64
75.47	0.12
75.8	0.69
76.21	0.57
76.36	0.47
76.44	0.56
76.7	0.49
76.75	0.61
76.95	0.63
77.89	0.31
78.04	0.15
78.12	0.51
78.35	0.5
78.66	0.71
78.88	0.65
79.02	0.45
79.18	0.7
79.27	0.64
79.41	0.52
79.56	0.43
79.75	0.3
79.89	0.46
80.03	0.25
80.27	0.05
80.48	0.12
80.69	0.41
80.77	0.59
80.94	0.66
81.06	0.78
81.26	0.44
81.39	0.66
81.53	0.19
81.69	0.34
82.12	0.63
82.27	0.63
82.43	0.64
82.89	0.19
83.02	0.19
83.13	0.57
83.63	0.48
83.77	0.25
83.92	0.58
84.06	0.41
84.21	0.61
84.39	0.73
84.51	0.47
84.66	0.43
84.99	0.59
85.1	0.48
85.19	0.58
85.27	0.67
85.42	0.82
85.56	0.37
85.71	0.65
85.89	0.49
86.12	0.46
86.26	0.03
86.36	0.01
86.38	0.07
86.53	0.4
87.8	0.44
87.89	0.36
88.03	-0.12
88.21	0.01
88.38	0.48
88.51	0.23
88.66	0.31
88.81	0.36
89.13	0.42
89.16	0.18
89.36	0.39
89.55	0.5
89.88	0.55
90.03	0.39
90.17	0.4
90.43	0.41
90.76	0.71
90.86	0.64
90.9	0.83
91.03	0.4
91.35	0.45
91.48	0.49
91.63	0.52
91.73	0.53
91.79	0.54
91.83	0.18
92.13	0.23
92.27	0.5
92.38	0.72
92.56	0.4
92.68	0.58
92.96	0.52
93.13	0.59
93.26	0.61
93.43	0.57
93.63	0.33
93.76	0.26
93.86	0.5
94.02	0.68
94.18	0.71
94.63	0.47
94.96	0.72
95.26	0.76
95.36	0.63
95.53	0.75
95.68	0.66
95.83	0.49
95.98	0.13
96.15	0.36
96.26	0.53
97.31	0.41
97.59	0.53
97.65	0.62
97.75	0.5
97.97	0.48
98.07	0.43
98.16	0.64
98.33	0.71
98.52	0.42
98.66	0.09
98.81	0.4
98.96	0.64
99.12	0.39
99.17	0.55
99.53	0.43
99.6	0.26
99.79	0.57
100.08	0.62
100.71	0.26
101	0.79
101.18	0.69
101.34	0.61
101.55	0.73
101.89	0.71
102.07	0.45
102.26	0.77
102.32	0.71
102.75	0.51
102.77	0.57
102.83	0.35
102.87	0.7
103.13	0.71
103.16	0.16
103.18	0.72
103.39	1.01
103.58	0.63
103.77	1.02
103.92	0.88
104.05	0.85
104.09	0.69
104.13	0.72
104.18	0.81
104.38	0.71
104.56	0.68
104.62	0.62
104.66	0.75
104.87	0.78
104.89	0.76
105.08	0.47
105.38	0.4
105.44	0.67
105.6	0.79
105.68	0.74
105.8	0.6
105.86	0.57
106.05	0.84
106.18	0.86
106.33	0.83
106.52	0.84
106.94	0.52
107.02	0.61
107.18	0.76
107.29	0.24
107.48	0.36
107.56	0.84
107.9	0.63
107.98	0.71
108.11	0.29
108.29	0.5
108.38	0.71
108.44	0.72
108.46	0.49
108.6	0.62
108.68	0.62
108.74	0.7
108.84	0.49
108.93	0.74
109.06	0.64
109.18	0.25
109.34	0.49
109.47	0.34
109.59	0.31
109.79	0.08
109.79	0.41
109.88	0.47
109.91	0.62
109.94	0.46
110.04	0.52
110.09	0.64
110.18	0.64
110.25	0.64
110.39	0.58
110.53	0.6
110.56	0.54
110.68	0.72
111.64	0.61
111.68	0.43
111.87	0.68
112.14	0.23
112.19	0.27
112.21	0.35
112.27	0.33
112.42	0.69
112.54	0.57
112.68	0.62
112.69	0.68
112.77	0.54
112.96	0.82
113.14	0.79
113.18	0.83
113.3	0.72
113.38	0.72
113.45	0.67
113.64	0.51
113.69	0.63
113.96	0.75
114.15	0.46
114.18	0.69
114.39	0.07
114.51	-0.07
114.63	0.79
114.69	0.6
114.77	0.67
114.88	0.6
114.93	0.58
115.12	0.9
115.26	0.87
115.64	0.62
115.72	0.57
115.87	0.69
116.12	0.78
116.27	0.61
116.45	0.49
116.63	0.64
116.86	0.35
117.03	0.7
117.12	0.55
117.14	0.71
117.26	0.5
117.31	0.37
117.43	0.72
117.54	0.59
117.7	0.67
117.76	0.79
117.98	0.57
118.11	0.46
118.17	0.66
118.26	0.64
118.37	0.57
118.51	0.4
118.61	0.44
118.76	0.63
118.78	0.59
118.91	0.63
119.14	0.68
119.26	0.55
119.41	0.59
119.59	0.35
119.69	0.54
119.75	0.47
120.21	0.56
120.26	0.41
120.43	0.37
120.64	0.32
120.76	0.58
120.98	0.36
121.11	0.41
121.26	0.57
121.61	0.02
121.76	0.42
121.82	0.41
121.91	0.46
122.14	0.3
122.2	0.39
122.26	0.47
122.43	0.36
122.61	0.73
122.75	0.35
122.84	0.48
123.11	0.21
123.26	0.28
123.41	0.69
123.63	0.57
123.76	0.49
123.77	0.65
124.04	0.45
124.1	0.4
124.21	0.29
124.33	0.1
124.47	0.3
124.97	0.63
125.11	0.68
125.22	0.44
125.23	0.13
126.08	0.65
126.2	0.4
126.37	0.48
126.58	0.67
126.71	0.69
126.81	0.75
126.87	0.68
126.96	1.12
126.96	0.76
127.05	0.65
127.27	0.64
127.41	0.63
127.56	0.66
127.7	0.41
127.87	0.59
128.08	0.14
128.2	0.47
128.35	0.43
128.35	0.67
128.56	0.35
128.71	0.78
128.85	0.7
128.97	0.64
129.13	0.63
129.31	0.49
129.69	0.44
129.9	0.68
130.06	0.39
130.21	0.28
130.38	-0.49
130.49	0.41
130.66	0.29
130.87	0.57
131.08	0.5
131.22	0.53
131.38	0.04
131.71	0.07
131.85	0.3
132	0.62
132.15	0.3
132.37	0.21
132.58	-0.04
132.63	-0.26
132.63	0.41
132.99	0.29
133.07	0.51
133.14	0.74
133.3	0.41
133.44	-0.18
133.62	-0.02
133.81	0.03
134.08	0.75
134.24	0.92
134.4	0.39
134.54	0.53
134.7	0.76
134.81	0.66
134.94	1.12
135.04	0.56
135.21	0.6
135.36	0.48
135.5	0.54
135.58	0.49
135.73	0.47
135.74	0.35
135.9	0.45
136.04	0.48
136.14	0.67
136.2	0.65
136.35	0.8
136.41	0.45
136.6	0.76
136.64	0.62
136.74	0.71
136.96	0.38
136.99	0.6
137.08	0.68
137.3	0.58
137.52	0.79
137.64	0.58
138.38	0.38
138.58	0.73
138.62	0.65
138.81	0.72
139	0.64
139.19	0.6
139.45	0.42
139.52	0.09
139.78	0.14
139.89	0.67
140.09	0.58
140.27	0.43
140.3	0.41
140.56	0.32
140.79	0.22
140.94	0.35
141.03	0.49
141.21	0.59
141.3	0.45
141.44	0.59
141.69	0.57
141.8	0.54
142.09	0.71
142.2	0.48
142.43	0.19
142.57	0.56
142.66	0.45
143.3	0.73