0.4	-0.05
0.5	-0.2
0.61	-0.28
0.69	-0.32
0.81	-0.5
0.91	-0.39
1	-0.41
1.12	-0.29
1.22	-0.37
1.32	-0.34
1.43	-0.21
1.53	-0.23
1.63	-0.24
1.73	-0.32
1.84	-0.21
1.94	-0.2
2.04	-0.21
2.14	-0.19
2.25	-0.22
2.35	-0.28
2.45	-0.2
2.52	-0.12
2.64	-0.25
2.76	-0.17
2.86	-0.38
2.97	-0.39
3.07	-0.14
3.17	-0.18
3.27	-0.33
3.38	-0.43
3.48	-0.37
3.58	-0.33
3.68	-0.39
3.79	-0.35
3.89	-0.36
3.99	-0.14
4.06	-0.32
4.2	0.03
4.4	0.14
4.5	0.09
4.61	0.2
4.71	0.06
4.79	-0.03
4.92	-0.06
5.02	0.01
5.12	-0.01
5.22	-0.08
5.43	-0.17
5.53	-0.24
5.63	-0.23
5.74	-0.27
5.84	-0.22
6.03	-0.11
6.11	-0.17
6.19	-0.08
6.26	-0.21
6.36	-0.31
6.44	-0.27
6.52	-0.37
6.6	-0.42
6.69	-0.5
6.77	-0.81
7.1	-0.5
7.18	-0.53
7.26	-0.66
7.42	-0.46
7.49	-0.61
7.59	-0.6
7.67	-0.55
7.75	-0.46
7.91	-0.61
7.98	-0.66
8.08	-0.58
8.18	-0.41
8.39	-0.49
8.48	-0.15
9	-0.17
9.32	-0.51
9.46	-0.45
9.65	-0.35
9.97	-0.2
10.28	-0.27
10.44	-0.48
10.53	-0.38
10.63	-0.44
10.73	-0.46
10.84	-0.52
10.94	-0.42
11.03	-0.75
11.17	-0.73
11.26	-0.81
11.36	-0.63
11.55	-0.49
11.76	-0.74
12.17	-0.54
12.27	-0.75
12.46	-0.61
12.58	-0.77
12.69	-0.55
12.79	-0.67
12.9	-0.6
12.98	-0.53
13.09	-0.67
13.2	-0.44
13.3	-0.6
13.4	-0.13
13.5	-0.42
13.57	0.31
13.66	-0.24
13.74	-0.61
13.82	-0.56
13.9	-0.68
13.99	-0.42
14.09	-0.71
14.19	-0.7
14.28	-0.85
14.36	-0.64
14.48	-0.71
14.79	-1.05
14.89	-0.44
15.09	-0.23
15.2	-0.52
15.3	-0.49
15.51	-0.4
15.63	-0.88
15.71	-0.33
15.82	-0.05
15.9	-0.05
16.12	0.08
16.22	-0.04
16.43	0.02
16.53	-0.14
16.63	0.07
16.73	-0.46
16.83	-0.39
16.93	-0.43
17.03	-0.69
17.25	-0.48
17.46	-0.41
17.56	-0.52
17.66	-0.68
17.77	-0.58
17.84	-0.44
17.97	-0.35
18.08	-0.81
18.23	-0.43
18.34	-0.6
18.38	-0.54
18.49	-0.38
18.59	-0.6
18.69	-0.28
18.79	-0.45
18.9	-0.2
19.1	-0.49
19.2	-0.04
19.46	0.17
19.82	0.08
19.87	-0.01
19.92	-0.31
20.13	0.38
20.23	-0.16
20.33	-0.02
20.44	0.04
20.54	-0.1
20.64	-0.04
20.74	-0.14
20.84	-0.52
20.9	-0.24
21.03	-0.67
21.1	-0.21
21.23	-0.46
21.35	-0.47
21.46	-0.62
21.56	-0.55
21.67	-0.33
21.77	-0.15
21.97	-0.14
22.08	-0.08
22.18	-0.31
22.28	-0.28
22.39	-0.16
22.46	-0.48
22.59	-0.29
22.68	-0.08
22.8	-0.23
22.9	-0.42
23.31	-0.6
23.41	-0.31
23.62	-0.26
23.72	-0.24
23.82	0.03
23.9	-0.19
23.96	-0.16
24.06	-0.11
24.14	-0.57
24.2	-0.53
24.31	-0.77
24.35	-0.64
24.48	-0.95
24.59	-0.63
24.69	-0.72
24.79	-0.56
24.89	-0.58
25	-0.85
25.1	-0.41
25.2	-0.71
25.3	-0.74
25.38	-0.63
25.51	-0.71
25.6	-0.56
25.69	-1.11
25.81	-0.65
25.91	-0.7
26.01	-0.83
26.12	-0.59
26.23	-0.61
26.33	-0.63
26.43	-0.61
26.63	-0.32
26.95	-0.18
27.05	-0.16
27.15	-0.03
27.25	-0.06
27.36	-0.59
27.46	-0.42
27.56	-0.36
27.66	-0.64
27.77	-0.71
27.85	-0.65
27.93	-0.56
28.01	-0.7
28.1	-0.38
28.18	-0.41
28.26	-0.37
28.34	0.03
28.42	-0.42
28.47	-0.38
28.77	-0.79
28.84	-0.92
28.92	-0.71
29	-0.71
29.06	-0.75
29.19	-0.6
29.3	-0.56
29.41	-0.54
29.5	-0.55
29.6	-0.56
29.71	-0.5
29.81	-0.33
29.9	-0.8
30.01	-0.77
30.13	-0.46
30.21	-0.83
30.28	-0.59
30.4	-0.44
30.53	-0.71
30.63	-0.76
30.72	-0.56
30.84	-0.64
30.94	-0.78
31.04	-0.74
31.14	-0.7
31.25	-0.68
31.35	-0.64
31.45	-0.64
31.52	-0.63
31.63	-0.57
31.75	-0.65
31.85	-0.52
31.94	-0.64
32.06	-0.64
32.17	-0.82
32.27	-0.93
32.37	-0.55
32.48	-0.71
32.58	-0.75
32.78	-0.73
32.89	-0.59
32.99	-0.64
33.09	-0.43
33.2	-0.31
33.3	-0.3
33.39	-0.62
33.48	-0.38
33.61	-0.56
33.7	-0.74
33.78	-0.56
33.86	-0.61
33.95	-0.74
34.03	-0.9
34.11	-0.55
34.19	-0.71
34.27	-0.7
34.37	-0.77
34.47	-0.74
34.6	-0.77
34.68	-0.77
34.78	-0.68
34.86	-0.75
34.99	-0.57
35.09	-0.57
35.19	-0.72
35.29	-0.77
35.4	-0.84
35.5	-0.8
35.6	-0.78
35.7	-1.01
35.81	-0.82
36.01	-0.98
36.11	-0.81
36.22	-0.69
36.32	-0.91
36.4	-0.39
36.63	-0.62
36.73	-0.69
36.83	-0.47
36.9	-0.91
36.99	-0.44
37.09	-0.25
37.22	-0.61
37.29	-0.23
37.41	-0.58
37.5	-0.52
37.6	-0.62
37.65	-0.87
37.73	-0.76
37.82	-0.83
37.98	-0.85
38.04	-0.41
38.14	-0.45
38.3	-0.53
38.4	-0.5
38.52	-0.63
38.73	-0.59
38.84	-0.44
39.03	-0.4
39.57	-0.41
39.83	-0.59
39.93	-0.29
40.37	-0.46
40.47	-0.39
40.57	-0.6
40.66	-0.56
40.78	-0.8
41.29	-0.63
41.37	-0.56
41.46	-0.39
41.57	-0.36
41.65	-0.4
41.74	-0.21
41.82	-0.29
41.9	-0.23
41.98	-0.23
42.06	-0.21
42.16	-0.27
42.26	-0.22
42.36	-0.28
42.44	-0.45
42.67	-1.05
42.75	-0.42
42.85	-1.02
42.98	-1.11
43.08	-0.93
43.18	-0.5
43.29	-0.31
43.39	-0.24
43.49	-0.26
43.6	-0.67
43.7	-0.53
43.8	-0.34
43.9	-0.71
43.96	-0.6
44.11	-0.93
44.21	-0.65
44.29	-0.62
44.39	-0.7
44.52	-0.28
44.72	-0.63
44.93	-0.64
45.03	-0.59
45.13	-0.53
45.22	-0.46
45.29	-0.56
45.4	-0.32
45.5	-0.34
45.6	-0.39
45.7	-0.4
45.8	-0.26
45.91	-0.1
46.01	-0.21
46.11	-0.33
46.21	-0.27
46.31	-0.18
46.43	-0.1
46.53	-0.19
46.62	-0.12
46.76	-0.01
46.83	-0.29
46.94	-0.13
47.03	-0.22
47.14	-0.1
47.19	0.35
47.29	0.22
47.49	-0.46
47.7	-0.54
47.91	-0.75
48.11	-0.8
48.21	-0.66
48.32	-0.72
48.42	-0.72
48.52	-0.66
48.62	-0.73
48.73	-0.45
48.83	-0.65
48.93	-0.3
49.04	-0.14
49.14	-0.09
49.24	-0.16
49.34	-0.12
49.44	-0.33
49.66	-0.41
49.75	-0.73
49.85	-0.66
49.96	-0.36
50.06	-0.81
50.16	-0.79
50.68	-0.86
50.78	-0.53
50.88	-0.65
50.96	-0.75
51.08	-0.51
51.38	-0.79
51.7	-0.57
51.8	-0.63
51.91	-0.67
52.01	-0.79
52.12	-0.63
52.22	-0.64
52.32	-0.69
52.42	-0.44
52.51	-0.48
52.59	-0.47
52.67	-0.58
52.75	-0.31
52.83	-0.28
52.92	-0.14
53.08	-0.68
53.16	-0.61
53.25	-0.74
53.33	-0.74
53.49	-0.72
53.57	-0.8
53.66	-0.73
53.74	-0.66
53.85	-0.65
53.97	-0.64
54.1	-0.5
54.22	-0.36
54.35	-0.41
54.44	-0.31
54.61	-0.17
54.72	-0.56
54.83	-0.32
54.93	-0.55
55.13	-0.63
55.24	-0.69
55.32	-0.57
55.44	-0.74
55.54	-0.72
55.63	-0.65
55.72	-0.52
56.13	-0.53
56.21	-0.75
56.3	-0.19
56.71	-0.16
57.43	-0.24
57.53	-0.32
57.59	-1.03
57.68	-0.09
57.79	-0.47
57.89	-0.58
57.99	-0.52
58.09	-0.78
58.2	-0.58
58.3	-0.72
58.39	-0.6
58.47	-0.75
58.55	-0.74
58.63	-0.76
58.72	-0.52
58.8	-0.5
58.88	-0.32
58.96	-0.55
59.04	-0.47
59.14	-0.45
59.23	-0.5
59.31	-0.48
59.47	-0.56
59.55	-0.63
59.64	-0.67
59.75	-0.78
59.85	-0.78
59.95	-0.92
60.05	-0.62
60.16	-0.84
60.26	-0.49
60.36	-0.78
60.47	-0.45
60.67	-0.12
60.77	0.06
60.88	-0.25
60.98	-0.34
61.18	-0.27
61.29	-0.46
61.39	-0.6
61.49	-0.42
61.59	-0.72
61.7	-0.69
61.8	-0.49
61.9	-0.78
62.11	-0.51
62.21	-0.85
62.31	-0.6
62.41	-0.49
62.52	-0.91
62.62	-0.87
62.72	-1.1
62.83	-1.07
63.03	-1.06
63.13	-1.02
63.24	-0.68
63.34	-0.5
63.52	-0.6
63.75	-0.29
63.95	-0.38
64.06	-0.4
64.14	-0.5
64.22	-0.62
64.3	-0.65
64.39	-0.52
64.47	-0.59
64.55	-0.56
64.63	-0.58
64.72	-0.54
64.82	-0.52
64.9	-0.18
65.13	-0.3
65.23	-0.1
65.33	-0.22
65.44	-0.13
65.54	-0.58
65.64	-0.07
65.74	-0.31
65.85	-0.22
65.93	-0.54
66.03	-0.09
66.15	-0.22
66.36	-0.4
66.46	-0.07
66.67	-0.42
66.98	-0.73
67.06	-0.42
67.18	-0.69
67.39	-0.66
67.49	-0.85
67.59	-0.76
67.69	-0.63
67.8	-0.74
67.89	-0.37
67.98	-0.5
68.06	-0.48
68.14	-0.44
68.22	-0.35
68.31	-0.47
68.39	-0.38
68.47	-0.44
68.55	-0.55
68.63	-0.35
68.72	-0.6
68.8	-0.51
68.88	-0.63
69.04	-0.46
69.13	-0.58
69.22	-0.6
69.34	-0.4
69.43	-0.46
69.53	-0.45
69.61	-0.46
69.74	-0.37
69.84	-0.47
69.94	-0.41
70.04	-0.46
70.15	-0.55
70.26	-0.63
70.35	-0.51
70.45	-0.49
70.56	-0.54
70.66	-0.72
70.76	-0.5
70.86	-0.66
71.07	-0.66
71.15	-0.32
71.28	-0.17
71.38	-0.06
71.53	-0.41
71.74	-0.23
71.79	-0.41
71.94	-0.21
72.25	-0.55
72.4	-0.59
72.5	-0.63
72.59	-0.84
72.65	-0.8
72.75	-0.51
72.83	-0.64
72.91	-1.03
73	-0.87
73.08	-0.83
73.16	-0.86
73.24	-0.55
73.39	-0.47
73.47	-0.48
73.54	-0.67
73.62	-0.35
73.69	-0.44
73.76	-0.3
73.96	-0.32
74.02	-0.63
74.08	-0.77
74.14	-0.63
74.2	-0.74
74.26	-0.74
74.33	-0.72
74.39	-0.78
74.45	-0.77
74.52	-0.03
74.66	-0.5
74.73	-0.71
74.79	-0.64
74.88	-0.5
74.96	-0.31
75.04	-0.58
75.08	-0.42
75.11	-0.36
75.19	-0.3
75.27	0.16
75.53	-0.18
75.6	-0.08
75.68	-0.25
75.85	-0.2
76.07	-0.51
76.2	-0.73
76.59	-0.49
76.71	-0.55
76.93	-0.29
77.04	-0.37
77.14	-0.54
77.34	-0.69
77.54	-0.5
77.63	-0.75
77.74	-0.83
77.85	-0.54
77.96	-0.72
78.17	-0.8
78.26	-0.73
78.34	-0.74
78.45	-0.49
78.57	-0.37
78.67	-0.57
78.76	-0.45
78.87	-0.64
78.98	-0.42
79.08	-0.28
79.17	-0.75
79.29	-0.37
79.6	-0.75
79.7	-0.5
79.81	-0.46
79.9	-0.6
80.01	-0.61
80.12	-0.74
80.22	-0.62
80.29	-0.63
80.42	-0.88
80.53	-0.47
80.63	-0.74
80.73	-0.72
80.83	-0.5
81.24	-0.42
81.35	-0.25
81.44	-0.18
81.55	-0.34
81.65	-0.51
81.76	-0.57
81.84	-0.27
81.96	-0.23
82.06	-0.45
82.17	-0.34
82.25	-0.28
82.37	-0.31
82.62	-0.55
82.7	-0.34
82.86	-0.88
82.94	-0.65
83.03	-0.43
83.14	-0.66
83.24	-0.45
83.34	-0.89
83.44	-0.37
83.6	-0.76
83.75	-0.52
83.86	-0.45
83.97	-0.82
84.06	-0.47
84.16	-0.72
84.26	-0.63
84.36	-0.56
84.46	-0.53
84.77	-0.46
84.88	-0.65
84.97	-0.7
85.05	-0.41
85.12	-0.29
85.21	-0.47
85.3	-0.51
85.38	-0.43
85.46	-0.56
86.86	-0.85
86.94	-0.69
87.1	-0.73
87.18	-0.58
87.27	-0.78
87.33	-0.63
87.43	-0.69
87.51	-0.72
87.6	-0.91
87.68	-0.66
87.76	-0.93
87.84	-0.81
87.92	-0.96
88.01	-0.65
88.09	-0.76
88.19	-0.76
88.5	-0.73
88.6	-0.58
88.68	-0.53
88.81	-0.59
88.9	-0.66
89.11	-0.64
89.22	-0.69
89.32	-0.7
89.41	-0.71
89.52	-0.67
89.63	-0.55
89.73	-0.54
89.93	-0.46
90.04	-0.39
90.14	-0.58
90.22	-0.5
90.35	-0.29
90.45	-0.15
90.55	-0.67
90.76	-0.43
90.86	-0.36
90.95	-0.86
91.12	-0.9
91.28	-0.94
91.36	-0.86
91.45	-0.93
91.53	-1.07
91.6	-0.97
91.73	-0.91
91.83	-0.78
91.93	-0.92
92.14	-0.71
92.24	-0.69
92.33	-0.55
92.44	-0.65
92.55	-0.57
92.65	-0.61
92.85	-0.45
92.96	-0.65
93.06	-0.49
93.14	-0.93
93.26	-0.7
93.37	-0.65
93.47	-0.72
94.39	-0.84
94.5	-0.67
94.6	-0.56
94.67	-0.77
94.8	-0.47
94.91	-0.72
95.01	-0.81
95.11	-0.69
95.18	-0.64
95.33	-0.98
95.41	-0.84
95.49	-0.61
95.56	-0.87
95.64	-0.83
95.7	-0.73
95.77	-0.57
95.84	-0.61
95.91	-0.2
96.03	-0.26
96.09	0.03
96.15	-0.28
96.25	-0.24
96.28	-0.73
96.34	-0.8
96.46	-0.94
96.52	-0.86
96.59	-0.85
96.65	-0.62
96.71	-0.33
96.77	-0.48
96.83	-1.21
96.89	-0.54
96.97	-0.55
97.04	-0.61
97.1	-0.95
97.18	-0.53
97.26	-0.59
97.34	-0.59
97.42	-0.73
97.5	-1
97.67	-0.69
97.85	-0.83
97.94	-0.83
98.05	-0.86
98.25	-0.5
98.35	-0.5
98.56	-0.31
98.66	-0.92
98.76	-0.64
98.97	-0.82
99.17	-0.69
99.28	-0.67
99.48	-0.69
100.1	-0.89
100.3	-0.6
100.41	-0.56
100.61	-0.64
100.71	-0.4
100.93	-0.41
101.02	-0.1
101.12	-0.69
101.33	-0.25
101.43	-0.29
101.53	-0.39
101.64	-0.41
101.74	-0.44
101.84	-0.42
101.95	-0.48
102.05	-0.72
102.15	-0.64
102.25	-0.55
102.36	-0.48
102.47	-0.57
102.56	-0.55
102.67	-0.68
102.75	-0.61
102.87	-1.18
102.97	-0.8
103.07	-0.75
103.15	-1.31
103.23	-0.76
103.31	-0.9
103.48	-0.65
103.56	-0.73
103.64	-1.24
103.74	-1.03
104.45	-0.83
104.56	-0.3
104.76	-0.53
104.86	-0.56
104.97	-1.06
105.07	-0.71
105.17	-0.89
105.28	-0.81