    0.1100     0.0178 
    0.1601     1.2655 
    0.2102     2.3194 
    0.2603     3.4491 
    0.3104     4.4056 
    0.3605     5.3589 
    0.4106     6.3587 
    0.4607     7.5124 
    0.5108     8.4304 
    0.5609     9.2753 
    0.6110    10.1601 
    0.6611    10.9916 
    0.7112    11.9782 
    0.7947    13.5932 
    0.8782    15.4852 
    0.9617    16.8670 
    1.0452    18.2832 
    1.1287    19.8603 
    1.2122    21.7859 
    1.2957    23.5960 
    1.3792    25.2546 
    1.4627    26.8453 
    1.5128    28.1835 
    1.5796    30.2504 
    1.6631    32.0440 
    1.6798    32.4199 
    1.6965    32.7892 
    1.7633    34.9633 
    1.8134    36.6507 
    1.8635    38.5045 
    1.8969    40.1649 
    1.9303    41.6791 
    1.9637    43.2224 
    1.9971    44.7657 
    2.0305    46.3090 
    2.0639    47.8523 
    2.1140    49.9100 
    2.1641    51.9678 
    2.2142    54.0255 
    2.2643    56.0832 
    2.3144    58.1410 
    2.3645    60.1987 
    2.4313    62.7709 
    2.4480    63.2853 
    2.4647    63.7997 
    2.4814    64.3142 
    2.4981    64.8286 
    2.5816    66.8863 
    2.6484    68.4296 
    2.6985    69.4585 
    2.7820    71.0018 
    2.8154    71.5162 
    2.8989    72.5451 
    2.9323    73.0595 
    3.0158    74.6028 
    3.0659    75.6317 
    3.1327    77.3081 
    3.2162    79.7715 
    3.2329    80.3875 
    3.2997    83.4668 
    3.3665    85.8093 
    3.4333    87.4637 
    3.5001    90.0358 
    3.5669    92.6080 
    3.6170    94.6657 
    3.6504    96.2090 
    3.6671    97.2379 
    3.7005    99.8038 
    3.7339   101.9733 
    3.7673   104.1430 
    3.8007   106.4379 
    3.8341   108.8238 
    3.8675   111.4151 
    3.9009   114.1782 
    3.9343   116.9414 
    3.9677   119.7045 
    4.0011   122.4687 
    4.0345   125.2319 
    4.0679   127.9950 
    4.0846   129.1005 
    4.1347   131.7050 
    4.1848   133.7630 
    4.2015   134.2770 
    4.2182   134.7920 
    4.3017   136.8490 
    4.3852   138.9070 
    4.4019   139.4210 
    4.4687   141.9940 
    4.5355   144.5660 
    4.6023   147.1380 
    4.6190   147.6520 
    4.6357   148.1670 
    4.6524   148.6810 
    4.6691   149.1960 
    4.6858   149.7100 
    4.7025   150.2250 
    4.7192   150.7390 
    4.7359   151.2530 
    4.7526   151.7680 
    4.7693   152.2820 
    4.7860   152.7970 
    4.8027   153.3110 
    4.8194   153.8260 
