0.01	0.59
0.01	0.58
0.11	0.5
0.11	0.33
0.21	0.2
0.21	0.1
0.31	0.11
0.31	-0.01
0.41	-0.04
0.41	0.02
0.41	-0.23
0.51	-0.02
0.51	-0.06
0.61	0.21
0.61	0.12
0.71	0.21
0.71	0.21
0.81	0.21
0.81	0.2
0.91	0.18
0.91	0.18
1.01	0.13
1.01	0.14
1.11	0.15
1.11	0.19
1.21	-0.14
1.21	-0.04
1.31	-0.1
1.31	-0.24
1.41	-0.02
1.41	0.02
1.51	0.09
1.51	0.04
1.91	0.29
1.91	0.31
2.11	0.34
2.11	0.33
2.21	0.41
2.21	0.43
2.31	0.32
2.31	0.25
2.41	0.3
2.41	-0.08
2.51	0.4
2.51	0.24
2.61	0.28
2.61	0.13
2.71	0.27
2.71	0.3
2.81	0.03
2.81	0.17
2.91	-0.13
2.91	-0.13
3.01	-0.14
3.01	-0.28
3.01	-0.33
3.11	-0.28
3.11	-0.14
3.11	-0.28
3.21	-0.31
3.21	-0.17
3.21	-0.4
3.31	-0.33
3.31	-0.27
3.31	-0.36
3.41	-0.11
3.41	-0.21
3.51	-0.42
3.51	0
3.61	-0.29
3.61	-0.14
3.71	-0.26
3.71	-0.35
3.81	-0.09
3.81	-0.1
3.91	0.13
4.01	0.19
4.01	0.1
4.11	0.08
4.11	0.01
4.21	0.17
4.31	-0.05
4.41	-0.21
4.51	-0.16
4.61	-0.3
4.71	-0.43
4.81	-0.19
4.91	-0.35
5.01	-0.35
5.11	-0.24
5.11	-0.63
5.21	-0.37
5.31	-0.61
5.32	-0.23
5.32	-0.6
5.42	-0.3
5.42	-0.23
5.52	-0.07
5.52	0.04
5.62	-0.12
5.72	-0.05
5.82	-0.22
5.92	-0.11
6.02	0.06
6.12	0.09
6.22	0.05
6.32	0.05
6.32	0.08
6.42	-0.08
6.52	-0.12
6.62	-0.42
6.72	-0.45
6.82	-0.31
6.92	-0.34
6.92	-0.17
7.02	-0.16
7.12	-0.12
7.12	0.02
7.22	0.03
7.22	0.05
7.32	0.16
7.42	0.2
7.43	-0.1
7.53	0.07
7.63	-0.32
7.73	-0.34
7.73	-0.72
7.83	-0.59
7.83	-0.56
7.93	-0.48
7.93	-0.39
8.03	-0.19
8.13	0.46
8.23	0.32
8.33	0.35
8.33	0.13
8.43	0.31
8.43	0.55
8.63	0.26
8.73	0.4
8.83	0.04
8.93	-0.04
8.93	-0.14
9.03	-0.15
9.13	-0.09
9.23	-0.12
9.33	0.05
9.43	0.15
9.53	0.07
9.63	0.13
9.73	-0.09
9.83	0.18
9.93	0.07
10.03	0.08
10.13	-0.12
10.23	-0.39
10.33	-0.25
10.43	-0.33
10.53	-0.52
10.63	-0.48
10.63	-0.35
10.63	-0.6
10.73	-0.38
10.73	-0.36
10.83	-0.1
10.83	-0.27
10.93	0.23
10.93	0.14
11.03	0.3
11.03	-0.07
11.13	0.19
11.13	0.13
11.23	-0.02
11.23	-0.01
11.33	-0.25
11.33	-0.24
11.43	-0.09
11.43	-0.11
11.53	-0.19
11.53	0.11
11.63	-0.22
11.63	-0.26
11.73	-0.47
11.73	-0.52
11.83	-0.51
11.83	-0.17
11.93	-0.1
11.93	-0.24
12.03	0.11
12.03	0.04
12.13	0.13
12.43	-0.36
12.43	-0.26
12.53	-0.12
12.53	-0.26
12.63	-0.35
12.63	-0.33
12.73	-0.19
12.83	-0.25
12.83	-0.2
12.93	-0.13
13.03	-0.23
13.13	-0.07
13.23	-0.1
13.23	-0.31
13.33	-0.17
13.43	-0.14
13.43	-0.41
13.53	-0.4
13.53	-0.7
13.63	-0.6
13.73	-0.54
13.73	-0.8
13.83	-0.39
13.83	-0.47
13.93	-0.26
14.03	-0.3
14.13	-0.15
14.23	-0.53
14.33	-0.54
14.33	-0.56
14.43	-0.28
14.43	-0.37
14.53	-0.03
14.53	-0.07
14.63	-0.08
14.63	0.02
14.73	-0.32
14.73	-0.18
14.93	-0.24
14.93	-0.14
15.03	-0.12
15.03	-0.11
15.13	-0.11
15.13	0.01
15.23	0.02
15.23	-0.13
15.33	-0.22
15.33	-0.15
15.43	-0.1
15.43	-0.08
15.53	0.03
15.53	0.05
15.63	-0.05
15.63	0.02
15.73	0.1
15.73	0.23
15.83	0.18
15.83	0.11
15.93	0.07
16.03	-0.03
16.13	-0.19
16.23	-0.18
16.33	-0.29
16.43	-0.28
16.43	-0.24
16.53	-0.21
16.53	-0.39
16.63	0.03
16.73	0.12
16.73	0.29
16.83	0.05
16.93	0.09
17.03	-0.08
17.13	-0.04
17.2	0.02
17.21	0.06
17.31	-0.15
17.41	-0.22
17.51	-0.13
17.61	0.12
17.61	0
17.71	0.18
17.71	0.56
17.72	0.24
17.82	-0.12
17.92	0.28
18.02	0.2
18.12	0.19
18.22	-0.28
18.22	-0.52
18.32	-0.15
18.42	-0.19
18.52	-0.21
18.52	-0.03
18.62	0.03
18.72	0.05
18.72	0.14
18.82	-0.1
18.92	-0.21
18.92	-0.29
19.02	-0.22
19.12	-0.06
19.12	-0.2
19.22	-0.08
19.22	-0.04
19.32	0.29
19.32	0.05
19.42	0.12
19.42	0.09
19.52	-0.03
19.62	-0.19
19.62	-0.14
19.72	-0.23
19.72	-0.4
19.82	0.04
19.82	-0.03
19.82	-0.19
19.92	0.06
19.92	0.11
20.02	0.16
20.02	0.34
20.12	-0.03
20.22	-0.15
20.22	-0.15
20.32	-0.29
20.32	-0.17
20.42	-0.19
20.42	-0.19
20.42	-0.3
20.52	-0.17
20.52	-0.13
20.62	0.17
20.62	0.19
20.72	0.2
20.72	0.13
20.82	-0.02
20.82	-0.09
20.92	0.05
20.92	-0.05
21.02	-0.16
21.02	0
21.12	-0.24
21.12	-0.16
21.22	-0.17
21.22	0.12
21.32	0.2
21.32	0.19
21.42	0.33
21.42	0.05
21.52	0
21.52	0.19
21.62	-0.19
21.62	-0.17
21.72	-0.14
21.82	-0.44
21.82	-0.03
21.92	0.12
21.92	-0.06
22.02	0
22.12	0.18
22.12	0.32
22.22	0.08
22.32	-0.09
22.42	-0.24
22.52	-0.17
22.62	-0.11
22.62	0.02
22.72	0.16
22.72	0.37
22.82	0.37
22.92	0.48
23.02	-0.03
23.12	0.06
23.12	-0.06
23.12	0.08
23.22	0.12
23.32	0.19
23.42	0.33
23.52	0.26
23.62	0.13
23.62	0.03
23.72	-0.16
23.82	0.06
23.92	0.08
24.02	0.1
24.02	0.16
24.12	0.19
24.12	0.27
24.22	0
24.32	-0.02
24.32	0.01
24.32	0.02
24.42	0.08
24.42	-0.03
24.52	0.04
24.52	-0.04
24.62	0.2
24.62	-0.14
24.72	-0.03
25.02	0.13
25.02	0.26
25.12	0.08
25.12	0.48
25.22	0.32
25.22	0.2
25.32	0.2
25.42	0.15
25.52	0.25
25.52	0.03
25.62	0.02
25.72	-0.21
25.82	-0.02
25.82	-0.07
25.82	0.04
25.92	-0.17
25.92	-0.03
25.92	-0.05
26.02	-0.2
26.12	0.17
26.12	-0.09
26.22	0.19
26.22	0.12
26.32	-0.03
26.42	-0.04
26.42	-0.21
26.42	0.03
26.52	-0.2
26.52	-0.09
26.62	-0.35
26.62	-0.38
26.72	-0.29
26.72	-0.07
26.72	-0.16
26.82	-0.19
26.82	-0.15
26.92	-0.16
26.92	-0.29
27.02	0.01
27.02	-0.08
27.12	-0.07
27.12	0.08
27.13	-0.19
27.13	0
27.23	-0.09
27.33	-0.11
27.33	-0.13
27.43	-0.25
27.43	-0.21
27.53	-0.16
27.53	-0.01
27.63	0.13
27.73	0.18
27.95	0.28
28.03	0.05
28.13	-0.08
28.23	-0.19
28.33	-0.19
28.43	-0.02
28.43	-0.17
28.53	0.08
28.63	-0.01
28.63	0.1
28.73	0.09
28.73	0.13
28.83	-0.1
28.93	0
29.03	0.21
29.03	0.2
29.13	-0.09
29.23	0.16
29.33	0.24
29.43	0.25
29.53	0.07
29.53	0.12
29.54	-0.09
29.54	0.11
29.64	-0.1
29.64	0
29.74	0.02
29.74	0.16
29.84	0.15
29.84	0.07
29.94	-0.17
29.94	-0.02
30.04	-0.11
30.04	-0.12
30.04	-0.15
30.14	0.17
30.14	-0.03
30.24	-0.09
30.24	-0.23
30.34	-0.29
30.44	-0.14
30.54	0.13
30.64	-0.05
30.64	0.03
30.74	0.23
30.74	-0.06
30.84	0.28
30.94	0.41
31.04	0.25
31.04	0.32
31.04	0.38
31.14	0.22
31.14	0.1
31.24	0.2
31.24	0.27
31.34	0.15
31.34	0.29
31.44	-0.06
31.54	-0.32
31.64	-0.38
31.64	-0.45
31.74	-0.3
31.84	-0.22
31.94	-0.22
31.94	-0.15
32.04	0
32.14	-0.11
32.24	-0.05
32.34	-0.04
32.44	-0.15
32.54	-0.33
32.54	-0.21
32.54	-0.29
32.64	-0.38
32.64	-0.51
32.74	-0.38
32.74	-0.37
32.74	-0.4
32.84	-0.15
32.84	-0.13
32.94	0.01
33.04	0.22
33.14	0.16
33.14	0.13
33.24	0.11
33.24	0.02
33.34	-0.21
33.44	-0.1
33.44	-0.3
33.54	0
33.54	-0.06
33.64	0.02
33.74	-0.21
33.84	0.01
33.84	-0.29
33.94	-0.17
33.94	-0.03
34.04	-0.17
34.04	-0.28
34.14	0.13
34.14	0.05
34.24	0.05
34.24	0.12
34.34	-0.05
34.34	-0.07
34.44	-0.25
34.44	-0.28
34.44	-0.08
34.54	-0.17
34.54	-0.16
34.54	0.38
34.64	0.13
34.64	0.01
34.74	0.09
34.74	0.14
34.84	-0.16
34.84	0.06
34.94	-0.05
34.94	-0.12
35.04	-0.09
35.04	0.05
35.14	0.15
35.14	0.24
35.24	-0.09
35.24	0.05
35.34	-0.06
35.34	-0.78
35.44	0.04
35.44	-0.3
35.44	-0.01
35.6	-0.03
35.6	0.06
35.6	-0.04
35.64	-0.07
35.74	0.4
35.84	0.36
35.94	0.22
36.04	0.25
36.04	0.16
36.14	0.29
36.14	0.46
36.14	0.07
36.24	0.38
36.34	-0.29
36.44	-0.13
36.44	0.04
36.54	-0.17
36.54	-0.05
36.64	-0.13
36.74	0.1
36.84	0.31
36.94	0.04
37.04	-0.31
37.14	-0.33
37.24	-0.04
37.24	0.01
37.34	-0.22
37.44	-0.14
37.54	-0.38
37.54	-0.43
37.64	-0.34
37.64	-0.61
37.64	-0.61
37.74	-0.2
37.74	-0.51
37.84	-0.25
37.84	-0.24
37.94	0.18
37.94	0.17
38.04	-0.46
38.14	-0.05
38.24	0.11
38.24	-0.01
38.34	-0.4
38.34	0.05
38.44	0.24
38.44	0.15
38.54	-0.36
38.64	-0.06
38.74	0
38.74	-0.19
38.84	-0.25
38.94	-0.19
39.04	0.02
39.04	-0.06
39.14	-0.06
39.14	-0.16
39.24	-0.14
39.25	-0.16
39.35	-0.11
39.45	0.23
39.55	-0.16
39.65	0.17
39.75	0.08
39.85	0.05
39.95	-0.09
40.05	-0.26
40.15	-0.22
40.16	-0.39
40.16	-0.71
40.26	-0.37
40.26	-0.28
40.36	-0.08
40.46	0.01
40.46	0.15
40.56	0.05
40.56	0.47
40.66	0.01
40.76	0.06
40.86	0.05
40.86	0.09
40.96	0.05
40.96	0.16
41.06	0.32
41.16	0.15
41.26	0.19
41.36	0.07
41.46	-0.06
41.56	-0.01
41.56	0.06
41.66	0.35
41.76	0.25
41.76	0.4
41.86	0.32
41.86	0.15
41.96	0.2
42.06	0.11
42.06	0.15
42.16	0.15
42.26	0.05
42.36	0.19
42.46	0.17
42.56	0.19
42.66	0.23
42.66	0.11
42.76	0.32
42.76	0.36
42.86	0.11
42.96	0
42.96	-0.05
43.06	-0.05
43.16	0.12
43.16	0.24
43.26	0.14
43.36	0.23
43.46	0.29
43.56	0.08
43.66	0.18
43.76	0.25
43.86	0.09
43.96	0.02
44.06	0.02
44.16	0.01
44.26	-0.16
44.36	-0.32
44.46	-0.12
44.56	-0.04
44.56	-0.53
44.66	-0.25
44.76	-0.05
44.86	0.11
44.96	0.14
45.06	0.23
45.16	0.2
45.26	0.32
45.36	0.23
45.46	0.34
45.56	-0.06
45.66	0.09
45.76	-0.01
45.86	-0.43
45.86	0.03
45.96	-0.22
46.06	-0.26
46.16	0.09
46.26	0.19
46.36	0.27
46.46	0.23
46.56	0.3
46.66	0.37
46.76	0.46
46.86	-0.2
46.96	0.01
47.06	0.15
47.16	0.26
47.16	0.33
47.26	0.33
47.26	0.13
47.46	-0.12
47.46	0.11
47.56	-0.09
47.56	-0.25
47.66	-0.36
47.66	-0.31
47.66	-0.46
47.76	-0.29
47.76	-0.24
47.86	-0.14
47.86	-0.35
47.96	-0.04
47.96	-0.01
48.06	-0.05
48.16	0.04
48.26	-0.07
48.26	0.13
48.36	-0.09
48.46	-0.11
48.46	-0.11
48.56	0.17
48.66	-0.3
48.76	-0.19
48.86	-0.01
48.96	0.12
49.06	-0.05
49.16	-0.27
49.26	-0.14
49.36	-0.17
49.46	-0.03
49.47	-0.22
49.57	0.07
49.67	-0.05
49.77	0.02
49.77	-0.18
49.87	0.09
49.97	0.3
50.07	0.15
50.17	0.26
50.27	0.24
50.37	-0.02
50.47	0.12
50.57	-0.07
50.57	0.25
50.67	0.11
50.77	0.22
50.87	0.21
50.97	0.21
51.07	0.17
51.17	0.45
51.37	0.35
51.46	0.13
51.57	-0.14
51.67	0.02
51.77	0.09
51.77	0.16
51.87	0.13
51.87	-0.22
51.97	0.15
52.07	0.39
52.08	0.08
52.18	0.06
52.28	-0.03
52.38	0.26
52.48	0.34
52.58	0.29
52.68	0.32
52.68	-0.27
52.78	0.15
52.88	0.08
52.98	-0.08
52.98	0.02
53.08	0.4
53.18	0.23
53.28	0.07
