    0.0100     6.1807 
    0.2097     7.9578 
    0.4093     9.2988 
    0.4892     9.8324 
    0.6889    11.8327 
    0.8087    12.6412 
    1.0083    14.0728 
    1.0483    14.4777 
    1.0882    14.8200 
    1.2080    17.5178 
    1.2879    20.2030 
    1.3677    22.3857 
    1.4476    24.8338 
    1.5674    27.6855 
    1.7271    31.6976 
    1.7671    32.4649 
    1.9667    35.0171 
    2.1664    38.8724 
    2.3661    42.8153 
    2.5657    47.2691 
    2.7654    53.2644 
    2.9651    58.9398 
    3.0050    59.8950 
    3.0449    60.6458 
    3.2047    63.1609 
    3.3644    66.1041 
    3.5241    70.0537 
    3.6439    76.6252 
    3.7238    81.0899 
    3.8436    84.6120 
    3.9634    88.4928 
    4.0832    95.6843 
    4.2030   102.6833 
    4.2829   106.2982 
    4.3627   109.8687 
    4.4825   116.9263 
    4.5225   119.1620 
    4.6822   123.8863 
    4.8020   128.3521 
    5.0017   133.9344 
    5.2013   137.4285 
    5.3211   138.1001 
    5.4809   140.8282 
    5.5208   142.1144 
    5.6805   145.7700 
    5.8403   152.1999 
