    0.0275     0.0000 
    0.0625     3.3618 
    0.0975     6.0025 
    0.1150     7.3053 
    0.1675     9.9407 
    0.2025    11.5463 
    0.2550    12.8631 
    0.3075    14.0257 
    0.3600    15.3273 
    0.3950    17.1315 
    0.4475    20.4664 
    0.5000    23.3966 
    0.5525    26.7141 
    0.6050    29.5722 
    0.6400    31.3220 
    0.6925    33.5191 
    0.7625    36.9611 
    0.7800    37.7800 
    0.7975    38.3070 
    0.8150    38.9488 
    0.8325    39.7179 
    0.8500    40.3766 
    0.8675    40.7542 
    0.8850    41.8769 
    0.9025    42.8626 
    0.9200    43.7591 
    0.9375    44.7498 
    0.9550    45.6424 
    0.9725    46.4349 
    0.9900    47.2691 
    1.0075    48.3258 
    1.0250    49.5132 
    1.0425    50.7020 
    1.0600    51.8907 
    1.0775    53.1949 
    1.1650    57.8721 
    1.2525    60.8446 
    1.3400    62.4802 
    1.4100    63.5781 
    1.4625    64.4679 
    1.5500    65.9789 
    1.6375    67.3293 
    1.7250    69.4802 
    1.8125    72.4958 
    1.8650    75.3488 
    1.9175    79.1862 
    1.9875    81.3652 
    2.0750    83.5117 
    2.0925    84.1448 
    2.1625    87.2322 
    2.2325    91.0196 
    2.3025    97.7336 
    2.3725   103.0170 
    2.4425   107.5621 
    2.4600   108.5525 
    2.4775   109.5906 
    2.4950   110.7197 
    2.5825   116.3006 
    2.6700   122.2360 
    2.6875   123.4248 
    2.7050   124.7204 
    2.7225   126.4658 
    2.7400   128.5226 
    2.7575   129.9953 
    2.8450   135.4671 
    2.9325   137.8638 
    3.0200   140.0806 
    3.1075   143.2739 
    3.1250   143.8019 
    3.1425   144.3300 
    3.1600   144.9244 
    3.1775   145.5364 
    3.1950   146.1706 
    3.2125   146.9033 
    3.2300   147.8944 
    3.2475   148.9211 
    3.2650   150.0275 
