    0.0100    10.2922 
    0.0549    10.6905 
    0.0999    11.0672 
    0.3246    12.7753 
    0.3696    13.1522 
    0.4145    13.5557 
    0.4595    13.9302 
    0.5044    14.4341 
    0.5494    14.9437 
    0.5944    15.4565 
    0.8191    17.2579 
    1.0438    18.8146 
    1.2686    20.4296 
    1.4934    22.1603 
    1.7181    23.6187 
    1.7631    24.2144 
    1.8080    24.8125 
    1.8530    25.3948 
    1.8979    25.9001 
    1.9429    26.4056 
    1.9878    26.9246 
    2.0328    27.5754 
    2.2125    31.0907 
    2.3474    33.1165 
    2.4823    34.1308 
    2.6171    36.4185 
    2.7519    39.7804 
    2.8868    43.6898 
    2.9767    46.1846 
    3.0666    48.8562 
    3.1565    52.1521 
    3.2914    57.6896 
    3.4262    61.0671 
    3.5610    62.8056 
    3.6959    64.8016 
    3.7858    66.1666 
    3.9207    67.9525 
    4.0555    71.2268 
    4.1454    74.3394 
    4.2802    81.9645 
    4.3252    83.0268 
    4.4151    85.2914 
    4.5050    87.3417 
    4.5949    90.7964 
    4.6399    93.0815 
    4.7298    97.0156 
    4.8646   100.6792 
    4.9096   101.5001 
    5.0893   103.9115 
    5.2242   105.3421 
    5.4490   107.6697 
    5.5389   108.5967 
    5.7636   110.8197 
    5.9883   113.3444 
    6.2131   117.1064 
    6.4379   120.0050 
    6.6626   122.3852 
    6.8873   124.9010 
    7.1121   128.6207 
    7.3369   131.0671 
    7.4268   132.3064 
    7.6515   135.9210 
    7.8762   137.3312 
    8.1010   137.8175 
    8.3257   139.0552 
    8.5505   141.0018 
    8.7752   142.6617 
    9.0000   143.6352 
