    0.0900     2.9249 
    0.1241     4.6206 
    0.1752     7.7056 
    0.2264    10.0692 
    0.2776    12.1959 
    0.3116    13.5375 
    0.3628    15.5666 
    0.4310    17.9431 
    0.4481    18.3450 
    0.4651    18.6934 
    0.5504    20.3988 
    0.5674    20.9202 
    0.5845    21.4494 
    0.6015    21.8664 
    0.6186    22.2263 
    0.6356    22.5776 
    0.6526    22.9307 
    0.6697    23.3421 
    0.6867    23.8945 
    0.7038    24.5305 
    0.7208    25.1596 
    0.7379    25.7384 
    0.7550    26.2608 
    0.8232    29.7775 
    0.8913    32.8871 
    0.9596    34.4717 
    1.0277    38.1637 
    1.0960    43.1675 
    1.1642    47.5305 
    1.2153    52.1035 
    1.2665    56.9600 
    1.3176    60.2860 
    1.3687    62.1286 
    1.4199    63.5301 
    1.4711    65.4108 
    1.5222    67.1874 
    1.5734    70.1319 
    1.6245    74.4312 
    1.6586    80.6223 
    1.6927    82.7421 
    1.7438    84.8231 
    1.7609    85.2132 
    1.8462    86.8212 
    1.9314    89.2828 
    1.9996    92.4837 
    2.0678    96.6826 
    2.1360    99.7787 
    2.2042   102.4039 
    2.2724   104.8683 
    2.3406   107.2380 
    2.4088   110.4567 
    2.4941   117.0168 
    2.5111   118.7252 
    2.5623   123.9647 
    2.6134   130.5153 
    2.6646   135.6408 
    2.6816   136.4995 
    2.7498   137.5922 
    2.8350   139.3165 
    2.8691   140.3531 
    2.9032   141.3912 
    2.9373   142.3640 
    3.0226   143.9576 
    3.0738   145.0777 
    3.1249   146.3108 
    3.1931   149.0956 
    3.2613   152.7629 
