    0.2077     5.2770 
    0.2904     8.4307 
    0.3180     9.4650 
    0.3730    11.6144 
    0.4281    13.8759 
    0.4557    14.9725 
    0.5108    16.5270 
    0.5384    17.0139 
    0.6485    18.3910 
    0.7588    19.7151 
    0.8690    21.1004 
    0.9791    22.3806 
    1.0618    23.1223 
    1.1445    24.2567 
    1.2271    25.5526 
    1.3098    26.6557 
    1.3924    28.2575 
    1.4751    29.6787 
    1.5577    31.1616 
    1.6404    32.3270 
    1.7230    33.0282 
    1.8607    34.0373 
    1.9985    35.9180 
    2.1363    38.4750 
    2.2189    40.4830 
    2.3291    43.5994 
    2.3567    44.5855 
    2.4118    47.1378 
    2.4393    49.3982 
    2.4944    55.7327 
    2.5495    60.2950 
    2.6046    62.5153 
    2.6322    63.6383 
    2.6597    65.0984 
    2.6873    66.5116 
    2.7148    68.0701 
    2.7424    69.7815 
    2.7975    72.8606 
    2.8801    80.4395 
    2.9628    83.3114 
    3.0179    84.8615 
    3.1005    86.9745 
    3.1831    90.6442 
    3.2658    97.3834 
    3.3485   102.1899 
    3.4311   106.2694 
    3.4862   109.2514 
    3.5688   115.2424 
    3.5964   117.3792 
    3.6791   120.4453 
    3.8168   124.4470 
    3.9545   129.7966 
    4.0923   133.5684 
    4.2301   136.8325 
    4.2851   137.2483 
    4.4229   137.7839 
    4.5606   139.1164 
    4.6984   141.2588 
    4.7535   142.2899 
    4.8361   143.4245 
    4.8637   143.9598 
    4.9463   146.3949 
    5.0015   149.3391 
