    0.1200     2.6227 
    0.1429     3.3931 
    0.1888     5.1788 
    0.2347     7.4067 
    0.2805     9.1441 
    0.3264    10.5600 
    0.3723    11.9527 
    0.3952    12.6512 
    0.4640    14.0415 
    0.5328    15.8374 
    0.5787    16.7700 
    0.6245    17.7312 
    0.6704    18.5213 
    0.7392    19.7076 
    0.8080    20.8667 
    0.8768    22.0754 
    0.9685    23.3037 
    0.9915    23.6290 
    1.1061    25.3175 
    1.2208    26.7807 
    1.3355    28.9066 
    1.4501    30.5580 
    1.5648    32.3203 
    1.6795    32.9763 
    1.7941    34.1152 
    1.9088    35.7749 
    2.0235    37.7684 
    2.1381    40.3733 
    2.2528    43.1620 
    2.3675    45.6091 
    2.4821    47.8845 
    2.5968    50.9481 
    2.7115    54.2933 
    2.8261    57.3333 
    2.9408    59.7129 
    2.9637    60.1140 
    2.9867    60.5039 
    3.0096    60.8706 
    3.0325    61.2173 
    3.0555    61.4981 
    3.0784    61.7581 
    3.1013    62.0181 
    3.1931    63.1637 
    3.2619    64.2454 
    3.3307    65.6002 
    3.3995    66.7468 
    3.4683    68.1746 
    3.5371    70.5469 
    3.6288    74.0725 
    3.6517    75.3814 
    3.7664    80.7781 
    3.8811    82.6223 
    3.9040    82.9956 
    3.9957    84.7436 
    4.0645    85.7862 
    4.1333    86.9050 
    4.1792    88.0903 
    4.2480    90.7057 
    4.3168    95.1532 
    4.3856    99.0580 
    4.4544   101.9816 
    4.5232   104.7683 
    4.5691   106.2203 
    4.6379   108.7221 
    4.7296   112.9442 
    4.7525   113.9871 
    4.8672   119.0373 
    4.9589   121.6754 
    5.0277   123.3598 
    5.1424   126.7681 
    5.1883   128.1659 
    5.3029   129.9662 
    5.3488   130.8336 
    5.4635   133.2268 
    5.5781   136.0185 
    5.6928   137.0961 
    5.7387   137.3145 
    5.8533   137.6613 
    5.8992   137.8341 
    6.0139   139.2553 
    6.0827   140.6424 
    6.1744   142.5487 
    6.2891   143.9353 
    6.3120   144.2816 
    6.3349   144.6660 
    6.3579   145.0558 
    6.3808   145.4583 
    6.4037   145.8748 
    6.4267   146.2907 
    6.4496   146.7599 
    6.4725   147.4010 
    6.4955   148.0509 
    6.5184   148.7243 
    6.5413   149.4180 
    6.5643   150.1776 
    6.5872   151.0079 
    6.6101   151.8759 
    6.6331   152.7420 
