    0.0900     0.0000 
    0.1011     1.2823 
    0.1121     1.8695 
    0.1232     2.5184 
    0.1563     4.7697 
    0.1784     6.7018 
    0.2115     9.4685 
    0.2447    11.5892 
    0.2668    12.9730 
    0.2889    14.3333 
    0.3221    16.4360 
    0.3552    18.3080 
    0.3773    19.5927 
    0.4104    21.8807 
    0.4215    22.6030 
    0.4436    25.2623 
    0.4657    28.6666 
    0.4768    29.9494 
    0.5099    33.1119 
    0.5320    33.7321 
    0.5652    36.0840 
    0.5762    36.7367 
    0.6314    40.7542 
    0.6756    43.7591 
    0.7198    46.4349 
    0.7641    49.5132 
    0.8083    53.1949 
    0.8525    56.8543 
    0.8966    59.6489 
    0.9408    61.3549 
    0.9850    62.4802 
    1.0403    63.9743 
    1.0514    64.4679 
    1.0956    66.8148 
    1.1398    70.4708 
    1.1840    77.6716 
    1.1950    79.8638 
    1.2392    82.4725 
    1.2724    83.6556 
    1.3276    85.0614 
    1.3607    85.8561 
    1.4049    87.2322 
    1.4602    90.0144 
    1.4712    91.0196 
    1.5155    97.7336 
    1.5597   102.3917 
    1.5707   103.2739 
    1.5818   104.1093 
    1.5928   104.8990 
    1.6481   108.3045 
    1.6923   111.9586 
    1.7254   115.3702 
    1.7807   120.4695 
    1.8359   124.4157 
    1.8912   129.7118 
    1.9243   132.3620 
    1.9685   136.1881 
    2.0127   137.4704 
    2.0680   139.9448 
    2.1232   143.2739 
    2.1343   143.8019 
    2.1785   146.9033 
    2.2226   152.6169 
