    0.0200     0.0000 
    0.0613     3.1666 
    0.0922     4.9321 
    0.1129     6.5881 
    0.1335     8.0933 
    0.1542     9.3771 
    0.1748    10.4083 
    0.1954    11.4581 
    0.2264    12.9689 
    0.2677    14.9378 
    0.3090    17.0078 
    0.3193    17.4090 
    0.3709    18.7785 
    0.4225    20.2250 
    0.4328    20.6057 
    0.4431    21.0437 
    0.4534    21.4863 
    0.4638    21.8281 
    0.4741    22.1358 
    0.4844    22.4298 
    0.4947    22.7238 
    0.5050    23.0199 
    0.5154    23.3814 
    0.5257    23.8468 
    0.5360    24.3785 
    0.5463    24.9112 
    0.5566    25.4279 
    0.5670    25.8757 
    0.5773    26.3211 
    0.5876    26.7884 
    0.5979    27.2403 
    0.6082    28.0951 
    0.6186    28.8016 
    0.6289    29.3567 
    0.6392    29.8512 
    0.6495    30.3297 
    0.6598    31.0647 
    0.6702    31.6789 
    0.6805    32.0858 
    0.7321    33.0545 
    0.7837    34.5680 
    0.8353    36.7143 
    0.8456    37.4330 
    0.8559    38.3477 
    0.8972    42.6002 
    0.9385    46.2931 
    0.9798    50.6144 
    1.0210    55.8032 
    1.0623    59.7574 
    1.1036    61.8471 
    1.1139    62.1724 
    1.1242    62.4435 
    1.1346    62.7038 
    1.1449    62.9941 
    1.1552    63.3195 
    1.1965    65.2353 
    1.2068    65.6335 
    1.2481    66.7105 
    1.2790    67.5365 
    1.3100    68.5500 
    1.3410    70.1371 
    1.3719    71.7638 
    1.4132    74.7982 
    1.4648    81.2421 
    1.4751    81.8013 
    1.5164    84.2843 
    1.5577    85.8895 
    1.5680    86.2157 
    1.6196    87.9455 
    1.6712    90.4836 
    1.6815    91.3700 
    1.7228    97.0218 
    1.7641   101.0590 
    1.7744   101.7910 
    1.7847   102.5231 
    1.8363   105.2148 
    1.8466   105.8157 
    1.8570   106.4803 
    1.8673   107.2312 
    1.8776   108.0176 
    1.9189   113.1234 
    1.9498   119.2210 
    1.9705   122.4726 
    1.9911   126.3580 
    2.0014   128.1055 
    2.0324   130.3651 
    2.0840   132.5065 
    2.1356   134.4446 
    2.1562   135.7459 
    2.2078   137.2185 
    2.2388   137.6565 
    2.2801   139.0663 
    2.3317   142.4447 
    2.3420   142.8900 
    2.3523   143.3239 
    2.3626   143.7575 
    2.4142   145.6632 
    2.4246   146.1839 
    2.4658   150.1776 
