    0.0100     0.0178 
    0.0635     2.8861 
    0.0902     3.9770 
    0.1169     4.8612 
    0.1971     7.5124 
    0.2239     8.4304 
    0.2506     9.2753 
    0.3041    11.4838 
    0.3575    14.1787 
    0.4110    16.8670 
    0.4377    17.7241 
    0.4645    18.2832 
    0.5447    19.3592 
    0.5981    19.8603 
    0.7318    21.1254 
    0.7853    21.7859 
    0.9189    23.5960 
    1.0526    25.2546 
    1.1328    26.2589 
    1.2130    27.4527 
    1.2932    28.9729 
    1.3734    30.2504 
    1.4536    31.1932 
    1.5338    32.0440 
    1.6140    32.7892 
    1.7209    34.1404 
    1.8546    35.8107 
    1.8813    36.1833 
    1.9081    36.6507 
    1.9348    37.1202 
    1.9615    37.5465 
    1.9883    37.9749 
    2.0150    38.5045 
    2.0417    39.1134 
    2.0685    39.6431 
    2.0952    40.1649 
    2.2021    42.7080 
    2.2289    43.2224 
    2.2556    43.7368 
    2.2823    44.2513 
    2.4160    46.3090 
    2.5497    48.3667 
    2.6833    50.4245 
    2.8170    52.4822 
    2.9507    54.5399 
    3.0843    56.5977 
    3.2180    58.6554 
    3.2447    59.1698 
    3.2715    59.6843 
    3.3784    62.2564 
    3.4051    62.7709 
    3.5388    64.8286 
    3.6725    66.8863 
    3.8061    68.9441 
    3.9398    71.0018 
    3.9665    71.5162 
    4.0735    74.0884 
    4.1537    76.1461 
    4.2339    78.5399 
    4.3141    81.0033 
    4.4210    84.0827 
    4.5279    86.1317 
    4.5547    86.4541 
    4.5814    86.7765 
    4.6081    87.0988 
    4.7418    89.0070 
    4.8755    91.0647 
    4.9022    91.5791 
    4.9289    92.0936 
    5.0359    94.6657 
    5.1161    96.7235 
    5.1695    98.2668 
    5.2230    99.8038 
    5.2765   101.1053 
    5.3299   102.4078 
    5.4101   104.1430 
    5.4903   105.9623 
    5.5705   107.8628 
    5.6507   109.8065 
    5.7309   111.9673 
    5.8111   114.1782 
    5.8646   115.8359 
    5.9448   118.6001 
    5.9715   119.7045 
    6.0250   122.4687 
    6.0785   125.2319 
    6.1319   127.9950 
    6.1854   130.6760 
    6.2389   133.2480 
    6.2923   135.8200 
    6.3191   136.8490 
    6.3725   138.3930 
    6.3993   138.9070 
    6.5329   140.9650 
    6.6666   143.0220 
    6.8003   145.0800 
    6.9072   146.6230 
    7.0141   148.1670 
    7.1211   149.7100 
    7.2280   151.2530 
    7.3349   152.7970 
