    0.2404     0.0212 
    0.2868     1.7406 
    0.3448     3.6653 
    0.4028     5.4573 
    0.4608     7.5013 
    0.5188     9.7905 
    0.5768    12.1288 
    0.6348    14.0202 
    0.6464    14.6264 
    0.6580    15.1652 
    0.6696    15.6887 
    0.7160    17.8146 
    0.7276    18.2078 
    0.7392    18.6541 
    0.7508    19.1505 
    0.7624    19.6447 
    0.7740    20.1518 
    0.7856    20.6682 
    0.8436    22.8815 
    0.8552    23.5109 
    0.9016    27.3227 
    0.9132    28.1340 
    0.9480    29.3925 
    0.9712    29.8289 
    1.0292    30.4752 
    1.0872    31.0690 
    1.1104    31.3992 
    1.1684    32.4495 
    1.2032    33.4482 
    1.2496    34.9915 
    1.2612    35.5059 
    1.2728    36.0203 
    1.2844    36.5348 
    1.3308    39.1069 
    1.3424    39.6214 
    1.3540    40.1358 
    1.4120    42.1935 
    1.4700    44.2513 
    1.4816    44.7657 
    1.4932    45.2801 
    1.5280    47.3379 
    1.5512    48.8812 
    1.5860    51.4533 
    1.6208    54.0255 
    1.6324    55.0544 
    1.6556    57.6265 
    1.6788    60.1987 
    1.6904    61.2276 
    1.7136    62.7709 
    1.7252    63.2853 
    1.7600    64.3142 
    1.8180    65.3430 
    1.8412    65.8575 
    1.8760    66.8863 
    1.9224    68.4296 
    1.9340    68.9441 
    1.9804    71.5162 
    1.9920    72.0307 
    2.0036    72.5451 
    2.0152    73.0595 
    2.0268    73.5740 
    2.0384    74.0884 
    2.0848    76.6923 
    2.1196    79.1557 
    2.1428    81.0033 
    2.1544    82.2351 
    2.1776    85.1646 
    2.2008    86.1317 
    2.2356    87.4637 
    2.2472    87.9781 
    2.3052    90.0358 
    2.3632    92.0936 
    2.4212    94.1513 
    2.4328    94.6657 
    2.4676    96.7235 
    2.4908    98.2668 
    2.5256   100.6718 
    2.5372   101.5398 
    2.5604   103.7094 
    2.5836   105.9623 
    2.6068   108.3375 
    2.6300   110.8618 
    2.6532   113.6260 
    2.6764   116.3892 
    2.6996   119.1523 
    2.7228   121.9155 
    2.7460   124.6786 
    2.7692   127.4418 
    2.7808   128.5472 
    2.8040   130.1620 
    2.8156   130.6760 
    2.8272   131.1900 
    2.8388   131.7050 
    2.8504   132.2190 
    2.8620   132.7340 
    2.9200   134.7920 
    2.9780   136.8490 
    3.0244   138.3930 
    3.0708   139.9360 
    3.1172   141.4790 
    3.1636   143.0220 
    3.2100   144.5660 
    3.2564   146.1090 
    3.3028   147.6520 
    3.3492   149.1960 
    3.3956   150.7390 
    3.4420   152.2820 
