    0.1100     0.0178 
    0.1499     2.8861 
    0.1897     5.3589 
    0.2097     6.3587 
    0.2296     7.5124 
    0.2894     9.7435 
    0.3293    10.9916 
    0.3891    13.0561 
    0.4090    13.5932 
    0.4688    14.8349 
    0.5087    15.4852 
    0.6083    16.5018 
    0.6482    16.8670 
    0.7080    17.7241 
    0.7877    19.3592 
    0.8077    19.8603 
    0.8276    20.4197 
    0.8475    21.1254 
    0.8675    21.7859 
    0.8874    22.4180 
    0.9871    24.6956 
    1.0867    26.8453 
    1.1864    29.6505 
    1.2063    30.2504 
    1.2263    30.7733 
    1.2462    31.1932 
    1.2661    31.6203 
    1.2861    32.0440 
    1.3060    32.4199 
    1.3259    32.7892 
    1.3459    33.2532 
    1.4256    35.3267 
    1.5053    37.5465 
    1.5851    40.1649 
    1.6050    40.6502 
    1.6249    41.1647 
    1.6449    41.6791 
    1.6648    42.1935 
    1.6847    42.7080 
    1.7047    43.2224 
    1.7246    43.7368 
    1.7445    44.2513 
    1.7645    44.7657 
    1.7844    45.2801 
    1.8043    45.7946 
    1.8243    46.3090 
    1.8442    46.8234 
    1.8641    47.3379 
    1.8841    47.8523 
    1.9040    48.3667 
    1.9239    48.8812 
    1.9439    49.3956 
    1.9638    49.9100 
    1.9837    50.4245 
    2.0037    50.9389 
    2.0236    51.4533 
    2.0435    51.9678 
    2.0635    52.4822 
    2.0834    52.9966 
    2.1033    53.5111 
    2.1233    54.0255 
    2.2229    56.0832 
    2.3226    58.1410 
    2.4023    59.6843 
    2.4621    60.7131 
    2.5618    62.2564 
    2.6615    63.7997 
    2.7611    65.3430 
    2.8608    66.8863 
    2.9206    67.9152 
    2.9804    68.9441 
    3.0601    70.4874 
    3.1598    72.5451 
    3.1797    73.0595 
    3.2595    75.6317 
    3.3193    77.9239 
    3.3591    79.7715 
    3.3990    81.6192 
    3.4389    83.4668 
    3.4787    85.1646 
    3.5385    86.4541 
    3.6183    88.4925 
    3.6980    91.0647 
    3.7777    93.6369 
    3.8575    96.2090 
    3.9372    98.7812 
    4.0169   101.1053 
    4.0967   103.2758 
    4.1764   105.4876 
    4.1963   105.9623 
    4.2163   106.4379 
    4.2362   106.9125 
    4.2561   107.3872 
    4.3558   109.3147 
    4.4555   111.4151 
    4.4754   111.9673 
    4.5551   114.7304 
    4.6149   116.9414 
    4.6548   118.6001 
    4.7146   121.3633 
    4.7345   122.4687 
    4.7744   125.2319 
    4.8143   127.9950 
    4.8541   130.6760 
    4.8940   133.2480 
    4.9139   134.2770 
    4.9538   135.8200 
    4.9737   136.3350 
    5.0335   137.3640 
    5.1332   138.9070 
    5.2329   140.4500 
    5.3325   141.9940 
    5.4322   143.5370 
    5.5319   145.0800 
    5.6315   146.6230 
    5.7312   148.1670 
    5.7910   149.1960 
    5.8508   150.2250 
    5.9106   151.2530 
    5.9704   152.2820 
    6.0302   153.3110 
