    0.0400     0.0178 
    0.1100     2.8861 
    0.1800     5.3589 
    0.2500     8.0013 
    0.3200    10.1601 
    0.3667    11.4838 
    0.3900    11.9782 
    0.4833    13.5932 
    0.6000    16.0544 
    0.6233    16.5018 
    0.7167    18.8206 
    0.7400    19.3592 
    0.8567    21.7859 
    0.9733    24.1589 
    1.0900    26.2589 
    1.1133    26.8453 
    1.1367    27.4527 
    1.1600    28.1835 
    1.1833    28.9729 
    1.2067    29.6505 
    1.2300    30.2504 
    1.2533    30.7733 
    1.2767    31.1932 
    1.3000    31.6203 
    1.3233    32.0440 
    1.3467    32.4199 
    1.3700    32.7892 
    1.4633    34.9633 
    1.5567    37.1202 
    1.6500    39.6431 
    1.6733    40.1649 
    1.6967    40.6502 
    1.8133    42.7080 
    1.9300    44.7657 
    1.9533    45.2801 
    1.9767    45.7946 
    2.0000    46.3090 
    2.0233    46.8234 
    2.0467    47.3379 
    2.0700    47.8523 
    2.0933    48.3667 
    2.1167    48.8812 
    2.1400    49.3956 
    2.1633    49.9100 
    2.1867    50.4245 
    2.2100    50.9389 
    2.2333    51.4533 
    2.2567    51.9678 
    2.3733    54.0255 
    2.4900    56.0832 
    2.6067    58.1410 
    2.7233    60.1987 
    2.8400    62.2564 
    2.9567    64.3142 
    3.0733    66.3719 
    3.0967    66.8863 
    3.1900    69.4585 
    3.2600    71.5162 
    3.3067    73.0595 
    3.3767    75.6317 
    3.4467    78.5399 
    3.4933    80.3875 
    3.5633    82.8509 
    3.6567    85.4870 
    3.7500    87.0988 
    3.8433    89.5214 
    3.9367    92.0936 
    4.0300    94.6657 
    4.0533    95.1802 
    4.0767    95.6946 
    4.1000    96.2090 
    4.1233    96.7235 
    4.1467    97.2379 
    4.1700    97.7523 
    4.1933    98.2668 
    4.2167    98.7812 
    4.2400    99.2956 
    4.2633    99.8038 
    4.2867   100.2382 
    4.3100   100.6718 
    4.3333   101.1053 
    4.3567   101.5398 
    4.3800   101.9733 
    4.4033   102.4078 
    4.4967   104.5774 
    4.5667   106.4379 
    4.6367   108.3375 
    4.7067   110.3096 
    4.7767   112.5205 
    4.8467   114.7304 
    4.9167   116.9414 
    4.9867   119.1523 
    5.0333   120.8100 
    5.1033   123.5731 
    5.1267   124.6786 
    5.1733   127.4418 
    5.2200   130.1620 
    5.2667   132.7340 
    5.3133   135.3060 
    5.3600   137.8780 
    5.4067   140.4500 
    5.4300   141.4790 
    5.5000   144.0510 
    5.5700   146.6230 
    5.6400   149.1960 
    5.7100   151.7680 
