    0.0100     0.0212 
    0.4682     1.7406 
    0.9263     3.1516 
    1.2012     4.1527 
    1.5678     5.4573 
    2.0259     7.5013 
    2.4841     9.7905 
    2.9423    12.1288 
    3.0339    13.0438 
    3.2172    15.6887 
    3.3088    17.1001 
    3.4004    18.2078 
    3.4921    19.1505 
    3.5837    19.6447 
    3.8586    20.6682 
    4.3168    22.2782 
    4.6833    24.1945 
    5.1415    27.3227 
    5.2331    28.1340 
    5.3247    28.8660 
    5.4164    29.3925 
    5.5080    29.8289 
    5.9662    31.0690 
    6.3327    32.1273 
    6.6076    32.9337 
    6.7909    33.4482 
    6.9741    33.9626 
    7.4323    34.9915 
    7.8905    36.0203 
    8.0737    36.5348 
    8.2570    37.0492 
    8.7152    38.5925 
    8.9901    39.6214 
    9.4482    41.6791 
    9.5399    42.1935 
    9.8148    44.2513 
   10.0897    46.8234 
   10.2729    48.3667 
   10.3646    48.8812 
   10.6395    49.9100 
   11.0976    51.4533 
   11.3725    52.4822 
   11.7391    54.0255 
   11.8307    54.5399 
   11.9223    55.0544 
   12.0140    55.5688 
   12.2889    57.6265 
   12.4721    59.1698 
   12.5638    60.1987 
   12.7470    62.7709 
   12.8387    63.7997 
   12.9303    64.8286 
   13.2052    67.4008 
   13.4801    69.9729 
   13.5717    71.0018 
   13.6634    72.5451 
   13.7550    73.5740 
   13.8466    74.6028 
   14.0299    76.1461 
   14.2132    77.9239 
   14.4881    80.3875 
   14.6713    82.2351 
   14.7630    83.4668 
   14.8546    85.1646 
   14.9462    86.1317 
   15.1295    87.0988 
   15.2211    87.4637 
   15.6793    89.5214 
   16.1375    91.5791 
   16.2291    92.0936 
   16.5956    94.6657 
   16.8705    96.7235 
   17.0538    98.2668 
   17.1454    99.2956 
   17.3287   101.5398 
   17.4203   102.4078 
   17.6036   104.5774 
   17.7869   106.9125 
   17.8785   107.8628 
   18.1534   110.3096 
   18.3367   111.9673 
   18.6116   114.1782 
   18.7032   114.7304 
   19.1614   116.9414 
   19.6195   119.1523 
   19.7112   119.7045 
   20.0777   122.4687 
   20.3526   124.6786 
   20.5359   126.3374 
   20.8108   129.1005 
   21.0857   131.7050 
   21.2689   133.2480 
   21.4522   134.7920 
   21.6355   136.3350 
   21.9104   138.3930 
   22.0020   138.9070 
   22.3685   140.4500 
   22.6434   141.4790 
   23.1016   143.0220 
   23.5598   144.5660 
   24.0179   146.1090 
   24.2012   146.6230 
   24.3845   147.1380 
   24.5677   147.6520 
   24.7510   148.1670 
   25.2092   149.1960 
   25.6673   150.2250 
   26.1255   151.2530 
   26.5837   152.2820 
   27.0418   153.3110 
