    0.1100     0.0178 
    0.1493     2.8861 
    0.1885     5.3589 
    0.2278     8.0013 
    0.2671    10.1601 
    0.2867    10.9916 
    0.3063    11.9782 
    0.3456    13.5932 
    0.3652    14.1787 
    0.4438    16.0544 
    0.5027    16.8670 
    0.5616    17.7241 
    0.6597    19.3592 
    0.7579    21.1254 
    0.8168    22.4180 
    0.8953    24.1589 
    0.9935    26.2589 
    1.0131    26.8453 
    1.0328    27.4527 
    1.0524    28.1835 
    1.0720    28.9729 
    1.0917    29.6505 
    1.1113    30.2504 
    1.1309    30.7733 
    1.1506    31.1932 
    1.1702    31.6203 
    1.1898    32.0440 
    1.2095    32.4199 
    1.2291    32.7892 
    1.2487    33.2532 
    1.2684    33.6703 
    1.2880    34.1404 
    1.3076    34.5917 
    1.3273    34.9633 
    1.3469    35.3267 
    1.4451    37.1202 
    1.5432    39.1134 
    1.6414    41.1647 
    1.7396    43.2224 
    1.8377    45.2801 
    1.9359    47.3379 
    2.0341    49.3956 
    2.1322    51.4533 
    2.1519    51.9678 
    2.1715    52.4822 
    2.1911    52.9966 
    2.2108    53.5111 
    2.2304    54.0255 
    2.2500    54.5399 
    2.2697    55.0544 
    2.2893    55.5688 
    2.3089    56.0832 
    2.3286    56.5977 
    2.3482    57.1121 
    2.3678    57.6265 
    2.3875    58.1410 
    2.4071    58.6554 
    2.4267    59.1698 
    2.4464    59.6843 
    2.5445    61.7420 
    2.6231    63.2853 
    2.7016    64.8286 
    2.7801    66.3719 
    2.8587    67.9152 
    2.9372    69.4585 
    3.0354    71.5162 
    3.0550    72.0307 
    3.1335    74.6028 
    3.1924    76.6923 
    3.2317    78.5399 
    3.2710    80.3875 
    3.3102    82.2351 
    3.3691    84.6985 
    3.4477    86.4541 
    3.4673    86.7765 
    3.5655    88.4925 
    3.6636    90.5503 
    3.7618    92.6080 
    3.7814    93.1224 
    3.8011    93.6369 
    3.8207    94.1513 
    3.8992    96.7235 
    3.9778    99.2956 
    4.0563   101.5398 
    4.0759   101.9733 
    4.1741   103.7094 
    4.1937   104.1430 
    4.2134   104.5774 
    4.2330   105.0120 
    4.2526   105.4876 
    4.2723   105.9623 
    4.2919   106.4379 
    4.3115   106.9125 
    4.3312   107.3872 
    4.4293   109.3147 
    4.5275   111.4151 
    4.5471   111.9673 
    4.5668   112.5205 
    4.6453   115.2837 
    4.7042   117.4946 
    4.7435   119.1523 
    4.8024   121.9155 
    4.8220   123.0209 
    4.8613   125.7841 
    4.9005   128.5472 
    4.9202   129.6470 
    4.9791   132.2190 
    5.0183   133.7630 
    5.0772   135.8200 
    5.0969   136.3350 
    5.1165   136.8490 
    5.1361   137.3640 
    5.1558   137.8780 
    5.2539   139.9360 
    5.3521   141.9940 
    5.4503   144.0510 
    5.5484   146.1090 
    5.6466   148.1670 
    5.7448   150.2250 
    5.8429   152.2820 
