    0.0200     0.0178 
    0.0729     2.8861 
    0.1257     5.3589 
    0.1786     8.0013 
    0.2315    10.1601 
    0.2579    10.9916 
    0.3372    13.5932 
    0.3901    15.4852 
    0.4694    17.2413 
    0.4958    17.7241 
    0.6280    19.8603 
    0.7337    21.7859 
    0.8130    22.9953 
    0.9452    24.6956 
    1.0773    26.2589 
    1.1566    27.4527 
    1.2624    29.6505 
    1.3681    31.1932 
    1.4738    32.4199 
    1.5796    33.6703 
    1.7117    35.3267 
    1.7382    35.8107 
    1.8439    37.9749 
    1.8703    38.5045 
    1.8968    39.1134 
    1.9232    39.6431 
    1.9496    40.1649 
    1.9761    40.6502 
    2.0025    41.1647 
    2.0289    41.6791 
    2.0554    42.1935 
    2.0818    42.7080 
    2.1082    43.2224 
    2.1347    43.7368 
    2.1611    44.2513 
    2.1875    44.7657 
    2.2140    45.2801 
    2.2404    45.7946 
    2.2668    46.3090 
    2.2933    46.8234 
    2.3197    47.3379 
    2.3461    47.8523 
    2.4783    49.9100 
    2.6105    51.9678 
    2.7426    54.0255 
    2.7691    54.5399 
    2.7955    55.0544 
    2.9012    57.6265 
    3.0070    60.1987 
    3.0334    60.7131 
    3.0598    61.2276 
    3.1920    63.2853 
    3.3242    65.3430 
    3.4563    67.4008 
    3.5885    69.4585 
    3.7207    71.5162 
    3.7471    72.0307 
    3.7735    72.5451 
    3.8793    75.1173 
    3.9850    77.9239 
    4.0643    80.3875 
    4.1436    82.8509 
    4.2229    85.1646 
    4.3022    86.4541 
    4.3815    87.9781 
    4.4608    90.0358 
    4.5401    92.0936 
    4.6194    94.1513 
    4.6723    95.6946 
    4.7516    98.2668 
    4.7780    99.2956 
    4.8309   101.5398 
    4.8573   102.4078 
    4.9102   103.7094 
    4.9366   104.1430 
    5.0423   105.4876 
    5.1216   106.4379 
    5.2538   107.8628 
    5.3860   109.3147 
    5.5181   110.8618 
    5.6239   112.5205 
    5.6503   113.0727 
    5.7296   115.2837 
    5.7825   116.9414 
    5.8089   118.0468 
    5.8618   120.8100 
    5.9146   123.5731 
    5.9675   126.3374 
    6.0204   129.1005 
    6.0732   131.7050 
    6.0997   132.7340 
    6.1525   134.2770 
    6.2318   136.3350 
    6.2583   136.8490 
    6.3904   138.9070 
    6.5226   140.9650 
    6.6548   143.0220 
    6.7869   145.0800 
    6.9191   147.1380 
    6.9455   147.6520 
    6.9720   148.1670 
    6.9984   148.6810 
    7.0248   149.1960 
    7.0513   149.7100 
    7.0777   150.2250 
    7.2099   152.2820 
