    0.0100     0.0178 
    0.0284     0.1993 
    0.0468     0.3808 
    0.0651     0.5622 
    0.0835     0.7437 
    0.1754     1.1111 
    0.2673     1.4465 
    0.3592     1.8498 
    0.3776     1.9622 
    0.3960     2.0746 
    0.4144     2.1870 
    0.4879     2.7491 
    0.5614     3.3090 
    0.6349     3.8606 
    0.7084     4.2885 
    0.7268     4.3748 
    0.8187     4.7211 
    0.9106     5.1220 
    1.0025     5.5064 
    1.0944     5.8945 
    1.1863     6.3012 
    1.2782     6.7375 
    1.3701     7.2284 
    1.3885     7.3428 
    1.4069     7.4473 
    1.4804     7.9431 
    1.5539     8.3716 
    1.6274     8.7766 
    1.6458     8.8546 
    1.7010     9.0105 
    1.7377     9.1033 
    1.8296     9.2944 
    1.9215     9.4855 
    2.0134     9.6670 
    2.1053     9.8482 
    2.1972    10.0150 
    2.2891    10.1686 
    2.3810    10.3223 
    2.4729    10.4789 
    2.5648    10.6355 
    2.6567    10.8092 
    2.7486    10.9936 
    2.8405    11.1807 
    2.8773    11.2809 
    2.9324    11.4815 
    3.0059    11.7776 
    3.0978    12.1700 
    3.1162    12.2751 
    3.1346    12.3803 
    3.1530    12.4855 
    3.1714    12.5906 
    3.2633    13.0385 
    3.3552    13.4675 
    3.4471    13.9120 
    3.5390    14.3996 
    3.6309    14.9290 
    3.6492    15.0572 
    3.6676    15.1856 
    3.6860    15.3140 
    3.7044    15.4424 
    3.7595    15.9016 
    3.7963    16.2051 
    3.8147    16.3785 
    3.8514    16.7620 
    3.8882    17.1289 
    3.9066    17.2879 
    3.9433    17.5735 
    3.9617    17.6687 
    4.0536    18.1067 
    4.1271    18.4321 
    4.2006    18.7514 
    4.2742    19.0745 
    4.3477    19.3898 
    4.4212    19.6852 
    4.4763    19.8882 
    4.5315    20.0972 
    4.5866    20.3093 
    4.6418    20.5932 
    4.6969    20.8772 
    4.7520    21.1487 
    4.8072    21.4113 
    4.8623    21.6736 
    4.9175    21.9328 
    4.9726    22.1921 
    5.0277    22.4281 
    5.0829    22.6532 
    5.1380    22.8814 
    5.1932    23.1195 
    5.2851    23.4769 
    5.3218    23.5960 
    5.4137    23.8341 
    5.5056    24.0577 
    5.5975    24.2515 
    5.6894    24.4455 
    5.7813    24.6846 
    5.8732    24.9299 
    5.9100    25.0526 
    6.0019    25.3348 
    6.0754    25.6146 
    6.0938    25.7091 
    6.1305    25.9938 
    6.1489    26.2323 
    6.1857    26.8151 
    6.2041    27.1577 
    6.2224    27.5406 
    6.2408    27.9667 
    6.2592    28.4462 
    6.2776    28.9113 
    6.2960    29.3553 
    6.3143    29.7175 
    6.3327    30.0750 
    6.3695    30.6262 
    6.3879    30.8180 
    6.4430    31.2258 
    6.4981    31.6533 
    6.5533    32.0714 
    6.6084    32.4407 
    6.6636    32.8071 
    6.7187    33.2723 
    6.7738    33.6828 
    6.8106    33.9607 
    6.8474    34.2422 
    6.9025    34.5976 
    6.9576    34.8925 
    7.0128    35.1810 
    7.0679    35.5157 
    7.1231    35.8789 
    7.1782    36.1729 
    7.2333    36.5432 
    7.3069    37.0119 
    7.3804    37.4427 
    7.3988    37.5264 
    7.4171    37.6085 
    7.5090    37.9457 
    7.6009    38.3481 
    7.6928    38.8381 
    7.7847    39.2819 
    7.8766    39.7057 
    7.8950    39.8143 
    7.9134    39.9229 
    7.9318    40.0272 
    7.9502    40.1210 
    7.9685    40.2148 
    7.9869    40.3087 
    8.0053    40.4026 
    8.0237    40.4964 
    8.0421    40.5980 
    8.1156    41.1079 
    8.1707    41.5159 
    8.2075    41.8218 
    8.2626    42.3317 
    8.3178    42.8416 
    8.3729    43.3515 
    8.4280    43.8614 
    8.4832    44.3713 
    8.5383    44.8812 
    8.5935    45.3911 
    8.6486    45.9010 
    8.7037    46.4109 
    8.7589    46.9208 
    8.8140    47.4307 
    8.8692    47.9406 
    8.9243    48.4505 
    8.9794    48.9604 
    9.0721    49.3956 
    9.3387    50.9389 
    9.5386    51.9678 
    9.7385    52.9966 
    9.9384    54.0255 
   10.1383    55.0544 
   10.4048    56.5977 
   10.4714    57.1121 
   10.5381    57.6265 
   10.6713    59.1698 
   10.8046    61.7420 
   10.8712    62.7709 
   11.0711    65.3430 
   11.2044    66.8863 
   11.3377    68.4296 
   11.4709    69.9729 
   11.6042    71.5162 
   11.7375    73.0595 
   11.8707    74.6028 
   12.0706    77.3081 
   12.1373    78.5399 
   12.2039    79.7715 
   12.2705    81.0033 
   12.3372    82.2351 
   12.4704    85.1646 
   12.5371    86.1317 
   12.6037    87.0988 
   12.7370    89.5214 
   12.8036    91.0647 
   12.8702    92.6080 
   12.9369    94.1513 
   13.0035    95.6946 
   13.0701    97.2379 
   13.1368    98.7812 
   13.2034   100.2382 
   13.2700   101.5398 
   13.3367   102.8414 
   13.4699   105.0120 
   13.5366   105.9623 
   13.6032   106.9125 
   13.7365   108.3375 
   13.8031   108.8238 
   14.0696   110.3096 
   14.2695   111.4151 
   14.6027   113.0727 
   14.9359   114.7304 
   15.0691   115.2837 
   15.4023   116.3892 
   15.5356   116.9414 
   15.8687   118.6001 
   16.0686   119.7045 
   16.3352   121.3633 
   16.4018   121.9155 
   16.6017   124.1264 
   16.7350   125.7841 
   16.9349   128.5472 
   17.1348   131.1900 
   17.3347   133.7630 
   17.5346   136.3350 
   17.6678   137.8780 
   17.7345   138.3930 
   18.0676   140.4500 
   18.4008   142.5080 
   18.7340   144.5660 
   19.0671   146.6230 
   19.3337   149.1960 
   19.6002   151.7680 
