    0.3000     0.0000 
    0.4212     1.4190 
    0.5424     2.0941 
    0.6636     2.8403 
    0.7848     3.5502 
    0.9060     4.2570 
    1.3908     7.8341 
    1.6332     9.6036 
    1.7544    10.5994 
    1.9968    13.2222 
    2.1180    14.9495 
    2.2392    16.7390 
    2.3604    17.8857 
    2.6028    19.3724 
    2.9664    21.5739 
    3.0876    22.0452 
    3.5724    23.3814 
    3.9360    24.8432 
    4.1784    25.5822 
    4.7844    26.8695 
    5.3904    28.8316 
    5.9964    30.2929 
    6.3600    31.3562 
