    0.0200     1.0576 
    0.1037     1.4220 
    0.1874     1.9088 
    0.2711     2.4780 
    0.3548     3.0745 
    0.4385     3.7031 
    0.5222     4.2888 
    0.6059     4.8326 
    0.6617     5.2258 
    0.7175     5.6056 
    0.7733     6.0128 
    0.8570     6.8119 
    0.9407     7.7000 
    1.0244     8.6094 
    1.0523     8.9517 
    1.0802     9.2874 
    1.1081     9.6271 
    1.1639    10.4569 
    1.2197    11.4147 
    1.2755    12.2820 
    1.3313    12.9700 
    1.3871    13.6605 
    1.4429    14.5616 
    1.4987    15.3879 
    1.5266    15.7086 
    1.5824    16.1808 
    1.6103    16.3301 
    1.7498    16.8843 
    1.8335    17.1381 
    1.8893    17.2503 
    2.0288    17.4745 
    2.0846    17.5801 
    2.2241    17.9093 
    2.3636    18.2790 
    2.5031    18.5493 
    2.5868    18.6937 
    2.7263    18.9979 
    2.8658    19.3003 
    2.9216    19.4510 
    2.9774    19.6025 
    3.1169    20.0670 
    3.2564    20.5391 
    3.3959    21.0216 
    3.4517    21.1825 
    3.5075    21.3432 
    3.6470    21.6669 
    3.7865    21.9973 
    3.9260    22.3505 
    4.0655    22.7165 
    4.2050    23.0957 
    4.2608    23.2853 
    4.4003    23.8817 
    4.4840    24.3302 
    4.5956    25.0227 
    4.7351    25.9634 
    4.7630    26.2053 
    4.8746    27.4483 
    4.9583    28.4644 
    5.0420    29.2189 
    5.1257    29.7591 
    5.2094    30.2008 
    5.2931    30.5572 
    5.3768    30.9133 
    5.4326    31.2083 
    5.4884    31.5183 
    5.5442    31.8525 
    5.6000    32.1869 
