    0.0100     0.0136 
    0.0648     4.3337 
    0.1196     8.1787 
    0.1333     8.8242 
    0.1470     9.3818 
    0.2018    11.1453 
    0.2703    14.0270 
    0.2977    14.7171 
    0.3662    16.0429 
    0.4347    17.8577 
    0.4758    18.5914 
    0.5169    19.3710 
    0.5580    20.1323 
    0.5991    20.8824 
    0.6402    21.6909 
    0.6813    22.4845 
    0.7224    23.1469 
    0.7909    24.9770 
    0.8320    26.3048 
    0.9005    28.7783 
    0.9279    29.9593 
    0.9553    30.7968 
    0.9964    32.1790 
    1.0101    32.8868 
    1.0512    36.0077 
    1.0923    38.3459 
    1.1060    39.2896 
    1.1334    43.2224 
    1.1608    47.0807 
    1.1882    50.9389 
    1.2156    54.7971 
    1.2430    58.6554 
    1.2704    62.5136 
    1.2978    66.3719 
    1.3252    70.2302 
    1.3389    71.7735 
    1.3526    73.3168 
    1.3937    77.3081 
    1.4211    81.9272 
    1.4348    84.6985 
    1.4622    87.2601 
    1.4759    88.7498 
    1.4896    90.2931 
    1.5033    91.8364 
    1.5170    93.3797 
    1.5307    94.9230 
    1.5581    98.7812 
    1.5718   100.8885 
    1.5855   102.8414 
    1.5992   104.7942 
    1.6129   106.1996 
    1.6540   109.8065 
    1.6814   112.2444 
    1.7225   115.5598 
    1.7773   119.7045 
    1.7910   120.5339 
    1.8047   121.3633 
    1.8732   124.6786 
    1.9280   127.1657 
    1.9691   128.8244 
    1.9965   129.6470 
    2.0650   131.1900 
    2.1061   131.9620 
    2.1472   132.7340 
    2.1883   133.5050 
    2.2294   134.2770 
    2.2705   135.0490 
    2.3116   135.8200 
    2.3527   136.5920 
    2.3938   137.3640 
    2.4349   138.1350 
    2.4760   138.9070 
    2.5171   139.6790 
    2.5445   140.4500 
    2.5856   141.9940 
    2.5993   142.7650 
    2.6541   146.6240 
    2.6952   149.7100 
    2.7226   152.0250 
