    0.0000     0.0136 
    0.0217     2.1183 
    0.0433     3.5026 
    0.0650     5.2014 
    0.0867     6.6838 
    0.1083     8.1787 
    0.1300     9.3818 
    0.1517    10.4859 
    0.1733    12.0025 
    0.1950    13.4482 
    0.2383    14.9157 
    0.2600    15.4251 
    0.3250    16.2612 
    0.3683    16.8632 
    0.4117    17.5501 
    0.5200    18.5914 
    0.5850    19.1065 
    0.6500    19.6330 
    0.7583    20.6000 
    0.8667    21.6909 
    0.9750    22.7209 
    1.0183    23.1469 
    1.1267    24.9770 
    1.1917    26.7021 
    1.2783    29.2277 
    1.3000    29.9593 
    1.3650    31.9500 
    1.4083    33.8802 
    1.4733    35.6535 
    1.4950    36.0077 
    1.5817    37.0889 
    1.6900    38.2055 
    1.7333    38.1941 
    1.8417    38.7388 
    1.9500    39.6214 
    2.0583    40.6502 
    2.1667    41.6791 
    2.2750    42.7080 
    2.3833    43.7368 
    2.4917    44.7657 
    2.6000    45.7946 
    2.7083    46.8234 
    2.8167    47.8523 
    2.9250    48.8812 
    3.0333    49.9100 
    3.0767    50.4245 
    3.1850    51.9678 
    3.2933    53.5111 
    3.4017    55.0544 
    3.5100    56.5977 
    3.5750    57.6265 
    3.6617    59.1698 
    3.7483    60.7131 
    3.8350    62.2564 
    3.9217    63.7997 
    4.0300    65.8575 
    4.1383    67.9152 
    4.2467    69.9729 
    4.2683    70.4874 
    4.3550    73.0595 
    4.4200    75.1173 
    4.4633    76.6923 
    4.5067    78.5399 
    4.5500    80.3875 
    4.5933    82.2351 
    4.6367    84.0827 
    4.7017    86.1317 
    4.7667    87.9781 
    4.8317    90.5503 
    4.8967    93.1224 
    4.9183    94.1513 
    4.9617    96.7235 
    5.0050    99.2956 
    5.0483   101.5398 
    5.0917   103.7094 
    5.1350   105.9623 
    5.1783   108.3375 
    5.2217   110.8618 
    5.2433   111.9673 
    5.3083   114.7304 
    5.3733   117.4946 
    5.3950   118.6001 
    5.4383   121.3633 
    5.4600   123.0209 
    5.4817   124.6786 
    5.5033   126.3374 
    5.5250   127.9950 
    5.5467   129.6470 
    5.5683   131.1900 
    5.6117   133.7630 
    5.6333   134.7920 
    5.6767   136.3350 
    5.6983   136.8490 
    5.7200   137.3640 
    5.7417   137.8780 
    5.7633   138.3930 
    5.8500   140.9650 
    5.9367   143.5370 
    5.9583   144.0510 
    6.0667   146.1090 
    6.1750   148.1670 
    6.2833   150.2250 
    6.3917   152.2820 
