    0.0700     0.0136 
    0.0995     3.1440 
    0.1291     5.6985 
    0.1586     8.1787 
    0.1734     9.0149 
    0.2177    10.9094 
    0.2620    13.4482 
    0.2767    14.0270 
    0.2915    14.5061 
    0.3063    14.9157 
    0.3210    15.4251 
    0.3949    17.5501 
    0.4539    19.1065 
    0.4982    20.1323 
    0.5721    21.6909 
    0.6459    23.1469 
    0.6754    23.6044 
    0.7493    24.9770 
    0.8231    26.7021 
    0.8969    28.3556 
    0.9265    29.2277 
    1.0003    31.0386 
    1.0741    32.4195 
    1.1184    33.8802 
    1.1775    35.2529 
    1.2513    36.7212 
    1.2661    37.0889 
    1.3104    38.1941 
    1.3399    38.9710 
    1.3842    41.6791 
    1.4285    44.2513 
    1.4728    46.8234 
    1.5171    49.3956 
    1.5467    50.9389 
    1.5910    52.9966 
    1.6353    55.0544 
    1.6943    57.6265 
    1.7091    58.1410 
    1.7682    59.6843 
    1.8125    60.7131 
    1.8863    62.2564 
    1.9158    62.7709 
    1.9897    63.7997 
    2.0635    64.8286 
    2.1373    65.8575 
    2.2112    66.8863 
    2.2407    67.4008 
    2.3145    68.9441 
    2.3736    70.4874 
    2.3884    71.0018 
    2.4327    73.0595 
    2.4622    74.6028 
    2.5065    77.3081 
    2.5508    80.3875 
    2.5951    83.4668 
    2.6246    85.1646 
    2.6689    86.4541 
    2.6837    86.7765 
    2.7575    88.4925 
    2.8314    90.5503 
    2.8461    91.0647 
    2.8609    91.5791 
    2.9200    94.1513 
    2.9643    96.2090 
    2.9938    97.7523 
    3.0233    99.2956 
    3.0529   100.6718 
    3.0824   101.9733 
    3.1119   103.2758 
    3.1415   104.5774 
    3.1858   106.4379 
    3.2448   108.8238 
    3.2596   109.3147 
    3.2744   109.8065 
    3.2891   110.3096 
    3.3039   110.8618 
    3.3187   111.4151 
    3.3334   111.9673 
    3.3925   114.7304 
    3.4368   116.9414 
    3.4663   118.6001 
    3.4811   119.7045 
    3.5106   122.4687 
    3.5254   124.1264 
    3.5402   125.7841 
    3.5549   127.4418 
    3.5845   130.1620 
    3.6140   132.7340 
    3.6288   133.7630 
    3.6583   135.3060 
    3.7026   137.3640 
    3.7174   137.8780 
    3.7912   139.9360 
    3.8503   141.4790 
    3.8946   142.5080 
    3.9684   144.0510 
    4.0422   145.5950 
    4.0865   146.6230 
    4.1456   148.1670 
    4.2047   149.7100 
    4.2637   151.2530 
    4.3228   152.7970 
