    0.0000     0.0136 
    0.0774     2.9782 
    0.1548     5.2384 
    0.2322     7.4958 
    0.2709     8.3759 
    0.3483     9.4320 
    0.4644    10.8084 
    0.5031    11.2405 
    0.6579    12.9598 
    0.7740    14.1351 
    0.9675    15.3902 
    1.1610    16.1511 
    1.2771    16.6522 
    1.3932    17.2484 
    1.5093    17.8388 
    1.7028    18.7370 
    1.8189    19.2073 
    1.9350    19.6824 
    2.0511    20.1343 
    2.1672    20.5502 
    2.2833    21.0619 
    2.3994    21.5494 
    2.5155    22.0147 
    2.6316    22.5063 
    2.7477    22.9066 
    2.9412    23.7283 
    3.1347    25.0494 
    3.3282    26.6147 
    3.5217    28.1064 
    3.7152    29.6693 
    3.9087    30.7123 
    4.1022    31.5705 
    4.2957    32.4005 
    4.4892    33.6181 
    4.5666    34.3316 
    4.6440    34.7056 
    4.7214    35.0563 
    4.9149    36.0844 
    5.1084    37.0660 
    5.2245    37.7654 
    5.3793    38.3379 
    5.5728    39.6738 
    5.7663    41.5404 
    5.8050    42.0070 
    5.8437    42.4736 
    5.8824    42.9403 
    5.9211    43.4069 
    5.9598    43.8735 
    5.9985    44.3402 
    6.0372    44.8068 
    6.0759    45.2734 
    6.1146    45.7401 
    6.1533    46.2067 
    6.1920    46.6733 
    6.2307    47.1400 
    6.2694    47.6066 
    6.3081    48.0732 
    6.3468    48.5399 
    6.3855    49.0065 
    6.4242    49.4731 
    6.4629    49.9398 
    6.5016    50.4064 
    6.5403    50.8730 
    6.5790    51.3397 
    6.7338    53.6728 
    6.8886    56.0060 
    7.0434    58.3392 
    7.1982    60.6723 
    7.2369    61.1390 
    7.4304    63.0055 
    7.6239    64.8720 
    7.8174    66.7386 
    8.0109    68.6051 
    8.2044    70.4716 
    8.2431    70.9383 
    8.2818    71.4049 
    8.3205    71.8715 
    8.3592    72.3382 
    8.3979    72.8048 
    8.4366    73.2714 
    8.5527    75.1380 
    8.6301    76.5454 
    8.7462    79.3385 
    8.7849    80.4559 
    8.8236    81.5732 
    8.9010    84.3663 
    8.9397    85.2532 
    9.0558    86.7153 
    9.1332    87.7371 
    9.2493    89.6036 
    9.3654    91.4701 
    9.4428    92.8700 
    9.5589    95.2032 
    9.5976    96.1365 
    9.6363    97.0697 
    9.6750    98.0030 
    9.7137    98.9363 
    9.7524    99.8539 
    9.7911   100.6414 
    9.9072   102.6094 
   10.0233   104.5774 
   10.1394   106.6918 
   10.2168   107.9847 
   10.3329   109.7502 
   10.4490   111.6987 
   10.5651   113.7044 
   10.6425   115.2085 
   10.7586   117.7149 
   10.8747   120.2213 
   10.9134   121.2236 
   10.9908   123.7300 
   11.0682   126.2375 
   11.1456   128.7438 
   11.2230   131.1340 
   11.2617   132.0670 
   11.3004   133.0010 
   11.4165   135.3340 
   11.4939   136.7340 
   11.6100   138.6000 
