    0.0070     3.0927 
    0.0569     6.7845 
    0.0693     7.5401 
    0.0818     8.2588 
    0.0943     8.8802 
    0.1566    11.1721 
    0.1690    12.0181 
    0.1940    14.6984 
    0.2064    16.0012 
    0.2438    19.2693 
    0.2563    20.0309 
    0.2688    20.7466 
    0.2812    21.5545 
    0.3436    24.6299 
    0.3560    25.9813 
    0.3810    29.6835 
    0.3934    31.2731 
    0.4059    33.7881 
    0.4183    35.7803 
    0.4308    37.3869 
    0.4433    38.5408 
    0.4557    39.7008 
    0.4807    41.9784 
    0.4931    42.7376 
    0.5056    43.4968 
    0.5181    44.2560 
    0.5305    45.0152 
    0.5804    48.8112 
    0.6302    52.6072 
    0.6801    56.4032 
    0.7300    60.1992 
    0.7424    60.9584 
    0.8048    63.9952 
    0.8671    67.0320 
    0.8796    67.7912 
    0.8920    68.5504 
    0.9045    69.3096 
    0.9419    72.3464 
    0.9668    74.6240 
    1.0042    78.7986 
    1.0167    80.6164 
    1.0291    82.4342 
    1.0416    84.2520 
    1.0541    85.5600 
    1.0790    86.9873 
    1.1288    90.5672 
    1.1787    94.3632 
    1.2286    98.1592 
    1.2660   100.9729 
    1.3034   103.5348 
    1.3408   106.2005 
    1.3906   109.7473 
    1.4031   110.5062 
    1.4155   111.3216 
    1.4280   112.1370 
    1.4405   112.9524 
    1.4529   113.7689 
    1.4654   114.5843 
    1.4779   115.3997 
    1.4903   116.2151 
    1.5028   117.0305 
    1.5651   120.2932 
    1.5776   121.1087 
    1.5901   121.9251 
    1.6399   126.0033 
    1.6898   130.0460 
    1.7022   130.8050 
    1.7521   133.0820 
    1.7895   134.6010 
    1.8144   135.3600 
    1.8767   136.8780 
    1.9391   138.3970 
    2.0014   139.9150 
    2.0637   141.4340 
    2.1261   142.9520 
    2.1884   144.4700 
    2.2133   145.2300 
    2.2756   147.5070 
    2.3380   149.7850 
    2.4003   152.0620 
