    0.0200     7.1078 
    0.0259     9.2541 
    0.0376    12.1101 
    0.0435    13.3505 
    0.0552    15.3699 
    0.0728    17.9792 
    0.0845    19.6800 
    0.0963    21.5531 
    0.1139    24.5493 
    0.1197    26.1190 
    0.1315    30.8174 
    0.1432    33.6865 
    0.1549    38.3072 
    0.1667    44.9844 
    0.1725    47.1690 
    0.1843    51.7812 
    0.1901    53.5147 
    0.2195    59.3152 
    0.2253    60.2188 
    0.2371    62.1140 
    0.2429    63.0171 
    0.2488    64.7779 
    0.2547    66.6522 
    0.2664    71.7200 
    0.2723    75.1812 
    0.2781    80.7197 
    0.2840    82.6241 
    0.2957    85.8310 
    0.3075    89.6265 
    0.3192    98.0284 
    0.3309   104.0680 
    0.3427   110.1676 
    0.3485   113.8819 
    0.3603   120.8432 
    0.3661   122.5465 
    0.3837   126.9182 
    0.3955   129.2225 
    0.4248   132.6766 
    0.4541   136.1614 
    0.4835   137.3738 
    0.4952   137.7259 
    0.5245   140.9706 
    0.5539   143.7880 
    0.5832   146.1559 
    0.6125   150.0025 
