    0.0900     6.3828 
    0.1458     7.4832 
    0.2016     8.5802 
    0.2574     9.7636 
    0.3132    10.8526 
    0.3504    11.3850 
    0.4434    12.1724 
    0.5364    12.8959 
    0.6294    13.8354 
    0.7224    14.6994 
    0.8154    15.5906 
    0.9084    16.5775 
    0.9642    17.7838 
    0.9828    18.2868 
    1.0200    19.6414 
    1.0386    20.3538 
    1.0758    22.9351 
    1.1130    25.7287 
    1.1502    29.3065 
    1.1874    32.5902 
    1.2246    35.6031 
    1.2618    38.5862 
    1.2804    40.8087 
    1.2990    43.4004 
    1.3362    46.4383 
    1.3548    47.2600 
    1.4478    51.7398 
    1.4664    52.9925 
    1.4850    54.3620 
    1.5036    55.7315 
    1.5780    60.7451 
    1.5966    61.3614 
    1.6152    61.9172 
    1.6338    62.3614 
    1.6524    62.7723 
    1.6710    63.1418 
    1.6896    63.4705 
    1.7826    65.1678 
    1.8756    67.1894 
    1.9500    68.7525 
    2.0058    70.4648 
    2.0988    73.6129 
    2.1360    74.8642 
    2.1918    77.0484 
    2.2476    79.5077 
    2.3406    82.3350 
    2.3778    82.9768 
    2.4708    84.8521 
    2.5638    86.1251 
    2.6568    87.3365 
    2.6940    87.9447 
    2.7870    89.2161 
    2.8800    90.8478 
