    0.1000     3.0967 
    0.1140     3.8109 
    0.1280     4.4219 
    0.1420     5.0152 
    0.1560     5.5997 
    0.1700     6.0600 
    0.1840     6.5087 
    0.2400     9.2910 
    0.2960    11.8888 
    0.3520    13.9310 
    0.3660    14.3605 
    0.4360    16.1571 
    0.5060    18.3796 
    0.5200    18.8287 
    0.5760    20.8183 
    0.6320    23.4742 
    0.6460    24.0309 
    0.7160    26.5249 
    0.7720    28.7104 
    0.8140    30.0407 
    0.8560    31.3400 
    0.8980    32.6814 
    0.9400    34.0180 
    0.9820    35.1206 
    1.0240    36.2006 
    1.0660    37.4016 
    1.1080    38.6931 
    1.1500    40.9443 
    1.1920    43.5032 
    1.2480    46.5092 
    1.3180    50.6010 
    1.3320    51.8305 
    1.3880    58.1163 
    1.4300    61.3926 
    1.4580    62.7900 
    1.4720    63.4830 
    1.5000    65.7295 
    1.5280    68.1533 
    1.5420    69.4485 
    1.5840    74.8559 
    1.6260    82.9666 
    1.6540    84.8334 
    1.6960    86.5224 
    1.7100    86.9335 
    1.7240    87.3208 
    1.7380    87.9184 
    1.7520    88.5328 
    1.7660    89.1847 
    1.7800    89.8426 
    1.7940    90.7936 
    1.8500    97.5327 
    1.9060   102.5814 
    1.9620   106.7776 
    2.0180   112.3131 
    2.0320   113.7689 
    2.0460   115.6562 
    2.1160   122.3931 
    2.1580   125.1478 
    2.1860   127.0856 
    2.2560   130.5800 
    2.3260   133.2787 
    2.3960   135.9039 
    2.4240   137.1145 
    2.4660   138.0431 
    2.5220   139.0824 
    2.5360   140.1309 
    2.5500   141.2233 
    2.6060   144.9066 
    2.6480   147.4807 
    2.6900   151.9735 
