    3.3573     4.2991 
    3.6465     4.7629 
    3.8634     5.1171 
    4.0080     5.2898 
    4.2249     5.4572 
    4.4418     5.6245 
    4.6587     5.7966 
    4.8756     5.9712 
    5.0925     6.1458 
    5.3094     6.3342 
    5.5263     6.5243 
    5.7432     6.7173 
    5.8878     6.9339 
    6.0324     7.5410 
    6.1047     8.0470 
    6.1770     8.4945 
    6.2493     8.6403 
    6.6108     9.0600 
    6.8277     9.2286 
    7.0446     9.3973 
    7.2615     9.5620 
    7.4784     9.7220 
    7.6953     9.8819 
    7.9122    10.0256 
    8.1291    10.1611 
    8.4906    10.4344 
    8.8521    10.8763 
    9.0690    11.0390 
    9.1413    11.3835 
    9.2136    11.9055 
    9.2859    12.4447 
    9.3582    12.6303 
    9.4305    12.8292 
    9.5751    13.0281 
    9.6474    13.5935 
    9.7197    14.2089 
    9.7920    14.9016 
    9.8643    15.5787 
    9.9366    16.1517 
   10.0089    16.5959 
   10.0812    16.7222 
   10.1535    17.1096 
   10.2258    17.5768 
   10.3704    18.5236 
   10.4427    19.0912 
   10.5150    19.6311 
