    1.4450     5.2155 
    1.5490     5.4316 
    1.6530     5.6477 
    1.7570     5.8718 
    1.8610     6.0973 
    1.9650     6.3368 
    2.0690     6.5824 
    2.1730     6.8467 
    2.2770     7.1265 
    2.3810     7.3898 
    2.4434     7.5487 
    2.5266     7.7871 
    2.6098     7.9893 
    2.6930     8.1882 
    2.7762     8.3790 
    2.8594     8.5674 
    2.9218     8.6900 
    3.0258     8.8677 
    3.0674     8.9270 
    3.1714     9.0506 
    3.2754     9.1958 
    3.3794     9.3411 
    3.4210     9.4137 
    3.5250     9.6242 
    3.6290     9.8308 
    3.7330    10.0218 
    3.8370    10.1968 
    3.9410    10.3730 
    4.0450    10.5515 
    4.1490    10.7361 
    4.2530    10.9463 
    4.2946    11.0164 
    4.3986    11.1574 
    4.5026    11.3097 
    4.5442    11.3859 
    4.5650    11.4621 
    4.5858    11.6890 
    4.6066    11.9102 
    4.6274    12.1328 
    4.6482    12.3726 
    4.6690    12.6123 
    4.6898    12.7823 
    4.7522    13.1248 
    4.8146    13.4472 
    4.8354    13.5268 
    4.8562    13.6063 
    4.9394    13.8651 
    5.0434    14.1361 
    5.0642    14.2264 
    5.1266    14.6227 
    5.1474    14.9243 
    5.1682    15.2171 
    5.1890    15.5098 
    5.2098    15.7691 
    5.2306    16.0219 
    5.2514    16.2367 
    5.2722    16.4343 
    5.2930    16.6134 
    5.3138    16.7766 
    5.3346    16.9421 
    5.3554    17.1114 
    5.3762    17.2920 
    5.3970    17.5091 
    5.4178    17.7293 
    5.4386    17.9826 
    5.4594    18.2359 
    5.4802    18.4793 
    5.5010    18.7219 
    5.5218    18.9670 
    5.5426    19.2128 
    5.5634    19.4451 
    5.5842    19.6697 
    5.6050    19.9009 
