    0.0500     1.6235 
    0.0690     2.3766 
    0.0880     2.8645 
    0.1070     3.3835 
    0.1260     3.9443 
    0.1450     4.4689 
    0.1640     4.9378 
    0.1830     5.3834 
    0.2020     5.8402 
    0.2780     8.4324 
    0.3540    10.8542 
    0.4300    12.5690 
    0.4490    12.8280 
    0.4680    13.0596 
    0.4870    13.3294 
    0.5060    13.6379 
    0.5250    13.9034 
    0.6200    14.9301 
    0.6390    15.2968 
    0.7150    17.8410 
    0.7910    20.9618 
    0.8670    23.6373 
    0.9430    26.6512 
    0.9620    27.0542 
    0.9810    27.3955 
    1.0760    29.7132 
    1.1710    31.9180 
    1.2470    33.3097 
    1.3230    34.6605 
    1.3990    36.8308 
    1.4750    38.6546 
    1.5700    40.9577 
    1.6650    44.5197 
    1.7600    47.6435 
    1.8550    51.8204 
    1.9500    56.3548 
    2.0450    59.7392 
    2.0640    60.2767 
    2.1400    62.3197 
    2.2160    63.9651 
    2.2920    66.1977 
    2.3680    68.4882 
    2.3870    69.3216 
    2.4060    70.2101 
    2.4250    71.0975 
    2.4440    71.9986 
    2.4630    72.9463 
    2.4820    74.0174 
    2.5010    75.8097 
    2.5200    77.5845 
    2.5390    79.2054 
    2.5580    80.2240 
    2.5770    80.7691 
    2.5960    81.2241 
    2.6150    81.6500 
    2.6340    82.0871 
    2.6530    82.5609 
    2.6720    83.0894 
    2.6910    83.6290 
    2.7100    84.1969 
    2.7290    84.7655 
    2.7480    85.3341 
    2.8240    88.0530 
    2.9000    92.0387 
