    0.6200     4.4842 
    0.8620     5.3437 
    1.1040     6.0559 
    1.2492     6.5918 
    1.4428     7.3409 
    1.4912     7.6031 
    1.5880     8.3369 
    1.6364     8.7621 
    1.7332     9.6973 
    1.7816    10.2447 
    1.8300    10.8688 
    1.8784    11.3705 
    1.9268    11.6509 
    1.9752    11.9593 
    2.0236    12.2796 
    2.0720    12.6268 
    2.1204    12.9981 
    2.1688    13.4083 
    2.2656    13.7486 
    2.5076    14.2551 
    2.6044    14.4932 
    2.7012    14.7083 
    2.8464    15.1554 
    3.0400    15.8305 
    3.0884    16.0474 
    3.1368    16.2681 
    3.1852    16.5704 
    3.2336    16.8795 
    3.2820    17.2278 
    3.3304    17.5732 
    3.3788    17.8841 
    3.4272    18.1804 
    3.6208    19.4108 
    3.6692    19.6739 
    3.8628    20.3997 
    4.0080    20.9433 
    4.2500    21.7544 
    4.4920    22.5611 
    4.7340    23.2171 
    4.9760    23.9327 
    5.2180    25.1583 
    5.4600    26.4692 
    5.7020    27.2772 
    5.9440    28.1259 
    6.1860    28.9919 
    6.4280    29.8080 
    6.5248    30.1120 
    6.6216    30.3977 
    6.8636    31.1718 
    7.0088    31.6343 
    7.2024    32.3245 
    7.4444    33.6760 
    7.6864    34.8045 
    7.8800    35.3970 
    8.1220    35.9653 
    8.3640    36.5044 
    8.6060    37.0559 
    8.8480    37.6391 
    8.9932    38.0306 
    9.0416    38.2086 
    9.1868    38.4809 
    9.2836    38.8531 
    9.3320    39.2831 
    9.4288    40.6600 
    9.4772    41.1800 
    9.6224    42.4800 
    9.7192    43.2600 
    9.8160    44.0400 
    9.9128    44.8200 
   10.0580    46.1200 
   10.2032    47.4200 
   10.3484    48.7200 
   10.4452    49.5000 
   10.5904    50.5400 
   10.7356    51.5800 
   10.8808    52.6200 
   11.0260    53.6600 
   11.1712    54.7000 
   11.3164    55.7400 
   11.5100    57.0400 
   11.5584    57.3000 
   11.6068    57.5600 
   11.6552    57.8200 
   11.7036    58.0800 
   11.7520    58.3400 
   11.8004    58.6000 
   11.9940    59.9000 
   12.0424    60.1600 
   12.2844    61.2000 
   12.3328    61.4600 
   12.5264    62.7600 
   12.7200    64.0600 
   12.9136    65.3600 
   12.9620    65.6200 
   13.0104    65.8800 
   13.0588    66.1400 
   13.1072    66.4000 
   13.1556    66.6600 
   13.2040    66.9200 
   13.2524    67.1800 
   13.3008    67.4400 
   13.3492    67.7000 
   13.3976    67.9600 
   13.4460    68.2200 
   13.4944    68.4800 
   13.5428    68.7400 
   13.5912    69.0000 
   13.6396    69.2600 
   13.6880    69.5200 
   13.7364    69.7800 
   13.7848    70.0400 
   13.8332    70.3000 
   13.8816    70.5600 
   13.9300    70.8200 
   13.9784    71.0800 
   14.0268    71.3400 
   14.0752    71.6000 
   14.2688    72.9000 
   14.3656    73.6800 
   14.5108    74.9800 
   14.5592    75.5000 
   14.6560    76.8592 
   14.7528    78.4155 
   14.8496    79.9718 
   14.9948    81.5282 
   15.1400    83.0845 
