    0.0100     2.6227 
    0.0299     3.1877 
    0.0498     3.8129 
    0.0697     4.3789 
    0.0896     4.8078 
    0.1095     5.4027 
    0.1294     6.0385 
    0.1493     6.7383 
    0.1692     7.4067 
    0.1891     7.9456 
    0.2090     8.4506 
    0.2289     8.9775 
    0.2488     9.4555 
    0.3483    11.1037 
    0.3682    11.5400 
    0.4279    13.3319 
    0.4677    14.7628 
    0.5075    16.3130 
    0.5473    17.7312 
    0.5871    18.9125 
    0.6269    20.2250 
    0.6667    21.6900 
    0.7065    22.7808 
    0.7463    24.2657 
    0.8060    26.5957 
    0.8856    30.1273 
    0.9055    30.8825 
    1.0050    33.1081 
    1.1045    34.2686 
    1.2040    36.8079 
    1.3035    40.7956 
    1.4030    44.7237 
    1.5025    48.2312 
    1.6020    52.9933 
    1.6219    54.2933 
    1.7015    59.4529 
    1.7612    61.6281 
    1.8010    62.6838 
    1.8209    63.4238 
    1.8607    65.7562 
    1.8806    66.6167 
    1.9204    68.1746 
    1.9403    68.9223 
    2.0398    72.8907 
    2.1194    78.4456 
    2.1990    82.0577 
    2.2985    84.3725 
    2.3980    85.9167 
    2.4975    87.8821 
    2.5174    88.5061 
    2.5771    92.2612 
    2.6169    96.4699 
    2.6567    99.6427 
    2.6965   102.2744 
    2.7363   104.7683 
    2.7761   107.1205 
    2.8159   110.3021 
    2.8756   116.7816 
    2.8955   118.5608 
    2.9950   123.8258 
    3.0746   129.1002 
    3.1343   131.7669 
    3.1741   132.8789 
    3.2736   135.5207 
    3.3731   136.9658 
    3.4726   137.5747 
    3.5124   137.8341 
    3.6119   140.2952 
    3.6716   142.3240 
    3.7512   143.9353 
    3.8507   146.2907 
    3.8706   147.0755 
    3.8905   148.0509 
    3.9104   149.0712 
    3.9303   150.1776 
    3.9502   151.4419 
    3.9701   152.7420 
