    0.0250     0.0136 
    0.1250     3.1440 
    0.2250     5.6985 
    0.3250     8.1787 
    0.3500     8.6197 
    0.3750     9.0149 
    0.4000     9.3818 
    0.4250     9.7431 
    0.5500    11.4144 
    0.6750    14.0270 
    0.7750    15.4251 
    0.8500    16.2612 
    0.9750    18.1598 
    1.1000    19.1065 
    1.2250    20.1323 
    1.3500    21.1594 
    1.4750    22.2113 
    1.6000    23.1469 
    1.6500    23.6044 
    1.7750    25.8855 
    1.8750    28.3556 
    1.9000    29.2277 
    1.9750    31.5039 
    2.0250    32.8868 
    2.0750    34.8639 
    2.1500    36.7212 
    2.2250    38.1941 
    2.3000    40.1358 
    2.3750    42.7080 
    2.4500    45.2801 
    2.5250    47.8523 
    2.5750    49.3956 
    2.6500    51.4533 
    2.7500    54.0255 
    2.8500    56.5977 
    2.9500    59.1698 
    3.0500    61.7420 
    3.0750    62.2564 
    3.1750    63.7997 
    3.2500    64.8286 
    3.3250    65.8575 
    3.4000    66.8863 
    3.4750    67.9152 
    3.5500    68.9441 
    3.6500    70.4874 
    3.7750    72.5451 
    3.8000    73.0595 
    3.8250    73.5740 
    3.8500    74.0884 
    3.8750    74.6028 
    3.9750    77.3081 
    4.0750    80.3875 
    4.1750    83.4668 
    4.2000    84.0827 
    4.2250    84.6985 
    4.3500    86.1317 
    4.4500    87.0988 
    4.5250    87.9781 
    4.6500    89.5214 
    4.7750    91.0647 
    4.9000    92.6080 
    4.9750    93.6369 
    5.0750    95.1802 
    5.1000    95.6946 
    5.1750    97.7523 
    5.2250    99.2956 
    5.3000   101.5398 
    5.3750   103.7094 
    5.4500   105.9623 
    5.5250   108.3375 
    5.5750   109.8065 
    5.6500   111.9673 
    5.7250   114.1782 
    5.8000   116.3892 
    5.8750   118.6001 
    5.9500   120.8100 
    6.0000   122.4687 
    6.0500   124.1264 
    6.1000   125.7841 
    6.1750   128.5472 
    6.2500   131.1900 
    6.3000   132.7340 
    6.3750   134.7920 
    6.4000   135.3060 
    6.4250   135.8200 
    6.4500   136.3350 
    6.5750   138.3930 
    6.7000   140.4500 
    6.8000   141.9940 
    6.9000   143.5370 
    7.0000   145.0800 
    7.1250   147.1380 
    7.1500   147.6520 
    7.1750   148.1670 
    7.2000   148.6810 
    7.2250   149.1960 
    7.2500   149.7100 
    7.2750   150.2250 
    7.3000   150.7390 
    7.3250   151.2530 
    7.3500   151.7680 
    7.3750   152.2820 
    7.4000   152.7970 
    7.4250   153.3110 
    7.4500   153.8260 
