    0.0200     0.0136 
    0.0575     1.4167 
    0.0950     2.7769 
    0.1325     3.5026 
    0.1700     4.6285 
    0.2075     5.6985 
    0.2575     7.1720 
    0.2700     7.6925 
    0.2950     9.0149 
    0.3200    10.9094 
    0.3450    14.0270 
    0.3575    14.9157 
    0.3950    16.8632 
    0.4075    17.5501 
    0.4325    18.1598 
    0.4575    18.5914 
    0.5200    19.6330 
    0.5825    20.6000 
    0.6450    21.6909 
    0.7075    22.7209 
    0.7325    23.1469 
    0.7575    23.6044 
    0.8200    24.9770 
    0.8825    26.7021 
    0.9450    28.3556 
    1.0075    29.9593 
    1.0700    31.0386 
    1.1325    31.9500 
    1.1575    32.4195 
    1.2200    34.4699 
    1.2575    35.2529 
    1.3075    36.3632 
    1.3200    36.7212 
    1.3700    38.1941 
    1.4200    40.1358 
    1.4700    42.7080 
    1.5200    45.2801 
    1.5575    47.3379 
    1.5825    48.8812 
    1.6200    51.4533 
    1.6575    54.0255 
    1.6950    56.5977 
    1.7325    59.1698 
    1.7700    61.7420 
    1.7950    63.2853 
    1.8200    64.8286 
    1.8575    66.8863 
    1.9075    69.4585 
    1.9200    69.9729 
    1.9825    72.0307 
    2.0325    73.5740 
    2.0825    75.1173 
    2.1325    76.6923 
    2.1950    79.1557 
    2.2075    79.7715 
    2.2575    82.8509 
    2.2950    85.1646 
    2.3200    86.1317 
    2.3450    87.0988 
    2.3825    89.5214 
    2.4200    92.0936 
    2.4575    94.6657 
    2.4700    95.6946 
    2.4950    98.2668 
    2.5200   100.6718 
    2.5325   101.5398 
    2.5575   102.8414 
    2.5950   104.5774 
    2.6075   105.0120 
    2.6200   105.4876 
    2.6325   105.9623 
    2.6450   106.4379 
    2.6575   106.9125 
    2.6700   107.3872 
    2.6825   107.8628 
    2.6950   108.3375 
    2.7450   110.8618 
    2.7825   113.0727 
    2.8075   114.7304 
    2.8200   115.8359 
    2.8450   118.6001 
    2.8700   121.3633 
    2.8950   124.1264 
    2.9200   126.8896 
    2.9450   129.6470 
    2.9575   130.6760 
    2.9825   132.2190 
    2.9950   132.7340 
    3.0075   133.2480 
    3.0450   134.2770 
    3.0700   134.7920 
    3.1325   135.8200 
    3.1950   136.8490 
    3.2575   137.8780 
    3.2825   138.3930 
    3.3200   139.4210 
    3.3700   140.9650 
    3.4325   143.0220 
    3.4950   145.0800 
    3.5575   147.1380 
    3.6200   149.1960 
    3.6825   151.2530 
    3.7450   153.3110 
    3.7575   153.8260 
