    0.0100     0.0000 
    0.0366     2.8242 
    0.0632     4.7767 
    0.0765     5.6362 
    0.0898     6.5664 
    0.1031     7.5229 
    0.1430     9.3596 
    0.1696    10.2353 
    0.2095    11.4331 
    0.2627    13.0355 
    0.2760    13.3467 
    0.3425    14.7005 
    0.3957    15.8494 
    0.4489    16.8493 
    0.5021    17.8724 
    0.5686    18.9742 
    0.5819    19.3429 
    0.5952    19.6727 
    0.6085    19.9636 
    0.6218    20.2276 
    0.6351    20.5460 
    0.6484    20.9188 
    0.6617    21.2971 
    0.6750    21.6323 
    0.6883    21.9245 
    0.7415    23.2164 
    0.7947    25.3396 
    0.8479    27.2866 
    0.9011    30.0311 
    0.9543    32.3518 
    1.0075    33.3674 
    1.0208    33.6713 
    1.0341    33.9873 
    1.1006    35.7227 
    1.1538    37.0737 
    1.2070    39.2241 
    1.2602    41.5224 
    1.3134    43.5716 
    1.3666    45.5590 
    1.4198    47.2691 
    1.4730    49.6383 
    1.5262    52.1521 
    1.5927    55.7865 
    1.6060    56.5576 
    1.6193    57.2985 
    1.6326    57.9937 
    1.6459    58.6889 
    1.6592    59.2735 
    1.6725    59.8116 
    1.7390    61.3688 
    1.8055    62.4302 
    1.8188    62.6527 
    1.8321    62.8829 
    1.8454    63.1609 
    1.8853    64.3381 
    1.9252    66.1041 
    1.9651    67.7698 
    1.9917    69.3581 
    2.0316    72.1621 
    2.0848    78.1285 
    2.1380    82.3029 
    2.1779    83.9808 
    2.2045    84.9079 
    2.2444    86.2972 
    2.2843    88.2258 
    2.3242    91.1860 
    2.3641    96.0555 
    2.3907    98.5312 
    2.4306   101.1087 
    2.4838   104.1683 
    2.4971   104.7322 
    2.5104   105.2457 
    2.5237   105.7596 
    2.5370   106.3002 
    2.5503   106.9424 
    2.5636   107.5846 
    2.5769   108.2864 
    2.6434   111.6599 
    2.7099   116.6405 
    2.7764   120.9844 
    2.8429   124.7144 
    2.8961   128.8074 
    2.9360   130.6612 
    2.9759   132.4921 
    3.0424   135.1572 
    3.1089   136.9291 
    3.1355   137.2072 
    3.2020   137.5863 
    3.2685   138.0109 
    3.3350   139.1475 
    3.4015   140.6313 
    3.4680   142.1144 
    3.5345   142.9863 
    3.6010   143.7280 
    3.6675   144.4864 
    3.6941   144.9037 
    3.7606   146.2153 
    3.8138   148.0686 
    3.8271   148.7910 
    3.8803   153.1271 
