    0.0484     9.1962 
    0.1185    10.4758 
    0.1886    12.3063 
    0.2587    14.4932 
    0.3289    16.0304 
    0.3990    18.1472 
    0.4457    19.1435 
    0.5159    20.5262 
    0.6094    22.4124 
    0.6328    22.7490 
    0.6561    23.0425 
    0.6795    23.3569 
    0.7029    23.6838 
    0.8197    25.8575 
    0.9366    28.1586 
    1.0535    30.2910 
    1.1704    31.6692 
    1.2873    32.9622 
    1.3807    34.5802 
    1.4743    35.3970 
    1.5444    35.9246 
    1.6612    36.6714 
    1.7080    36.9272 
    1.8249    37.4581 
    1.9418    38.0005 
    2.0586    38.1631 
    2.1755    38.5298 
    2.2222    38.7054 
    2.3391    39.6000 
    2.4093    40.3200 
    2.5027    41.4000 
    2.6196    42.8400 
    2.6430    43.2000 
    2.6664    43.5600 
    2.7599    45.3600 
    2.8300    46.8000 
    2.8767    47.8800 
    2.9469    49.6800 
    3.0170    51.4800 
    3.0871    53.2800 
    3.1572    55.0800 
    3.2274    56.8800 
    3.2975    58.6800 
    3.3443    59.7600 
    3.4144    61.2000 
    3.5079    63.0000 
    3.6014    64.8000 
    3.6949    66.6000 
    3.7884    68.4000 
    3.8819    70.2000 
    3.9754    72.0000 
    4.0689    73.8000 
    4.1624    75.6000 
    4.2559    77.5775 
    4.3494    79.7324 
    4.4429    81.8873 
