    0.0500     0.0131 
    0.0905     2.3659 
    0.1310     3.8598 
    0.1715     5.3380 
    0.2120     7.1858 
    0.2390     8.2288 
    0.2660     9.1852 
    0.2930    10.3807 
    0.3335    11.5946 
    0.3740    12.8284 
    0.4145    14.1438 
    0.4685    16.6068 
    0.4820    17.0684 
    0.4955    17.5054 
    0.5630    19.0230 
    0.6305    20.3655 
    0.6980    21.3915 
    0.7655    22.4389 
    0.8330    24.1101 
    0.9005    25.3389 
    0.9680    26.7643 
    1.0355    28.3767 
    1.1030    30.3050 
    1.1705    31.6812 
    1.2380    33.1208 
    1.3055    34.5604 
    1.3730    36.0000 
