    0.0000     2.7274 
    0.0200     3.2642 
    0.0400     3.9701 
    0.0600     4.8580 
    0.0800     5.6523 
    0.1000     6.3885 
    0.1200     7.1225 
    0.1400     7.8993 
    0.1600     8.5871 
    0.1800     9.1777 
    0.2000     9.7187 
    0.2200    10.2639 
    0.2400    10.8859 
    0.2600    11.6687 
    0.2700    12.0364 
    0.3000    13.0928 
    0.3300    14.0621 
    0.3500    14.4932 
    0.3800    14.9913 
    0.4200    15.7061 
    0.4300    15.8230 
    0.4700    16.2129 
    0.5000    16.5526 
    0.5500    16.9264 
    0.5800    17.1340 
    0.6100    17.3416 
    0.6600    17.7346 
    0.7100    18.1054 
    0.7600    18.3753 
    0.8100    18.6468 
    0.8400    18.8016 
    0.8700    18.9564 
    0.9000    19.1127 
    0.9300    19.2720 
    0.9600    19.4313 
    1.0100    19.7430 
    1.0600    20.0491 
    1.1100    20.3214 
    1.1600    20.6140 
    1.1800    20.7841 
    1.2100    21.1209 
    1.2200    21.2829 
    1.2400    21.7593 
    1.2500    22.0676 
    1.2700    22.8218 
    1.2900    23.4856 
    1.3000    23.7713 
    1.3200    24.3489 
    1.3500    25.4196 
    1.3900    26.6765 
    1.4000    26.9144 
    1.4500    27.9134 
    1.4900    28.6737 
    1.5200    29.2103 
    1.5500    29.7086 
    1.5800    30.0711 
    1.6100    30.4137 
    1.6400    30.7441 
    1.6700    31.0355 
    1.7000    31.3200 
    1.7300    31.5945 
    1.7700    31.9955 
    1.8200    32.5670 
    1.8700    33.3145 
    1.9200    34.3475 
    1.9300    34.4785 
    1.9400    34.6026 
    1.9500    34.7185 
    1.9600    34.8345 
    1.9700    34.9507 
    1.9800    35.0682 
    1.9900    35.1857 
    2.0000    35.3032 
