    0.0100     0.0000 
    0.0271     2.1053 
    0.0442     3.5718 
    0.0612     4.8196 
    0.0783     6.3152 
    0.1039     8.7007 
    0.1125     9.4851 
    0.1296    11.1434 
    0.1466    12.9556 
    0.1552    13.6358 
    0.1808    15.7140 
    0.1979    16.8465 
    0.2150    17.9974 
    0.2320    18.9061 
    0.2491    20.0016 
    0.2662    21.1186 
    0.2833    22.1539 
    0.3004    23.0062 
    0.3174    24.2964 
    0.3345    25.7648 
    0.3601    28.5436 
    0.3858    31.3728 
    0.4114    33.0051 
    0.4370    34.5781 
    0.4626    37.2845 
    0.4882    41.4468 
    0.5139    45.3054 
    0.5224    46.5601 
    0.5395    50.8396 
    0.5566    55.8532 
    0.5736    59.6740 
    0.5822    60.6358 
    0.5993    61.7470 
    0.6249    62.8473 
    0.6334    63.1609 
    0.6420    63.4746 
    0.6505    63.7883 
    0.6590    64.1097 
    0.6676    64.5279 
    0.6761    64.9462 
    0.6847    65.3592 
    0.7274    66.7606 
    0.7701    68.5567 
    0.8128    71.6554 
    0.8555    76.1586 
    0.8982    81.5830 
    0.9323    82.9866 
    0.9579    83.9650 
    1.0006    85.0062 
    1.0177    85.3207 
    1.0604    85.9497 
    1.1031    86.5563 
    1.1458    87.4712 
    1.1629    87.9482 
    1.2056    89.5868 
    1.2312    91.1998 
    1.2568    93.2178 
    1.2825    95.6176 
    1.3081    97.6174 
    1.3337    99.2579 
    1.3593   100.6688 
    1.3849   102.0801 
    1.4106   103.4691 
    1.4362   104.7653 
    1.4618   105.9235 
    1.4874   107.3121 
    1.5130   108.8905 
    1.5387   110.8425 
    1.5643   112.9980 
    1.5899   116.0424 
    1.6155   118.9283 
    1.6411   121.0852 
    1.6753   124.2126 
    1.7095   128.6879 
    1.7351   130.7877 
    1.7778   132.7822 
    1.8205   134.7653 
    1.8376   136.0077 
    1.8803   137.2449 
    1.9059   137.6632 
    1.9400   138.9996 
    1.9486   139.8357 
    1.9827   143.1972 
    2.0169   145.4176 
    2.0254   145.9196 
    2.0681   148.6787 
    2.0767   149.5147 
    2.0852   150.4479 
    2.0938   151.4878 
    2.1023   152.5335 
