    0.0770     4.9177 
    0.0865     5.5931 
    0.0959     6.2166 
    0.1148     8.0933 
    0.1243     9.1352 
    0.1432    11.2521 
    0.1621    13.4929 
    0.1811    16.0291 
    0.2000    18.3355 
    0.2189    20.4044 
    0.2378    22.5955 
    0.2567    25.2159 
    0.2662    26.3211 
    0.2851    28.5766 
    0.3135    31.4186 
    0.3230    31.9393 
    0.3513    32.9949 
    0.3986    33.6318 
    0.4176    34.0791 
    0.4649    35.2573 
    0.5122    36.5345 
    0.5595    38.4239 
    0.6068    40.3186 
    0.6541    42.5364 
    0.7014    44.3848 
    0.7487    46.1263 
    0.7960    47.8920 
    0.8433    50.1889 
    0.8622    51.3652 
    0.8906    53.9040 
    0.9284    57.3819 
    0.9379    58.3622 
    0.9757    61.5301 
    1.0135    63.3362 
    1.0514    65.6636 
    1.0892    68.0745 
    1.0987    68.7606 
    1.1081    69.7408 
    1.1554    73.8806 
    1.2027    81.3619 
    1.2500    83.7422 
    1.2973    85.4964 
    1.3068    85.8895 
    1.3446    88.4794 
    1.3825    93.5681 
    1.3919    95.1365 
    1.4014    96.4629 
    1.4109    97.6725 
    1.4203    98.7236 
    1.4676   102.2978 
    1.5149   105.5233 
    1.5622   109.1677 
    1.5717   110.3962 
    1.6001   116.9832 
    1.6095   120.1170 
    1.6284   127.7470 
    1.6379   130.5875 
    1.6568   134.2108 
    1.6663   135.7792 
    1.7041   137.3618 
    1.7230   137.6232 
    1.7703   138.4326 
    1.7893   139.4665 
    1.8176   141.5581 
    1.8271   142.4891 
    1.8555   144.6116 
    1.8744   146.4509 
    1.9028   151.8105 
