    0.0700     5.7588 
    0.0913     5.9990 
    0.1127     6.2625 
    0.1340     6.7617 
    0.2193     8.7103 
    0.3047    10.4176 
    0.3900    11.9568 
    0.4753    12.8936 
    0.4967    13.0582 
    0.5180    13.2362 
    0.5393    13.4666 
    0.5607    13.6767 
    0.5820    13.8717 
    0.6033    14.0187 
    0.6247    14.1843 
    0.6460    14.4026 
    0.6673    14.5841 
    0.6887    14.7473 
    0.7100    14.9807 
    0.7313    15.2418 
    0.7527    15.5486 
    0.8167    17.1470 
    0.8593    18.1556 
    0.9233    20.5588 
    0.9873    22.3923 
    1.0513    24.4246 
    1.1153    26.6181 
    1.1580    27.4294 
    1.2220    29.0971 
    1.3073    31.0126 
    1.3287    31.4271 
    1.3500    31.8854 
    1.3713    32.2665 
    1.3927    32.6181 
    1.4140    32.9351 
    1.5207    34.0822 
    1.6273    35.6863 
    1.7127    37.6700 
    1.7980    38.7348 
    1.8833    40.1928 
    1.9687    41.3806 
    2.0327    42.7208 
    2.0967    43.8843 
    2.2033    45.6841 
    2.3100    47.2469 
    2.4167    49.4005 
    2.5233    51.6905 
    2.6300    54.1960 
    2.7367    56.5206 
    2.8433    58.4769 
    2.9073    59.5655 
    2.9927    60.7500 
    3.0993    61.9055 
    3.1207    62.1599 
    3.1420    62.3768 
    3.1633    62.5804 
    3.1847    62.7839 
    3.2060    63.0233 
    3.2273    63.2777 
    3.2487    63.5322 
    3.2700    63.7866 
