    0.0200     0.0000 
    0.0970     1.0324 
    0.1740     1.9629 
    0.1894     2.2610 
    0.2048     2.4730 
    0.2202     2.6591 
    0.2356     2.8453 
    0.2510     3.0403 
    0.2664     3.2393 
    0.2818     3.4383 
    0.2972     3.6496 
    0.3588     4.6615 
    0.4204     5.5240 
    0.4358     5.7015 
    0.4512     5.8600 
    0.4666     5.9758 
    0.4820     6.0916 
    0.4974     6.2421 
    0.5128     6.5080 
    0.5282     6.7740 
    0.5436     7.0373 
    0.5590     7.2861 
    0.6206     8.2478 
    0.6360     8.4456 
    0.6514     8.6434 
    0.6668     8.8412 
    0.6822     9.0223 
    0.6976     9.2020 
    0.7130     9.3817 
    0.7284     9.5257 
    0.8054    10.2478 
    0.8824    11.0206 
    0.9594    11.6298 
    0.9748    11.7849 
    0.9902    11.9401 
    1.0518    12.4190 
    1.1134    12.9388 
    1.1750    13.4515 
    1.2212    13.8845 
    1.2674    14.2273 
    1.3136    14.6372 
    1.3598    15.0879 
    1.4214    16.0637 
    1.4830    17.0800 
    1.5446    17.9364 
    1.5600    18.1467 
    1.5754    18.4353 
    1.5908    18.7239 
    1.6062    19.0105 
    1.6216    19.2906 
    1.6370    19.5708 
    1.6524    19.8407 
    1.6678    20.0548 
    1.6832    20.2688 
    1.6986    20.4808 
    1.7140    20.6686 
    1.7294    20.8564 
    1.7448    21.0442 
    1.8064    22.0073 
    1.8680    23.0707 
    1.9296    24.1441 
    1.9912    25.4186 
    2.0066    25.7001 
    2.0220    25.9432 
    2.0374    26.1413 
    2.1144    26.8531 
    2.1760    27.2553 
    2.2222    27.5742 
    2.2992    28.1853 
    2.3300    28.4254 
    2.4070    28.9186 
    2.4840    29.4229 
    2.5610    29.8110 
    2.6380    30.1981 
    2.7150    30.5840 
    2.7612    30.9936 
    2.7766    31.1994 
    2.8382    32.3190 
    2.8844    33.0234 
    2.9152    33.4843 
    2.9460    33.9160 
    2.9768    34.5107 
    3.0076    35.1069 
    3.0538    36.5646 
    3.1000    37.9896 
