    0.0500     1.3497 
    0.1453     3.0941 
    0.2088     4.1667 
    0.3041     5.4006 
    0.4311     7.3892 
    0.5582     8.9492 
    0.6534     9.9959 
    0.6852    10.4938 
    0.7487    11.7416 
    0.7805    12.2995 
    0.8440    13.0952 
    0.8758    13.3547 
    1.0346    14.4531 
    1.1616    15.4277 
    1.2569    16.0332 
    1.3522    16.5806 
    1.4474    17.1483 
    1.5427    17.7182 
    1.6380    18.2516 
    1.7968    19.1733 
    1.8286    19.4808 
    1.9556    20.7488 
    2.0509    21.8894 
    2.1462    22.7329 
    2.2414    23.7842 
    2.3367    25.2901 
    2.3685    25.6409 
    2.5273    26.9228 
    2.6543    28.4716 
    2.8131    29.6412 
    2.9719    30.8315 
    3.0672    31.7352 
    3.1625    32.3168 
    3.2578    32.9653 
    3.4166    33.0980 
    3.5754    33.8468 
    3.6389    34.1205 
    3.7977    34.7676 
    3.9565    35.5893 
    4.0200    35.9539 
    4.1788    37.1360 
    4.3376    38.9574 
    4.4964    40.7991 
    4.5917    42.0897 
    4.7187    43.7294 
    4.7505    44.3056 
    4.8775    46.8136 
    4.9093    47.3359 
    4.9410    47.9543 
    4.9728    48.6022 
    5.0046    49.2979 
    5.0363    49.9937 
    5.0681    50.6894 
    5.1951    54.4045 
    5.2904    57.1257 
    5.3539    58.8664 
    5.4174    60.1328 
    5.5127    61.6302 
    5.6080    62.6771 
    5.7033    63.7949 
    5.7986    64.9373 
    5.8938    66.0880 
    5.9891    67.1023 
    6.1162    68.9817 
    6.1479    69.5615 
    6.1797    70.1413 
    6.2114    70.7210 
    6.2432    71.3008 
    6.2750    71.8863 
    6.3067    72.5047 
    6.3385    73.1348 
    6.3702    73.8306 
    6.4020    74.7882 
    6.4338    76.1286 
    6.4655    77.5168 
    6.5926    81.7933 
    6.6243    82.1573 
    6.7831    83.5211 
    6.9102    84.4945 
    7.0372    85.1802 
    7.0690    85.4127 
    7.1325    86.1103 
    7.1960    87.5689 
    7.2595    89.5117 
    7.2913    90.6713 
    7.3230    92.0276 
    7.3548    93.6082 
    7.3866    95.4285 
    7.4183    96.9568 
    7.4818    99.9598 
    7.5454   102.5681 
    7.5771   103.5817 
