    0.1350     5.7210 
    0.1539     5.9022 
    0.1728     6.0833 
    0.1918     6.2800 
    0.2107     6.4898 
    0.2296     6.7011 
    0.2485     6.9302 
    0.2674     7.1593 
    0.2863     7.3887 
    0.3053     7.6182 
    0.3242     7.8495 
    0.4188     8.7797 
    0.4377     8.9996 
    0.5133    10.0946 
    0.5323    10.3016 
    0.5512    10.5086 
    0.5701    10.7499 
    0.5890    10.9963 
    0.6079    11.2500 
    0.6458    11.9823 
    0.6647    12.3725 
    0.7025    13.2544 
    0.7403    14.2901 
    0.7592    14.7700 
    0.7971    15.3905 
    0.8538    16.2090 
    0.8917    16.7622 
    0.9106    17.0950 
    0.9295    17.3870 
    0.9484    17.8009 
    0.9673    18.2740 
    0.9862    18.6244 
    1.0241    19.2125 
    1.0808    20.0023 
    1.0998    20.2044 
    1.1943    21.0276 
    1.2700    21.6521 
    1.3268    22.0786 
    1.4213    22.7858 
    1.4781    23.0305 
    1.5348    23.2753 
    1.5727    23.5313 
    1.6294    24.0622 
    1.6483    24.3554 
    1.6672    24.6488 
    1.6862    24.9510 
    1.7051    25.2530 
    1.7240    25.5564 
    1.7618    26.5013 
    1.7808    27.1489 
    1.8186    28.7095 
    1.8564    29.3641 
    1.8753    29.5411 
    1.9510    30.0339 
    2.0456    30.3903 
    2.1402    30.7289 
    2.2158    31.0928 
    2.2726    31.3542 
    2.3672    31.7710 
    2.4617    32.2036 
    2.4996    32.3309 
    2.5374    32.4582 
    2.5753    32.6367 
    2.6698    33.0433 
    2.7644    33.4500 
    2.8022    33.6533 
    2.8968    34.2633 
    2.9914    34.8733 
    3.0860    35.4833 
    3.1806    36.0933 
    3.2752    36.7033 
    3.3319    37.1100 
    3.3887    37.5167 
    3.4076    37.7200 
    3.4454    38.3300 
    3.4643    38.7367 
    3.5022    39.7533 
    3.5211    40.1600 
    3.5589    41.1767 
    3.5968    42.1933 
    3.6157    42.6000 
    3.6724    43.6167 
    3.7102    44.2267 
    3.7481    44.8367 
    3.8048    45.6500 
    3.8238    45.8533 
    3.9183    46.6667 
    3.9940    47.2767 
    4.0697    47.8867 
    4.1453    48.4967 
    4.2210    49.1067 
    4.2967    49.7167 
    4.3723    50.3267 
    4.4480    50.9367 
    4.5237    51.5467 
    4.5993    52.1567 
    4.6561    52.5633 
    4.7507    53.1733 
    4.7885    53.3767 
    4.8263    53.5800 
    4.8642    53.7833 
    4.9020    53.9867 
    4.9966    54.3933 
    5.0344    54.5967 
    5.1290    55.2067 
    5.2047    55.8167 
    5.2236    56.0200 
    5.2614    56.6300 
    5.2803    57.0367 
    5.3182    58.0533 
    5.3560    59.0700 
    5.3938    60.0867 
    5.4317    61.1033 
    5.4695    62.1200 
    5.4884    62.5267 
    5.5073    62.9333 
    5.5641    63.9500 
    5.6019    64.5600 
    5.6587    65.3733 
    5.7343    66.3900 
    5.7533    66.5933 
    5.7722    66.7967 
    5.7911    67.0000 
