    0.1000     0.1090 
    0.1400     0.5648 
    0.1800     0.9397 
    0.2200     1.1137 
    0.2300     1.1485 
    0.2400     1.1833 
    0.2500     1.2181 
    0.2600     1.2615 
    0.2700     1.3090 
    0.2800     1.3566 
    0.2900     1.4041 
    0.3000     1.4517 
    0.3400     1.6895 
    0.3700     1.9145 
    0.3900     2.0839 
    0.4200     2.3662 
    0.4500     2.6486 
    0.4800     2.9303 
    0.4900     3.0428 
    0.5100     3.3240 
    0.5300     3.6011 
    0.5500     3.8778 
    0.5700     4.0916 
    0.5900     4.3038 
    0.6000     4.3908 
    0.6300     4.6082 
    0.6600     4.8418 
    0.6900     5.0938 
    0.7200     5.3386 
    0.7500     5.5767 
    0.7800     5.8206 
    0.8000     5.9697 
    0.8300     6.1687 
    0.8700     6.4392 
    0.8800     6.4933 
    0.8900     6.5474 
    0.9000     6.6015 
    0.9100     6.6556 
    0.9200     6.7120 
    0.9700     6.9586 
    1.0200     7.2052 
    1.0700     7.4285 
    1.1200     7.6386 
    1.1300     7.6911 
    1.1400     7.7436 
    1.1500     7.7961 
    1.1900     8.0171 
    1.2200     8.1923 
    1.2400     8.3191 
    1.2600     8.4436 
    1.2900     8.6505 
    1.3000     8.7288 
    1.3200     8.9246 
    1.3400     9.1425 
    1.3500     9.2865 
    1.3600     9.4304 
    1.3700     9.5701 
    1.3800     9.7067 
    1.3900     9.8432 
    1.4000     9.9730 
    1.4100    10.0887 
    1.4200    10.2044 
    1.4300    10.3201 
    1.4400    10.4381 
    1.4500    10.5561 
    1.4600    10.6740 
    1.4700    10.8092 
    1.4800    10.9481 
    1.5000    11.1825 
    1.5100    11.2833 
    1.5400    11.5351 
    1.5700    11.7821 
    1.5900    11.9283 
    1.6200    12.1240 
    1.6600    12.3880 
    1.6700    12.4408 
    1.7200    12.6536 
    1.7600    12.8235 
    1.7900    12.9367 
    1.8400    13.1066 
    1.8600    13.1631 
    1.9100    13.2697 
    1.9600    13.3749 
    2.0100    13.4801 
    2.0600    13.5853 
    2.1100    13.6904 
    2.1600    13.8091 
    2.2100    13.9284 
    2.2600    14.0479 
    2.3100    14.1672 
    2.3600    14.2875 
    2.4100    14.4204 
    2.4600    14.5534 
    2.5100    14.6862 
    2.5400    14.8192 
    2.5500    14.8857 
    2.5900    15.2093 
    2.6300    15.5317 
    2.6700    15.8137 
    2.7100    16.0923 
    2.7500    16.3118 
    2.7900    16.5288 
    2.8300    16.7086 
    2.8400    16.7445 
    2.8500    16.7805 
    2.9000    16.9261 
    2.9400    17.0379 
    2.9700    17.1125 
    2.9900    17.1498 
    3.0400    17.2244 
    3.0900    17.3155 
    3.1400    17.4111 
    3.1900    17.5068 
    3.2400    17.6024 
    3.2900    17.6982 
    3.3400    17.8082 
    3.3900    17.9199 
    3.4400    18.0314 
    3.4600    18.0873 
    3.5100    18.2546 
    3.5600    18.4150 
    3.6100    18.5754 
    3.6600    18.7357 
    3.7100    18.8977 
    3.7600    19.0602 
    3.8100    19.2227 
    3.8400    19.3285 
    3.8700    19.4275 
    3.9000    19.5264 
    3.9400    19.6748 
    3.9800    19.8256 
    4.0200    19.9830 
    4.0600    20.1406 
    4.1000    20.2981 
