    0.0100    12.1148 
    0.0316    12.3530 
    0.0531    12.5911 
    0.0855    12.9287 
    0.0962    13.0138 
    0.1286    13.1838 
    0.1609    13.3420 
    0.1825    13.4210 
    0.2040    13.5001 
    0.2256    13.5791 
    0.2472    13.6582 
    0.2687    13.7428 
    0.3226    14.0120 
    0.3550    14.1914 
    0.3981    14.4812 
    0.4412    14.7810 
    0.4843    15.0761 
    0.5167    15.2700 
    0.5382    15.3669 
    0.5921    15.5603 
    0.6460    15.7277 
    0.6784    15.8952 
    0.6891    15.9789 
    0.7107    16.2019 
    0.7215    16.3328 
    0.7430    16.6366 
    0.7646    16.9079 
    0.7754    17.0200 
    0.7969    17.1882 
    0.8077    17.2453 
    0.8616    17.5329 
    0.9047    17.7554 
    0.9371    17.9232 
    0.9802    18.1749 
    1.0341    18.4996 
    1.0449    18.5800 
    1.0880    18.9845 
    1.0988    19.0659 
    1.1527    19.3838 
    1.1958    19.6069 
    1.2281    19.7557 
    1.2605    19.9117 
    1.3036    20.1485 
    1.3144    20.2274 
    1.3252    20.3093 
    1.3575    20.7381 
    1.3791    21.0548 
    1.4006    21.3523 
    1.4330    21.8454 
    1.4437    22.0412 
    1.4653    22.4968 
    1.4869    22.9274 
    1.4976    23.1073 
    1.5300    23.5569 
    1.5623    23.9165 
    1.6054    24.2969 
    1.6486    24.7143 
    1.6917    25.1512 
    1.7348    25.5010 
    1.7779    25.8573 
    1.7887    25.9287 
    1.7995    26.0032 
    1.8103    26.0932 
    1.8210    26.1832 
    1.8318    26.2732 
    1.8749    26.7155 
    1.9181    27.1442 
    1.9612    27.6261 
    2.0043    28.1976 
    2.0474    28.7912 
    2.0905    29.3547 
    2.1337    29.8105 
    2.1444    29.9012 
    2.1983    30.2570 
    2.2091    30.3459 
    2.2199    30.4349 
    2.2307    30.5120 
    2.2415    30.5845 
    2.2522    30.6569 
    2.2630    30.7294 
    2.2738    30.8018 
    2.2846    30.8742 
    2.2954    30.9435 
    2.3061    31.0018 
    2.3600    31.2348 
    2.4139    31.4897 
    2.4247    31.5560 
    2.4355    31.6223 
    2.4463    31.6886 
    2.4571    31.7540 
    2.4678    31.8164 
    2.4786    31.8787 
    2.4894    31.9411 
    2.5002    32.0035 
    2.5110    32.0658 
    2.5217    32.1282 
    2.5325    32.1846 
    2.5433    32.2390 
    2.5541    32.2933 
    2.5649    32.3476 
    2.5756    32.4020 
    2.5864    32.4563 
    2.5972    32.5110 
    2.6080    32.5665 
    2.6619    32.7886 
    2.7050    32.9851 
    2.7373    33.1303 
    2.7589    33.2029 
    2.8128    33.3450 
    2.8667    33.4661 
    2.9206    33.5872 
    2.9745    33.7083 
    3.0284    33.8493 
    3.0500    33.9211 
    3.1039    34.1365 
    3.1578    34.3412 
    3.2117    34.5424 
    3.2656    34.7217 
    3.3195    34.8859 
    3.3734    35.0496 
    3.4273    35.2127 
    3.4812    35.3905 
    3.5135    35.5364 
    3.5458    35.6823 
    3.5890    35.8781 
    3.6321    36.0437 
    3.6752    36.2211 
    3.7183    36.4308 
    3.7614    36.6408 
    3.8046    36.8536 
    3.8477    37.0664 
    3.8908    37.2599 
    3.9339    37.4521 
    3.9770    37.6394 
    4.0202    37.8254 
    4.0633    38.0370 
    4.1064    38.2648 
    4.1603    38.6119 
    4.1711    38.7063 
    4.2142    39.1491 
    4.2465    39.4629 
    4.2681    39.7065 
    4.3004    40.1006 
    4.3328    40.4549 
    4.3651    40.8360 
    4.3975    41.2210 
    4.4298    41.6060 
    4.4621    41.9910 
    4.4945    42.3760 
    4.5268    42.7610 
    4.5592    43.1460 
    4.5915    43.5310 
    4.6238    43.9160 
    4.6562    44.3010 
    4.6885    44.6860 
    4.7209    45.0710 
    4.7532    45.4560 
    4.7855    45.8410 
    4.7963    45.9950 
    4.8179    46.3800 
    4.8394    46.7650 
    4.8610    47.1500 
    4.8959    47.3750 
    5.0458    48.1500 
    5.1657    48.7313 
    5.3156    49.3125 
    5.3755    49.5062 
    5.5254    49.8937 
    5.6753    50.2812 
    5.8251    50.6687 
    5.9750    51.0562 
    6.1249    51.4437 
    6.2748    51.8312 
    6.4246    52.2188 
    6.4846    52.4125 
    6.6345    52.9937 
    6.7843    53.5750 
    6.8443    53.7687 
    6.9942    54.1562 
    7.1441    54.5437 
    7.2939    54.9312 
    7.4438    55.3187 
    7.5937    55.7062 
    7.7435    56.0938 
    7.8934    56.4812 
    8.0433    56.8687 
    8.1932    57.2562 
    8.3430    57.6437 
    8.4929    58.0312 
    8.6428    58.4187 
    8.7927    58.8062 
    8.9426    59.1937 
    9.0924    59.5812 
    9.1524    59.7750 
    9.2423    60.1625 
    9.2723    60.3562 
    9.3922    61.3250 
    9.4821    62.1000 
    9.5420    62.6812 
    9.6320    63.6500 
    9.7219    64.6187 
    9.8118    65.5875 
    9.9017    66.5562 
    9.9917    67.5250 
   10.0217    67.9125 
   10.0516    68.3000 
   10.1116    69.2688 
   10.1715    70.2375 
   10.2315    71.2063 
   10.2914    72.1750 
   10.3514    73.1438 
   10.4113    74.1125 
   10.4713    75.0813 
   10.5312    76.0500 
   10.5912    77.1210 
   10.6511    78.2808 
   10.7111    79.4405 
   10.7710    80.6004 
   10.8310    81.7601 
   10.8909    82.9199 
   10.9209    83.3838 
   11.0108    84.5436 
   11.0708    85.1253 
   11.1607    85.6110 
   11.2506    86.0967 
   11.3405    86.5823 
   11.4305    87.0680 
   11.5504    87.8687 
   11.5803    88.0625 
   11.6103    88.2562 
   11.6403    88.4500 
   11.6703    88.6437 
   11.7002    88.8375 
   11.7302    89.0312 
   11.7602    89.2250 
   11.7902    89.4187 
   11.8201    89.6125 
   11.8501    89.8062 
   11.8801    90.0000 
