    0.0500     8.4782 
    0.0598     8.8673 
    0.0696     9.2980 
    0.0794     9.7495 
    0.0892    10.1520 
    0.0990    10.5304 
    0.1088    10.9504 
    0.1186    11.4218 
    0.1235    11.7125 
    0.1284    11.9962 
    0.1333    12.2938 
    0.1382    12.6012 
    0.1431    12.9287 
    0.1480    13.2528 
    0.1529    13.5590 
    0.1578    13.8880 
    0.1627    14.1196 
    0.1725    14.4885 
    0.1774    14.6175 
    0.1970    15.0021 
    0.2117    15.2524 
    0.2264    15.5026 
    0.2411    15.7262 
    0.2558    15.9424 
    0.2705    16.1460 
    0.2852    16.3149 
    0.2999    16.4839 
    0.3244    16.7005 
    0.3342    16.7702 
    0.3587    16.9110 
    0.3734    16.9833 
    0.3881    17.0557 
    0.4028    17.1281 
    0.4175    17.2004 
    0.4322    17.2819 
    0.4420    17.3747 
    0.4567    17.5603 
    0.4616    17.6531 
    0.4714    17.9690 
    0.4763    18.1856 
    0.4861    18.7071 
    0.4959    19.2316 
    0.5057    19.7178 
    0.5155    20.2231 
    0.5253    20.8882 
    0.5302    21.1522 
    0.5400    21.5362 
    0.5596    22.1693 
    0.5645    22.2928 
    0.5841    22.6220 
    0.5988    22.8424 
    0.6086    22.9585 
    0.6331    23.1906 
    0.6576    23.4228 
    0.6723    23.5389 
    0.6870    23.6550 
    0.7017    23.7710 
    0.7164    23.8871 
    0.7311    24.0014 
    0.7458    24.0959 
    0.7605    24.1904 
    0.7752    24.2849 
    0.7899    24.3794 
    0.8046    24.4752 
    0.8193    24.5948 
    0.8340    24.7143 
    0.8487    24.8339 
    0.8634    24.9535 
    0.8781    25.0724 
    0.8928    25.1627 
    0.9075    25.2530 
    0.9222    25.3433 
    0.9369    25.4336 
    0.9614    25.6160 
    0.9761    25.8002 
    0.9810    25.8924 
    0.9957    26.3322 
    1.0055    26.6752 
    1.0202    27.2388 
    1.0349    27.8882 
    1.0496    28.6623 
    1.0643    29.2624 
    1.0692    29.3862 
    1.0741    29.5039 
    1.0790    29.6216 
    1.0839    29.7392 
    1.0888    29.8569 
    1.0937    29.9724 
    1.1182    30.4317 
    1.1427    30.8110 
    1.1672    31.1352 
    1.1721    31.2104 
    1.1770    31.2856 
    1.1917    31.6248 
    1.2064    32.0341 
    1.2113    32.1886 
    1.2211    32.5402 
    1.2309    32.9112 
    1.2407    33.3714 
    1.2456    33.6059 
    1.2505    33.8623 
    1.2554    34.1404 
    1.2603    34.4034 
    1.2652    34.6560 
    1.2701    34.8680 
    1.2750    35.0792 
    1.2799    35.2898 
    1.2848    35.5576 
    1.2897    35.8320 
    1.2946    36.0457 
    1.2995    36.2846 
    1.3044    36.5553 
    1.3093    36.8291 
    1.3142    37.1014 
    1.3191    37.1841 
    1.3338    37.2668 
    1.3485    37.3495 
    1.3632    37.4323 
    1.3779    37.5143 
    1.3926    37.5944 
    1.4073    37.6744 
    1.4220    37.7544 
    1.4367    37.8345 
    1.4514    37.9182 
    1.4661    38.0163 
    1.4808    38.1143 
    1.4955    38.2123 
    1.5102    38.3103 
    1.5249    38.4126 
    1.5396    38.5346 
    1.5543    38.6565 
    1.5690    38.7785 
    1.5837    38.9004 
    1.5984    39.0193 
    1.6131    39.1206 
    1.6278    39.2219 
    1.6425    39.3231 
    1.6670    39.5262 
    1.6915    39.8437 
    1.7062    40.0478 
    1.7209    40.2308 
    1.7405    40.5056 
    1.7454    40.6050 
    1.7601    41.0026 
    1.7699    41.3008 
    1.7748    41.4996 
    1.7846    41.9966 
    1.7944    42.4936 
    1.8042    42.9906 
    1.8140    43.4876 
    1.8238    43.9846 
    1.8287    44.1834 
    1.8385    44.4816 
    1.8434    44.5810 
    1.8581    44.7798 
    1.8826    44.9786 
    1.8973    45.0780 
    1.9120    45.1774 
    1.9267    45.2768 
    1.9414    45.3762 
    1.9561    45.4756 
    1.9708    45.5750 
    1.9855    45.6744 
    2.0002    45.7738 
    2.0149    45.8732 
    2.0296    45.9726 
    2.0443    46.0720 
    2.0590    46.1714 
    2.0737    46.2708 
    2.0884    46.3702 
    2.1031    46.4696 
    2.1178    46.5690 
    2.1325    46.6684 
    2.1472    46.7678 
    2.1619    46.8672 
    2.1766    46.9666 
    2.1913    47.0660 
    2.2060    47.1654 
    2.2305    47.3642 
    2.2403    47.4636 
    2.2452    47.5630 
    2.2501    47.7618 
    2.2599    48.2588 
    2.2697    48.7558 
    2.2795    49.2528 
    2.2893    49.7498 
    2.2991    50.2468 
    2.3089    50.7438 
    2.3187    51.2408 
    2.3236    51.5390 
    2.3285    51.8372 
    2.3334    52.1354 
    2.3383    52.4336 
    2.3432    52.7318 
    2.3530    53.2288 
    2.3579    53.4276 
    2.3677    53.7258 
    2.3873    54.2228 
    2.4020    54.6204 
    2.4118    54.9186 
    2.4210    55.3249 
    2.4517    56.4932 
    2.4824    57.6615 
    2.5028    58.5378 
    2.5130    59.1219 
    2.5335    60.5823 
    2.5437    61.1665 
    2.5539    61.7506 
    2.5743    62.6269 
    2.5846    62.9190 
    2.6152    63.5031 
    2.6663    64.3794 
    2.7174    65.2556 
    2.7685    66.1318 
    2.8196    67.0081 
    2.8707    67.8843 
    2.9014    68.4685 
    2.9423    69.3447 
    2.9934    70.5130 
    3.0036    70.8051 
    3.0445    72.2655 
    3.0547    72.5576 
    3.0649    72.8497 
    3.0751    73.1418 
    3.0853    73.4338 
    3.0956    73.7259 
    3.1364    75.1863 
    3.1467    75.4784 
    3.1569    75.7705 
    3.1671    76.0626 
    3.2080    77.7247 
    3.2386    79.1234 
    3.2693    80.5221 
    3.2897    81.5710 
    3.3000    82.2704 
    3.3204    84.0188 
    3.3408    85.4016 
    3.3511    85.7677 
    3.3715    86.3168 
    3.3817    86.4998 
    3.4328    87.2319 
    3.4839    88.3299 
    3.5350    89.4982 
    3.5452    89.7903 
    3.5861    91.2507 
    3.6168    92.4190 
    3.6474    93.5874 
    3.6679    94.4636 
    3.6883    95.3398 
    3.7088    96.2161 
    3.7292    97.0923 
    3.7599    98.5527 
    3.7905    99.9750 
    3.8007   100.4676 
    3.8212   101.7000 
    3.8416   102.9316 
    3.8621   104.1632 
    3.8825   105.4331 
    3.8927   105.9724 
    3.9029   106.5117 
    3.9336   107.8609 
    3.9540   108.6757 
    3.9847   109.7912 
    4.0256   111.3098 
    4.0358   111.6235 
    4.0869   112.8783 
    4.0971   113.1920 
    4.1073   113.5057 
    4.1482   115.0753 
    4.1687   116.0164 
    4.1789   116.6438 
    4.1993   118.2123 
    4.2198   119.7819 
    4.2402   121.3504 
    4.2606   122.9200 
    4.2811   124.4885 
    4.3015   126.0570 
    4.3220   127.6266 
    4.3424   129.1951 
    4.3628   130.6820 
    4.3833   132.1420 
    4.4037   133.6020 
    4.4242   135.0630 
    4.4344   135.9390 
    4.4446   136.5230 
    4.4548   136.8150 
    4.4753   137.1070 
    4.5264   137.6910 
    4.5775   138.2760 
    4.6286   138.8600 
    4.6490   139.1520 
    4.7001   140.0280 
    4.7205   140.3200 
    4.7716   140.9040 
    4.8227   141.4880 
    4.8738   142.0730 
    4.8943   142.3650 
    4.9454   143.2410 
    4.9863   144.1170 
    4.9965   144.4090 
    5.0271   145.5780 
    5.0476   146.4540 
    5.0578   147.0380 
    5.0782   148.4980 
    5.0987   149.9590 
    5.1191   151.4190 
    5.1396   152.8800 
