    0.0000     0.2224 
    0.0057     0.8363 
    0.0114     1.1037 
    0.0171     1.3778 
    0.0228     1.6989 
    0.0285     2.0790 
    0.0399     2.7128 
    0.0513     3.3442 
    0.0570     3.7170 
    0.0627     4.0419 
    0.0684     4.3282 
    0.0741     4.6210 
    0.0798     4.9441 
    0.0855     5.2797 
    0.0912     5.6004 
    0.0969     5.9314 
    0.1026     6.2749 
    0.1083     6.6393 
    0.1140     7.0469 
    0.1197     7.4372 
    0.1254     7.7909 
    0.1311     8.0886 
    0.1368     8.3758 
    0.1482     8.8302 
    0.1539     9.0060 
    0.1653     9.3255 
    0.1767     9.6405 
    0.1938    10.0317 
    0.2166    10.4675 
    0.2223    10.5558 
    0.2451    10.8429 
    0.2622    11.0508 
    0.2736    11.1554 
    0.2907    11.2685 
    0.3078    11.3815 
    0.3249    11.4945 
    0.3420    11.6075 
    0.3705    11.8274 
    0.3990    12.0461 
    0.4275    12.2775 
    0.4560    12.5146 
    0.4845    12.7604 
    0.5130    13.0145 
    0.5415    13.2625 
    0.5700    13.4986 
    0.5985    13.7400 
    0.6270    14.0079 
    0.6555    14.4248 
    0.6726    14.7231 
    0.6954    15.1635 
    0.7239    15.7172 
    0.7524    16.1919 
    0.7809    16.5728 
    0.8094    16.8963 
    0.8151    16.9800 
    0.8379    17.4431 
    0.8436    17.5505 
    0.8493    17.6579 
    0.8550    17.7749 
    0.8607    17.9001 
    0.8664    18.0254 
    0.8721    18.1507 
    0.9006    18.6350 
    0.9291    19.1194 
    0.9519    19.4684 
    0.9747    19.8025 
    0.9975    20.1561 
    1.0260    20.7456 
    1.0317    20.9057 
    1.0374    21.0604 
    1.0431    21.2085 
    1.0488    21.3566 
    1.0545    21.5047 
    1.0602    21.6526 
    1.0887    22.2372 
    1.1115    22.6228 
    1.1286    22.8797 
    1.1457    23.1481 
    1.1742    23.5510 
    1.1856    23.6853 
    1.2141    23.9538 
    1.2255    24.0705 
    1.2426    24.2892 
    1.2597    24.5180 
    1.2768    24.7947 
    1.2939    25.0710 
    1.3110    25.2800 
    1.3281    25.4889 
    1.3452    25.7013 
    1.3623    25.9144 
    1.3908    26.2984 
    1.4193    26.6950 
    1.4478    27.0773 
    1.4763    27.5025 
    1.4934    27.8000 
    1.5162    28.3405 
    1.5219    28.5208 
    1.5447    29.3678 
    1.5618    29.9116 
    1.5732    30.3101 
    1.5903    30.7707 
    1.5960    30.8788 
    1.6017    30.9760 
    1.6074    31.0629 
    1.6131    31.1499 
    1.6188    31.2369 
    1.6245    31.3259 
    1.6302    31.4250 
    1.6359    31.5239 
    1.6416    31.6229 
    1.6473    31.7220 
    1.6530    31.8161 
    1.6587    31.9093 
    1.6644    32.0023 
    1.6701    32.0955 
    1.6758    32.1829 
    1.6815    32.2641 
    1.6872    32.3452 
    1.6929    32.4263 
    1.6986    32.5077 
    1.7043    32.5906 
    1.7100    32.6736 
    1.7157    32.7565 
    1.7214    32.8393 
    1.7271    32.9421 
    1.7556    33.3680 
    1.7841    33.7311 
    1.7898    33.8383 
    1.8126    34.3622 
    1.8297    34.7374 
    1.8411    34.9825 
    1.8582    35.4074 
    1.8639    35.6254 
    1.8753    36.0816 
    1.8867    36.5812 
    1.8924    36.8984 
    1.9038    37.3942 
    1.9095    37.5827 
    1.9209    37.8604 
    1.9266    37.9654 
    1.9323    38.0788 
    1.9380    38.1921 
    1.9437    38.3055 
    1.9665    38.9900 
    1.9722    39.1096 
    1.9779    39.2267 
    1.9836    39.3439 
    1.9893    39.4609 
    1.9950    39.5810 
    2.0235    40.0611 
    2.0463    40.3785 
    2.0634    40.5979 
    2.0919    40.9429 
    2.1204    41.2878 
    2.1375    41.5178 
    2.1546    41.7477 
    2.1717    41.9777 
    2.1888    42.2077 
    2.2059    42.4376 
    2.2287    42.7826 
    2.2515    43.1275 
    2.2800    43.5874 
    2.3085    44.0473 
    2.3370    44.5073 
    2.3427    44.6222 
    2.3655    45.1971 
    2.3826    45.6571 
    2.3940    46.0020 
    2.3997    46.2320 
    2.4111    46.8069 
    2.4168    47.1518 
    2.4225    47.4967 
    2.4282    47.8417 
    2.4396    48.4166 
    2.4453    48.6465 
    2.4624    49.2214 
    2.4795    49.6814 
    2.4852    49.7963 
    2.5080    50.1413 
    2.5251    50.3712 
    2.5365    50.4862 
    2.5650    50.7162 
    2.5935    50.9461 
    2.6220    51.1761 
    2.6505    51.4061 
    2.6790    51.7510 
    2.6961    51.9810 
    2.7189    52.3259 
    2.7246    52.4409 
    2.7417    52.9008 
    2.7531    53.2457 
    2.7588    53.4757 
    2.7702    54.0506 
    2.8166    55.5688 
    2.8583    57.1121 
    2.8860    58.2696 
    2.9137    59.4270 
    2.9415    60.5845 
    2.9831    62.5136 
    3.0248    64.4428 
    3.0525    65.6003 
    3.1080    67.5294 
    3.1219    67.9152 
    3.1357    68.3010 
    3.1496    68.6869 
    3.1635    69.0727 
    3.1774    69.4585 
    3.1913    69.8443 
    3.2051    70.2302 
    3.2190    70.6160 
    3.2329    71.0018 
    3.2468    71.3876 
    3.3022    73.3168 
    3.3439    74.8601 
    3.3716    76.0175 
    3.4133    77.7700 
    3.4688    80.0796 
    3.4826    80.5415 
    3.4965    81.0033 
    3.5104    81.4652 
    3.5242    81.9272 
    3.5798    84.2367 
    3.6214    85.5676 
    3.6491    86.2929 
    3.6908    87.2601 
    3.7324    88.7498 
    3.7740    90.2931 
    3.8018    91.4505 
    3.8434    93.3797 
    3.8573    94.1513 
    3.8850    96.0804 
    3.9128    98.0096 
    3.9405    99.9123 
    3.9682   101.5398 
    3.9960   103.1670 
    4.0099   103.8182 
    4.0376   104.7942 
    4.0793   106.1996 
    4.1348   107.9810 
    4.1902   109.8065 
    4.2458   111.8297 
    4.2874   113.4874 
    4.3151   114.7315 
    4.3567   116.8038 
    4.3706   117.6321 
    4.3845   118.4615 
    4.3984   119.2909 
    4.4123   120.1192 
    4.4539   122.1916 
    4.4955   124.2639 
    4.5371   126.3374 
    4.5788   128.4097 
    4.6204   130.4190 
    4.6620   132.3480 
    4.7036   134.2770 
    4.7175   135.0490 
    4.7314   135.8200 
    4.7591   136.9780 
    4.7730   137.3640 
    4.8146   138.1350 
    4.8424   138.5210 
    4.9117   139.2930 
    4.9811   140.0640 
    5.0505   140.8360 
    5.0782   141.2220 
    5.1476   142.3790 
    5.1893   143.1510 
    5.2447   144.3090 
    5.3141   145.8520 
    5.3280   146.2380 
    5.3419   146.6240 
    5.3557   147.0090 
    5.3696   147.3950 
    5.4251   149.3240 
    5.4668   150.8680 
    5.4945   152.0250 
    5.5222   153.1830 
