    0.0000     0.2197 
    0.0200     1.0195 
    0.0400     1.4692 
    0.0599     2.0526 
    0.0799     2.6780 
    0.0999     3.3014 
    0.1199     3.9082 
    0.1399     4.3800 
    0.1598     4.8836 
    0.1798     5.4294 
    0.1998     5.9688 
    0.2198     6.5506 
    0.2398     7.2135 
    0.2597     7.8072 
    0.2797     8.2895 
    0.2997     8.7431 
    0.3130     9.0034 
    0.3330     9.4243 
    0.3530     9.8311 
    0.3730    10.1887 
    0.3929    10.5347 
    0.4196    11.0191 
    0.4262    11.1218 
    0.4595    11.5657 
    0.4862    11.8920 
    0.5128    12.2244 
    0.5328    12.4583 
    0.5661    12.8223 
    0.5861    13.0730 
    0.6127    13.4304 
    0.6194    13.5469 
    0.6460    14.1879 
    0.6660    14.7666 
    0.6793    15.1999 
    0.6926    15.6188 
    0.7060    15.9889 
    0.7259    16.4956 
    0.7459    16.8999 
    0.7659    17.3334 
    0.7726    17.5454 
    0.7792    17.7656 
    0.7925    18.1366 
    0.8125    18.6151 
    0.8392    19.2129 
    0.8458    19.3303 
    0.8525    19.4398 
    0.8591    19.5495 
    0.8924    20.0002 
    0.9257    20.5256 
    0.9590    21.1454 
    0.9923    21.7287 
    1.0190    22.1615 
    1.0456    22.5522 
    1.0723    22.9338 
    1.0989    23.3315 
    1.1255    23.7290 
    1.1522    24.1018 
    1.1788    24.4255 
    1.2055    24.8234 
    1.2321    25.1932 
    1.2587    25.5025 
    1.2854    25.8175 
    1.3120    26.1709 
    1.3387    26.5689 
    1.3720    27.0722 
    1.3786    27.2072 
    1.3853    27.3492 
    1.4119    28.1368 
    1.4319    28.8366 
    1.4519    29.4719 
    1.4719    30.0063 
    1.4918    30.5176 
    1.5185    31.0277 
    1.5251    31.1136 
    1.5318    31.1994 
    1.5385    31.2852 
    1.5451    31.3797 
    1.5518    31.4774 
    1.5584    31.5752 
    1.5651    31.6728 
    1.5984    32.0444 
    1.6051    32.1363 
    1.6117    32.2174 
    1.6384    32.6205 
    1.6583    32.9755 
    1.6717    33.2965 
    1.6783    33.4804 
    1.6916    33.9645 
    1.7050    34.4736 
    1.7183    34.9046 
    1.7316    35.3057 
    1.7449    35.8274 
    1.7516    35.9901 
    1.7649    36.2525 
    1.7716    36.3555 
    1.7915    36.5616 
    1.8248    36.8743 
    1.8382    36.9789 
    1.8515    37.0830 
    1.8648    37.1775 
    1.8781    37.2718 
    1.9114    37.5532 
    1.9314    37.7359 
    1.9580    38.0353 
    1.9847    38.3710 
    2.0113    38.7839 
    2.0380    39.1681 
    2.0646    39.5149 
    2.0912    39.8774 
    2.1179    40.2073 
    2.1445    40.5224 
    2.1712    40.8628 
    2.1978    41.2032 
    2.2311    41.6572 
    2.2644    42.1111 
    2.2711    42.2246 
    2.2777    42.3380 
    2.2844    42.4515 
    2.2910    42.5650 
    2.2977    42.6785 
    2.3044    42.7920 
    2.3110    42.9054 
    2.3377    43.4728 
    2.3643    44.0402 
    2.3909    44.6076 
    2.4176    45.1750 
    2.4442    45.7424 
    2.4642    46.1964 
    2.4775    46.5368 
    2.4975    47.1042 
    2.5164    47.4665 
    2.5339    47.8523 
    2.5513    48.2381 
    2.5688    48.6240 
    2.5863    49.0098 
    2.6038    49.3956 
    2.6212    49.7814 
    2.6387    50.1672 
    2.6562    50.5531 
    2.6737    50.9389 
    2.6911    51.3247 
    2.7086    51.7105 
    2.7261    52.0964 
    2.7436    52.4822 
    2.7611    52.8680 
    2.7785    53.2538 
    2.7960    53.6397 
    2.8135    54.0255 
    2.8310    54.4113 
    2.9183    55.9546 
    2.9882    57.1121 
    3.0406    57.8838 
    3.0756    58.2696 
    3.1105    58.6554 
    3.1979    59.4270 
    3.2853    60.1987 
    3.3727    60.9703 
    3.4600    62.1278 
    3.5125    62.8995 
    3.5999    64.4428 
    3.6872    65.9861 
    3.7047    66.3719 
    3.7746    68.3010 
    3.7921    68.6869 
    3.8096    69.0727 
    3.8270    69.4585 
    3.8445    69.8443 
    3.8620    70.2302 
    3.8794    70.6160 
    3.8969    71.0018 
    3.9144    71.3876 
    3.9319    71.7735 
    3.9493    72.1593 
    4.0367    73.7026 
    4.1241    75.2459 
    4.1416    75.6317 
    4.1590    76.0175 
    4.1765    76.4034 
    4.1940    76.8462 
    4.2115    77.3081 
    4.2290    77.7700 
    4.2988    80.0796 
    4.3163    80.5415 
    4.3338    81.0033 
    4.4212    82.8509 
    4.4911    84.2367 
    4.5435    85.0840 
    4.5959    85.5676 
    4.6483    86.0511 
    4.7008    86.5347 
    4.7707    87.2601 
    4.8581    88.7498 
    4.9454    90.2931 
    4.9629    90.6789 
    5.0328    92.6080 
    5.1027    94.5371 
    5.1726    96.4663 
    5.1901    96.8521 
    5.2076    97.2379 
    5.2250    97.6237 
    5.2425    98.0096 
    5.2600    98.3954 
    5.2775    98.7812 
    5.2949    99.1670 
    5.3823   100.5629 
    5.3998   100.8885 
    5.4173   101.2142 
    5.4871   102.8414 
    5.5396   104.1430 
    5.5745   105.1311 
    5.6269   106.9125 
    5.6794   108.7006 
    5.7318   110.5857 
    5.7842   112.6580 
    5.8366   114.7315 
    5.8891   116.8038 
    5.9415   118.8762 
    5.9939   120.9486 
    6.0464   123.0209 
    6.0988   125.0933 
    6.1163   125.9227 
    6.1512   127.9950 
    6.1861   130.0330 
    6.2211   131.9620 
    6.2561   133.8910 
    6.2735   135.0490 
    6.2910   136.2060 
    6.3085   137.3640 
    6.3259   138.5210 
    6.3434   139.2930 
    6.3784   140.4500 
    6.3959   140.8360 
    6.4657   141.9940 
    6.5357   143.1510 
    6.6056   144.3090 
    6.6929   145.8520 
    6.7104   146.2380 
    6.7803   148.1670 
    6.8327   149.7100 
    6.8852   151.2530 
    6.9376   152.7970 
