    0.0000     0.0178 
    0.0299     1.7524 
    0.0599     3.4491 
    0.1197     5.8439 
    0.1796     8.4304 
    0.2095     9.2753 
    0.2694    10.5520 
    0.3592    12.4971 
    0.3891    13.0561 
    0.4191    13.5932 
    0.5687    16.0544 
    0.6885    17.2413 
    0.8381    19.3592 
    0.9579    21.1254 
    1.0776    22.9953 
    1.1674    24.1589 
    1.3171    25.7259 
    1.4667    27.4527 
    1.5565    28.9729 
    1.7062    31.1932 
    1.7361    31.6203 
    1.7661    32.0440 
    1.7960    32.4199 
    1.8259    32.7892 
    1.8559    33.2532 
    1.9756    35.3267 
    2.0953    37.5465 
    2.1253    37.9749 
    2.2450    39.6431 
    2.3348    40.6502 
    2.4845    42.1935 
    2.6341    43.7368 
    2.7239    44.7657 
    2.8437    46.3090 
    2.8736    46.8234 
    2.9035    47.3379 
    2.9335    47.8523 
    2.9634    48.3667 
    2.9933    48.8812 
    3.1430    50.9389 
    3.2927    52.9966 
    3.4423    55.0544 
    3.5920    57.1121 
    3.6219    57.6265 
    3.6519    58.1410 
    3.6818    58.6554 
    3.7117    59.1698 
    3.8315    61.7420 
    3.8614    62.2564 
    3.8913    62.7709 
    4.0410    64.8286 
    4.1907    66.8863 
    4.3403    68.9441 
    4.4900    71.0018 
    4.6397    73.0595 
    4.6696    73.5740 
    4.6995    74.0884 
    4.7295    74.6028 
    4.8492    77.3081 
    4.9689    80.3875 
    5.0887    83.4668 
    5.2084    85.8093 
    5.2383    86.1317 
    5.2683    86.4541 
    5.3880    87.4637 
    5.4778    88.4925 
    5.5676    89.5214 
    5.6574    90.5503 
    5.7472    91.5791 
    5.8370    92.6080 
    5.9567    94.1513 
    6.1064    96.2090 
    6.1363    96.7235 
    6.2561    99.2956 
    6.3758   101.5398 
    6.4955   103.7094 
    6.5255   104.1430 
    6.6452   105.4876 
    6.7350   106.4379 
    6.8248   107.3872 
    6.9745   108.8238 
    7.1241   110.3096 
    7.2738   111.9673 
    7.4235   113.6260 
    7.5731   115.2837 
    7.6629   116.3892 
    7.7827   118.0468 
    7.8126   118.6001 
    7.8425   119.1523 
    7.9323   121.3633 
    7.9922   123.0209 
    8.0820   125.7841 
    8.1119   126.8896 
    8.1718   129.6470 
    8.2317   132.2190 
    8.2915   134.7920 
    8.3215   135.8200 
    8.4113   138.3930 
    8.4711   139.9360 
    8.5609   141.9940 
    8.6507   144.0510 
    8.7106   145.5950 
    8.8004   148.1670 
    8.8303   149.1960 
    8.8902   151.7680 
