    0.0997     0.0178 
    0.1243     1.7524 
    0.1490     3.4491 
    0.1737     4.8612 
    0.1983     6.3587 
    0.2230     8.0013 
    0.2723    10.1601 
    0.2970    10.9916 
    0.3217    11.4838 
    0.3957    12.4971 
    0.4450    13.0561 
    0.4943    13.5932 
    0.5437    14.1787 
    0.5930    14.8349 
    0.7163    16.0544 
    0.7903    16.8670 
    0.8643    17.7241 
    0.9137    18.2832 
    1.0370    19.3592 
    1.1603    20.4197 
    1.2837    21.7859 
    1.4070    22.9953 
    1.5303    24.1589 
    1.6537    25.2546 
    1.7770    26.2589 
    1.9003    27.4527 
    2.0237    28.9729 
    2.1470    30.2504 
    2.2703    31.1932 
    2.3197    31.6203 
    2.4430    32.7892 
    2.5663    34.1404 
    2.6897    35.3267 
    2.7637    36.1833 
    2.8623    37.5465 
    2.9857    39.6431 
    3.0103    40.1649 
    3.1090    42.7080 
    3.2077    45.2801 
    3.3063    47.8523 
    3.3310    48.3667 
    3.3557    48.8812 
    3.3803    49.3956 
    3.4790    50.9389 
    3.5530    51.9678 
    3.6270    52.9966 
    3.7010    54.0255 
    3.7750    55.0544 
    3.8737    56.5977 
    3.9723    58.1410 
    4.0710    59.6843 
    4.1450    60.7131 
    4.2683    62.2564 
    4.3917    63.7997 
    4.5150    65.3430 
    4.6383    66.8863 
    4.7123    67.9152 
    4.8110    69.4585 
    4.9343    71.5162 
    4.9590    72.0307 
    5.0330    74.0884 
    5.0577    75.1173 
    5.1070    77.9239 
    5.1563    81.0033 
    5.2057    82.8509 
    5.2303    83.4668 
    5.3537    85.4870 
    5.4770    86.7765 
    5.5017    87.0988 
    5.5510    88.4925 
    5.5757    89.5214 
    5.6250    92.0936 
    5.6743    94.6657 
    5.7237    97.2379 
    5.7483    98.2668 
    5.7730    99.2956 
    5.7977   100.2382 
    5.8470   102.4078 
    5.8963   104.5774 
    5.9457   106.9125 
    5.9950   109.3147 
    6.0443   111.9673 
    6.0937   114.7304 
    6.1430   117.4946 
    6.1923   120.2578 
    6.2417   123.0209 
    6.2910   125.7841 
    6.3403   128.5472 
    6.3897   131.1900 
    6.4637   133.7630 
    6.5130   135.3060 
    6.5623   136.8490 
    6.6117   138.3930 
    6.6857   140.4500 
    6.7843   143.0220 
    6.8830   145.5950 
    6.9817   148.1670 
    7.0557   150.2250 
    7.1297   152.2820 
