    0.2500    10.6954 
    0.2624    10.9034 
    0.2748    11.1114 
    0.2872    11.3343 
    0.2996    11.5604 
    0.3120    11.7818 
    0.3244    12.0006 
    0.3368    12.2282 
    0.3492    12.4653 
    0.3616    12.7077 
    0.3740    12.9618 
    0.4236    13.6859 
    0.4608    14.2205 
    0.5228    15.1038 
    0.5848    15.9159 
    0.6220    16.3472 
    0.6592    16.7012 
    0.7088    17.1969 
    0.7584    17.8491 
    0.8080    18.5862 
    0.8576    19.3123 
    0.9072    19.9906 
    0.9568    20.8411 
    1.0064    21.7399 
    1.0684    22.8258 
    1.1304    23.9002 
    1.1428    24.1362 
    1.1552    24.3549 
    1.1676    24.6013 
    1.1800    24.8779 
    1.1924    25.1340 
    1.2048    25.3429 
    1.2172    25.5524 
    1.2296    25.7656 
    1.2420    25.9787 
    1.2544    26.2452 
    1.2668    26.5141 
    1.2792    26.7720 
    1.2916    27.0269 
    1.3040    27.3019 
    1.3412    28.6267 
    1.3660    29.5868 
    1.3908    30.3910 
    1.4280    31.3864 
    1.4404    31.7799 
    1.4652    32.6415 
    1.4900    33.6045 
