    0.0200     4.4948 
    0.0899     5.5931 
    0.1597     7.0103 
    0.2296     8.1555 
    0.3344     9.8187 
    0.4043    11.2552 
    0.4741    12.8357 
    0.5091    13.4151 
    0.5789    14.3640 
    0.6837    15.8529 
    0.7187    16.1880 
    0.7536    16.5002 
    0.9283    17.8159 
    0.9632    18.1384 
    0.9981    18.3814 
    1.0331    18.6168 
    1.0680    18.8919 
    1.1029    19.2249 
    1.1379    19.5709 
    1.1728    19.8530 
    1.2077    20.1193 
    1.2427    20.3820 
    1.2776    20.7436 
    1.3125    21.1080 
    1.3475    21.4749 
    1.3824    21.7609 
    1.4173    22.0276 
    1.4523    22.2716 
    1.4872    22.5151 
    1.5221    22.7592 
    1.6968    24.0783 
    1.7317    24.5197 
    1.7667    24.9597 
    1.8016    25.3882 
    1.8365    25.7706 
    1.8715    26.1240 
    1.9064    26.5142 
    1.9413    26.8966 
    2.0811    29.5472 
    2.1160    29.9535 
    2.1509    30.3501 
    2.1859    30.9606 
    2.2208    31.5575 
    2.2557    31.8941 
    2.2907    32.2328 
    2.3256    32.5802 
    2.3605    32.9785 
    2.3955    33.0630 
    2.4304    32.9445 
    2.4653    33.2254 
    2.5003    33.5133 
    2.5352    33.8080 
    2.5701    34.1251 
    2.6051    34.4796 
    2.6400    34.8881 
    2.6749    35.3762 
    2.7099    35.8431 
    2.7448    36.2326 
    2.7797    36.6943 
    2.8147    37.2414 
    2.8496    38.0160 
    2.8845    38.6843 
    3.0592    41.5460 
    3.1989    43.5338 
    3.3037    44.8575 
    3.3736    45.4756 
    3.5483    46.5545 
    3.7229    47.8105 
    3.8976    50.1723 
    4.0024    51.7906 
    4.1072    53.5610 
    4.2120    55.3361 
    4.3168    56.8543 
    4.4216    58.2300 
    4.5963    59.9159 
    4.7011    60.7204 
    4.8408    61.6747 
    4.9805    62.4324 
    5.1552    63.4084 
    5.1901    63.6782 
    5.2251    63.9479 
    5.2600    64.2640 
    5.2949    64.6236 
    5.3299    64.9833 
    5.3648    65.3399 
    5.3997    65.6636 
    5.4347    65.9873 
    5.4696    66.2989 
    5.5045    66.5688 
    5.5395    66.8386 
    5.5744    67.1919 
    5.6093    67.5615 
    5.7840    69.6230 
    5.9587    72.3546 
    5.9936    73.0798 
    6.1333    79.7699 
    6.1683    80.7676 
    6.2032    81.4465 
    6.2381    81.8766 
    6.2731    82.2867 
    6.3080    82.6744 
    6.3429    83.0615 
    6.3779    83.4758 
    6.4128    83.9066 
    6.4477    84.3208 
    6.6224    85.3793 
    6.6573    85.6499 
    6.6923    85.9200 
    6.7971    87.1634 
    6.8669    88.4127 
    6.9717    91.4113 
    7.0765    96.1668 
    7.1813    99.8397 
    7.2861   102.8732 
    7.3560   104.5934 
    7.4608   106.6921 
    7.5656   109.4151 
    7.6704   113.0234 
    7.7752   118.2647 
    7.9149   122.8665 
    7.9499   123.7885 
    7.9848   124.7547 
    8.1245   128.7581 
    8.2992   131.4779 
    8.3691   132.3653 
    8.4389   133.0846 
    8.5088   133.8775 
    8.6136   135.9460 
    8.7533   137.1016 
    8.7883   137.3248 
    8.9280   138.7328 
    8.9629   139.4521 
    9.1376   142.2890 
    9.3123   143.7908 
    9.3472   144.1505 
    9.4869   146.2106 
    9.6616   148.6954 
    9.8363   151.9677 
    9.8712   152.8672 
