    0.0100     0.0000 
    0.0599     2.8242 
    0.1098     4.7767 
    0.1597     7.1078 
    0.1930     8.2488 
    0.2262     9.3596 
    0.2595    10.2353 
    0.2928    11.1210 
    0.3427    12.4219 
    0.4092    13.9302 
    0.4258    14.3141 
    0.5090    15.8494 
    0.5922    17.1938 
    0.6753    18.4341 
    0.7419    19.3429 
    0.8084    20.2276 
    0.8749    21.2971 
    0.9415    22.1760 
    1.0080    22.9313 
    1.0745    23.9875 
    1.1411    25.3396 
    1.2076    26.5062 
    1.2741    28.0566 
    1.3407    29.6150 
    1.4072    31.1341 
    1.4737    32.3518 
    1.5403    33.0028 
    1.6068    33.6713 
    1.6733    34.7365 
    1.7565    36.5745 
    1.8397    39.2241 
    1.9228    42.2670 
    2.0060    44.9409 
    2.0892    47.2691 
    2.1723    50.4726 
    2.2555    54.0059 
    2.3387    57.2985 
    2.3553    57.9937 
    2.4218    60.6458 
    2.4884    62.2030 
    2.5549    63.4391 
    2.6214    65.0796 
    2.6880    66.6826 
    2.7046    66.9956 
    2.7212    67.3666 
    2.7379    67.7698 
    2.7545    68.1871 
    2.7711    68.6726 
    2.7878    69.3581 
    2.8044    70.0537 
    2.8210    70.7492 
    2.8876    74.8483 
    2.9541    81.4371 
    3.0206    83.5338 
    3.0872    85.1869 
    3.1537    86.5583 
    3.2202    88.6710 
    3.2868    92.0387 
    3.3533    96.9630 
    3.4198   100.4841 
    3.4864   103.5817 
    3.5529   106.3002 
    3.6194   109.8679 
    3.6361   110.7632 
    3.7192   115.1460 
    3.7858   119.0716 
    3.8523   121.8811 
    3.9188   124.7144 
    3.9687   127.5970 
    4.0519   130.6612 
    4.1351   133.2343 
    4.2182   136.1321 
    4.2681   136.9291 
    4.3347   137.5863 
    4.4178   139.1475 
    4.5010   142.1144 
    4.5176   142.6155 
    4.5343   142.9863 
    4.6008   144.9037 
    4.6673   147.3728 
    4.7339   151.2722 
    4.7505   152.1999 
    4.7671   153.1271 
