    0.0200     0.8800 
    0.0904     2.1233 
    0.1607     3.1738 
    0.2311     4.2226 
    0.3014     5.0413 
    0.3718     6.1652 
    0.3894     6.3997 
    0.4773     7.3768 
    0.4949     7.5798 
    0.5125     7.7740 
    0.5301     7.9430 
    0.6005     8.8466 
    0.6532     9.5095 
    0.6884     9.9369 
    0.7412    10.6686 
    0.7940    11.3935 
    0.8467    12.1527 
    0.8995    12.9697 
    0.9347    13.4182 
    0.9699    13.8437 
    1.0226    14.5656 
    1.0930    15.5193 
    1.1106    15.7068 
    1.1282    15.8757 
    1.1458    16.0446 
    1.1634    16.2123 
    1.1809    16.3694 
    1.1985    16.5266 
    1.2865    17.1897 
    1.3744    17.8538 
    1.4624    18.4112 
    1.5503    18.9333 
    1.6383    19.6180 
    1.7262    20.1664 
    1.8142    20.8159 
    1.9021    21.5389 
    1.9901    22.0845 
    2.0077    22.2075 
    2.0253    22.3304 
    2.0429    22.4531 
    2.0604    22.5759 
    2.0780    22.6988 
    2.0956    22.8225 
    2.1132    22.9462 
    2.1308    23.0730 
    2.1484    23.2282 
    2.2363    23.9843 
    2.3243    24.8747 
    2.4122    25.7072 
    2.5002    26.4503 
    2.5881    27.2160 
    2.6057    27.5222 
    2.6761    29.0671 
    2.7464    30.1113 
    2.8168    31.5300 
    2.8344    31.6998 
    2.8520    31.8695 
    2.8696    32.0396 
    2.9399    32.9592 
    3.0103    33.0771 
    3.0807    33.8059 
    3.1510    34.6893 
    3.1686    34.8952 
    3.1862    35.1363 
    3.2038    35.3891 
    3.2214    35.6420 
    3.2390    35.8564 
    3.2566    36.0527 
    3.2742    36.2490 
    3.3621    37.2869 
    3.4501    38.7306 
    3.5204    39.6445 
    3.5732    40.4369 
    3.6260    41.2435 
    3.7139    42.3471 
    3.7491    42.6905 
    3.8370    43.3069 
    3.9250    43.9385 
    4.0129    44.6184 
    4.0481    44.9583 
    4.1361    45.8327 
    4.2240    46.6485 
    4.3120    47.5850 
    4.3999    48.7148 
    4.4879    49.9386 
    4.5758    51.1625 
    4.6638    52.4246 
    4.7517    53.7844 
    4.8397    55.1425 
    4.9276    56.3315 
    4.9804    57.0567 
    5.0332    57.7511 
    5.0859    58.4310 
    5.1563    59.3269 
    5.2266    60.0464 
    5.2970    60.6583 
    5.3849    61.3649 
    5.4025    61.5009 
    5.4201    61.6368 
    5.4905    62.2987 
    5.5609    62.8427 
    5.6312    63.5222 
    5.7016    64.2432 
    5.7192    64.4245 
    5.7367    64.6058 
    5.7543    64.7871 
    5.7719    64.9684 
    5.7895    65.1497 
    5.8599    65.9819 
    5.9302    66.7047 
    6.0006    67.5715 
    6.0710    68.6551 
    6.1413    70.3415 
    6.1589    70.6814 
    6.1765    71.0214 
    6.2645    72.4202 
    6.3524    73.9824 
    6.4403    76.8976 
    6.5283    79.9347 
    6.5459    80.4231 
    6.5635    80.9114 
    6.5811    81.2640 
    6.5987    81.5137 
    6.6163    81.7308 
    6.6338    81.9478 
    6.6514    82.1585 
    6.6690    82.3538 
    6.6866    82.5492 
    6.7042    82.7445 
    6.7218    82.9399 
    6.7394    83.1352 
    6.8097    84.2452 
    6.8625    84.7645 
    6.8977    85.1735 
    6.9505    85.8552 
    7.0032    86.5171 
    7.0560    87.4875 
    7.1088    88.5515 
    7.1615    89.8767 
    7.2143    91.7053 
    7.2671    94.0653 
    7.3198    96.5297 
    7.3726    98.4989 
    7.4254   100.1099 
    7.4782   101.6390 
    7.5309   103.1666 
    7.5837   104.5972 
    7.6189   105.3506 
    7.6716   106.4032 
    7.7420   108.0070 
    7.7596   108.3534 
    7.7772   108.6998 
    7.7948   109.0817 
    7.8124   109.4740 
    7.8300   109.9122 
    7.8476   110.3505 
    7.9179   112.6395 
    7.9883   115.7870 
    8.0059   116.5173 
    8.0938   118.9462 
    8.1818   120.8325 
    8.1994   121.2707 
    8.2169   121.7090 
    8.2345   122.1473 
    8.2521   122.5855 
    8.2697   123.0238 
    8.3577   124.9548 
    8.4456   127.8770 
    8.5336   129.8675 
    8.6215   131.7435 
    8.6919   132.9112 
    8.7446   133.6885 
    8.8150   135.1689 
