    0.1400     6.7911 
    0.1629     8.2385 
    0.1858     9.5121 
    0.2201    10.9100 
    0.2658    12.8107 
    0.3116    14.7453 
    0.3230    15.2070 
    0.3345    15.6708 
    0.3459    16.0809 
    0.3574    16.4697 
    0.4031    17.6755 
    0.4603    18.6806 
    0.4832    19.0295 
    0.5404    19.8239 
    0.5976    20.5051 
    0.6205    20.9472 
    0.6777    22.0829 
    0.7120    22.6783 
    0.7578    23.7855 
    0.8150    25.8485 
    0.8264    26.2970 
    0.8722    29.3631 
    0.9065    31.7050 
    0.9408    33.0189 
    0.9637    33.8050 
    0.9866    35.2030 
    1.0209    37.6606 
    1.0666    42.0259 
    1.1124    45.8844 
    1.1582    50.0638 
    1.2039    55.3152 
    1.2497    59.4737 
    1.2611    60.0389 
    1.3069    61.3966 
    1.3412    62.0556 
    1.3984    62.8899 
    1.4556    63.8784 
    1.5128    65.1297 
    1.5471    65.9389 
    1.5929    67.0178 
    1.6501    69.2195 
    1.6615    70.0432 
    1.6958    73.4927 
    1.7187    78.5954 
    1.7530    82.7841 
    1.7874    84.9443 
    1.8217    86.5728 
    1.8446    88.0523 
    1.8789    90.6922 
    1.9246    96.3100 
    1.9361    97.3471 
    1.9475    98.2675 
    1.9590    99.1266 
    1.9704    99.8679 
    1.9818   100.6088 
    1.9933   101.3499 
    2.0047   102.0914 
    2.0162   102.8328 
    2.0276   103.5465 
    2.0390   104.2413 
    2.0505   104.8913 
    2.0962   108.4532 
    2.1420   113.9087 
    2.1878   121.0610 
    2.1992   122.1231 
    2.2450   125.8425 
    2.2793   128.9889 
    2.3365   132.3064 
    2.3594   133.1846 
    2.3822   134.1774 
    2.4394   136.3717 
    2.4623   136.8108 
    2.5195   137.6288 
    2.5538   138.1988 
    2.5882   139.8669 
    2.6339   142.4197 
    2.6454   142.8789 
    2.6911   145.1684 
    2.7369   148.4653 
    2.7483   149.3435 
    2.7598   150.3028 
    2.7712   151.3793 
