    0.1300     2.1011 
    0.1584     4.5815 
    0.1869     7.2074 
    0.2153     9.4097 
    0.2438    11.1537 
    0.2627    12.2895 
    0.2912    13.7620 
    0.3291    15.9679 
    0.3386    16.3651 
    0.3480    16.7514 
    0.3954    18.3108 
    0.4428    19.7332 
    0.4902    21.2797 
    0.5376    22.6030 
    0.5850    24.1899 
    0.6324    26.1811 
    0.6798    28.6606 
    0.7272    30.9148 
    0.7746    32.9087 
    0.8220    33.7248 
    0.8694    35.6823 
    0.9168    38.3782 
    0.9263    39.1317 
    0.9358    39.8372 
    0.9453    40.9138 
    0.9548    41.8486 
    0.9642    42.6896 
    0.9737    43.4374 
    0.9832    44.2273 
    0.9927    45.0522 
    1.0401    47.9409 
    1.0875    51.8507 
    1.1349    56.1112 
    1.1823    59.3536 
    1.2297    61.3382 
    1.2771    62.5717 
    1.2866    62.8357 
    1.2960    63.1634 
    1.3055    63.4934 
    1.3150    63.8233 
    1.3529    65.8753 
    1.3908    67.8730 
    1.4003    68.3679 
    1.4098    69.0943 
    1.4193    69.9192 
    1.4667    73.3488 
    1.5141    80.0171 
    1.5615    82.7200 
    1.5710    83.1939 
    1.6089    85.2325 
    1.6184    85.5633 
    1.6278    85.8941 
    1.6373    86.2246 
    1.6468    86.5347 
    1.6563    86.9907 
    1.6658    87.4856 
    1.6752    87.9896 
    1.6847    88.5175 
    1.6942    89.0454 
    1.7037    89.7735 
    1.7416    95.0597 
    1.7795    99.7919 
    1.8174   103.4796 
    1.8554   106.7874 
    1.8933   111.3829 
    1.9312   118.6968 
    1.9691   124.2723 
    1.9786   125.7192 
    1.9881   127.4917 
    1.9976   128.9153 
    2.0070   130.0148 
    2.0450   133.1302 
    2.0734   135.4174 
    2.1208   137.1500 
    2.1682   137.8366 
    2.1966   138.9451 
    2.2346   141.5848 
    2.2820   143.7397 
    2.2914   144.1794 
    2.3009   144.6554 
    2.3388   147.6075 
    2.3673   151.3501 
