0.03	NAN
0.06	NAN
0.09	0.5
0.12	NAN
0.15	NAN
0.18	NAN
0.21	NAN
0.24	NAN
0.27	NAN
0.3	NAN
0.33	NAN
0.36	NAN
0.39	0.32
0.42	NAN
0.45	0.22
0.48	-0.34
0.51	-0.28
0.54	-0.03
0.57	0.16
0.6	NAN
0.63	NAN
0.66	NAN
0.69	NAN
0.72	NAN
0.75	NAN
0.78	-0.26
0.81	-0.62
0.84	NAN
0.87	-0.03
0.9	NAN
0.93	-0.13
0.96	NAN
0.99	0.16
1.02	-0.33
1.03	-0.24
1.06	NAN
1.09	NAN
1.12	-0.38
1.15	NAN
1.18	-0.4
1.21	0.01
1.24	-0.17
1.27	0.03
1.3	-0.35
1.33	-0.15
1.36	-0.16
1.39	-0.25
1.42	NAN
1.45	-0.49
1.48	NAN
1.51	NAN
1.54	NAN
1.57	NAN
1.6	NAN
1.63	NAN
1.66	NAN
1.69	NAN
1.72	NAN
1.75	NAN
1.78	NAN
1.81	NAN
1.84	NAN
1.87	-0.31
1.9	NAN
1.93	NAN
1.96	NAN
1.99	NAN
2.02	NAN
2.05	NAN
2.08	-0.31
2.11	NAN
2.14	NAN
2.17	NAN
2.2	-0.44
2.23	NAN
2.26	NAN
2.29	NAN
2.32	-0.33
2.35	NAN
2.38	NAN
2.41	NAN
2.44	NAN
2.47	NAN
2.5	NAN
2.54	NAN
2.57	NAN
2.6	NAN
2.63	NAN
2.66	NAN
2.69	0.28
2.72	0.33
2.75	0.36
2.78	0.34
2.81	0.21
2.84	0.06
2.87	0.24
2.9	0.25
2.93	0.28
2.96	0.24
2.99	0.47
3.02	0.35
3.05	0.24
3.08	0.39
3.11	0.21
3.14	0.02
3.17	0.03
3.2	NAN
3.23	0.34
3.26	NAN
3.29	NAN
3.32	0.3
3.35	NAN
3.38	NAN
3.41	NAN
3.44	NAN
3.47	NAN
3.5	NAN
3.53	NAN
3.56	NAN
3.59	NAN
3.62	NAN
3.65	NAN
3.68	NAN
3.71	NAN
3.74	NAN
3.77	-0.1
3.8	0.15
3.83	NAN
3.86	NAN
3.89	0.02
3.92	NAN
3.95	0.08
3.98	0.26
4.01	NAN
4.05	0.39
4.08	NAN
4.11	0.2
4.14	0.35
4.17	0.06
4.2	0.45
4.23	0.4
4.26	0.36
4.29	-0.02
4.32	0.15
4.35	0.08
4.38	0.16
4.41	0.13
4.44	-0.02
4.47	-0.02
4.5	-0.06
4.53	-0.3
4.56	-0.27
4.59	-0.16
4.62	-0.2
4.65	-0.18
4.68	-0.25
4.71	0.1
4.74	-0.21
4.77	NAN
4.8	-0.2
4.83	-0.18
4.86	NAN
4.89	NAN
4.92	-0.32
4.95	NAN
4.98	NAN
5.01	-0.85
5.04	NAN
5.07	-0.44
5.1	-0.59
5.13	NAN
5.16	-0.35
5.19	NAN
5.22	NAN
5.25	-1
5.28	-0.66
5.31	-0.84
5.34	-0.7
5.37	-0.8
5.4	-0.87
5.43	-1.23
5.46	-0.87
5.49	-1.01
5.52	-1.18
5.55	-1.05
5.58	NAN
5.61	-1.32
5.64	-0.7
5.67	-0.86
5.7	NAN
5.73	-1.07
5.76	-1.06
5.79	-1
5.82	-1.1
5.85	-0.79
5.88	-0.76
5.91	-0.88
5.94	-0.97
5.97	-1.2
6	-1.32
6.03	-1
6.06	-0.42
6.09	-0.59
6.12	-0.86
6.15	-1.01
6.18	-0.4
6.21	-0.51
6.24	NAN
6.27	NAN
6.3	-0.45
6.33	NAN
6.36	-0.15
6.39	-0.41
6.42	0.12
6.45	-0.05
6.48	NAN
6.51	-0.1
6.54	-0.37
6.57	0.28
6.6	NAN
6.63	-0.13
6.66	NAN
6.69	NAN
6.72	-0.24
6.75	-0.34
6.78	-0.29
6.81	-0.1
6.84	NAN
6.87	-0.29
6.9	-0.19
6.93	-0.03
6.96	0.04
7	0
7.03	0.11
7.06	0.1
7.09	0.28
7.12	-0.16
7.15	-0.52
7.18	-0.19
7.21	-0.39
7.24	NAN
7.27	NAN
7.3	NAN
7.33	NAN
7.36	NAN
7.39	NAN
7.43	NAN
7.46	-0.42
7.49	NAN
7.52	NAN
7.55	NAN
7.58	NAN
7.61	NAN
7.64	NAN
7.67	NAN
7.7	-1.14
7.73	NAN
7.76	NAN
7.79	-1.33
7.82	-1.61
7.85	-1.04
7.88	-1.1
7.91	NAN
7.94	NAN
7.97	NAN
8	-0.34
8.03	NAN
8.06	NAN
8.09	NAN
8.12	NAN
8.15	-0.44
8.18	NAN
8.21	NAN
8.24	NAN
8.27	NAN
8.3	NAN
8.33	NAN
8.36	-0.82
8.39	-0.17
8.42	NAN
8.45	-0.25
8.48	-0.74
8.51	-0.32
8.54	-0.03
8.57	-0.21
8.6	-0.17
8.63	-0.09
8.65	0.06
8.68	-0.26
8.71	-0.35
8.74	-0.47
8.76	0.09
8.79	0.06
8.82	-0.06
8.85	-0.01
8.88	0.21
8.91	0.08
8.94	0.04
8.97	-0.08
9	-0.13
9.03	-0.69
9.06	-0.37
9.09	0.06
9.12	-0.54
9.15	-1.03
9.18	-1.07
9.21	NAN
9.24	NAN
9.27	NAN
9.3	-1.47
9.33	-1.32
9.36	-1.27
9.39	-1.15
9.42	-1.32
9.45	-1.23
9.48	-1.54
9.51	-1.38
9.54	NAN
9.57	-1.24
9.6	-1.1
9.63	NAN
9.66	NAN
9.69	NAN
9.72	NAN
9.75	-1.21
9.78	-1.05
9.81	-1.17
9.84	-1.29
9.87	NAN
9.9	-1.36
9.93	-1.36
9.96	-1.26
9.99	-1.36
10.02	-1.16
10.05	-1.15
10.08	-1.19
10.11	-1.14
10.14	-1.29
10.17	-1.36
10.2	-1.03
10.23	-1.11
10.26	-1.06
10.29	-1.02
10.32	NAN
10.35	NAN
10.38	-0.75
10.41	NAN
10.44	-0.83
10.47	NAN
10.5	-0.7
10.53	-0.61
10.56	-1.04
10.59	-0.71
10.62	NAN
10.65	NAN
10.68	-0.75
10.71	-0.85
10.74	NAN
10.77	-1.04
10.8	NAN
10.83	NAN
10.86	NAN
10.89	NAN
10.92	NAN
10.95	NAN
10.98	-0.18
11.01	NAN
11.04	-0.61
11.07	NAN
11.1	NAN
11.13	-0.14
11.16	-0.45
11.19	-0.32
11.22	NAN
11.25	0.28
11.28	0.22
11.31	0.13
11.34	0.24
11.37	0.36
11.4	0.32
11.43	0.63
11.46	0.54
11.47	0.58
11.5	0.59
11.53	0.62
11.56	0.72
11.59	0.59
11.62	0.7
11.65	NAN
11.68	0.54
11.71	0.4
11.74	0.73
11.77	0.19
11.8	NAN
11.83	0.46
11.86	0.6
11.89	0.28
11.92	0.41
11.95	0.28
11.98	NAN
12.01	0.16
12.04	0.36