0	0.00	0.72
0.02	0.41	0.7
0.04	0.81	0.24
0.06	1.22	1.09
0.08	1.62	0.82
0.1	2.03	0.92
0.12	2.44	0.87
0.14	2.84	0.89
0.16	3.25	1.02
0.18	3.65	0.69
0.2	4.06	0.94
0.22	4.46	0.94
0.24	4.87	0.85
0.26	5.28	1.05
0.28	5.68	1.03
0.3	6.09	0.95
0.32	6.49	0.95
0.34	6.90	0.91
0.36	7.31	1.11
0.38	7.71	1.18
0.4	8.12	1.03
0.42	8.52	1.08
0.44	8.93	0.99
0.46	9.34	0.78
0.48	9.74	1.01
0.5	10.15	0.66
0.52	10.55	1.1
0.54	10.96	0.91
0.56	11.36	0.97
0.58	11.77	0.99
0.6	12.18	0.72
0.62	12.58	0.63
0.64	12.99	0.58
0.66	13.39	0.47
0.68	13.80	0.48
0.7	13.90	0.37
0.72	14.00	0.77
0.74	14.10	0.54
0.76	14.20	0.88
0.78	14.30	0.66
0.8	14.40	0.62
0.82	15.60	0.78
0.84	15.96	0.28
0.86	16.32	0.16
0.9	17.04	0.21
0.92	17.40	0.14
0.96	19.20	0.16
0.98	19.40	-0.27
1	19.57	0.22
1.02	19.70	0.25
1.04	19.83	0.71
1.06	19.97	0.38
1.08	20.10	0.32
1.1	20.58	0.7
1.12	21.06	0.32
1.14	21.54	0.4
1.16	22.02	0.34
1.16	22.02	0.32
1.18	22.50	0.35
1.18	22.50	0.28
1.2	22.98	0.88
1.2	22.98	-0.14
1.22	23.46	0.37
1.22	23.46	0.38
1.24	24.50	0.38
1.24	24.50	0.23
1.26	25.38	0.34
1.28	25.53	0.24
1.3	25.86	0.4
1.34	26.90	-0.02
1.36	27.18	0.18
1.36	27.18	0.18
1.38	27.46	0.66
1.38	27.46	0.26
1.4	27.74	0.55
1.4	27.74	0.42
1.42	28.02	0.21
1.42	28.02	0.43
1.44	28.30	0.44
1.46	28.58	0.46
1.48	28.86	0.37
1.5	29.14	0.35
1.52	29.42	0
1.54	29.70	0.6
1.56	29.98	0.46
1.58	30.26	0.35
1.6	30.73	0.42
1.62	31.38	0.12
1.66	32.37	0.19
1.68	32.82	0.13
1.74	34.15	0.42
1.8	34.83	0.26
1.82	34.94	0.52
1.84	35.05	0.9
1.86	35.16	1.25
1.9	35.39	0.74
1.92	35.50	0.6
1.94	35.61	0.81
1.96	35.73	0.81
1.98	35.84	0.7
2	35.95	-0.05
2.02	36.07	0.38
2.04	36.18	0.81
2.06	36.29	0.49
2.08	36.40	0.39
2.1	36.52	0.34
2.12	36.63	0.92
2.14	36.74	0.87
2.16	36.85	0.8
2.18	36.97	0.75
2.2	37.08	0.84
2.22	37.19	1.02
2.24	37.31	0.62
2.26	37.42	0.52
2.28	37.53	0.37
2.3	37.64	0.92
2.32	37.76	0.8
2.34	37.87	0.31
2.36	37.98	0.67
2.38	38.09	0.51
2.4	38.21	0.76
2.44	38.43	0.47
2.46	38.55	0.82
2.48	38.66	0.21
2.5	38.79	-0.08
2.52	38.92	0.35
2.54	39.05	0.38
2.56	39.18	0.52
2.58	39.31	0.31
2.58	39.31	0.29
2.6	39.44	0.5
2.6	39.44	0.19
2.62	39.57	0.21
2.78	40.62	0.51
2.78	40.62	0.6
2.8	40.75	0.57
2.84	41.01	0.29
2.86	41.14	0.55
2.88	41.27	0.74
2.9	41.40	0.62
2.92	41.53	0.51
2.94	41.66	0.71
2.94	41.66	0.49
2.96	41.79	0.64
2.98	41.92	0.89
3	42.05	0.73
3.02	42.18	1
3.04	42.31	0.65
3.06	42.44	0.75
3.08	42.57	0.78
3.1	42.70	0.86
3.12	42.97	0.96
3.14	43.23	0.61
3.16	43.50	0.9
3.18	43.76	0.9
3.2	44.03	0.71
3.22	44.29	0.44
3.24	44.56	0.62
3.26	44.82	0.72
3.28	45.09	1
3.3	45.35	0.75
3.32	45.62	0.84
3.34	45.88	0.73
3.36	46.15	0.8
3.38	46.41	0.55
3.4	46.68	0.74
3.42	46.94	0.04
3.44	47.21	0.38
3.46	47.47	0.26
3.48	47.74	0.17
3.58	49.00	0.85
3.6	49.25	0.94
3.62	49.50	0.91
3.64	49.75	0.69
3.66	50.00	0.84
3.68	50.25	0.83
3.7	50.50	0.8
3.72	50.75	0.95
3.74	51.00	0.3
3.76	51.25	0.4
3.78	51.50	0.77
3.8	51.75	0.13
3.82	52.00	0.85
3.84	52.25	0.83
3.88	52.75	0.64
3.9	53.00	0.67
3.92	53.25	0.66
3.94	53.50	0.71
3.96	53.75	1.02
3.98	54.00	1.05
4	54.25	0.65
4.02	54.50	0.52
4.04	54.75	0.82
4.06	55.00	0.41
4.08	55.25	0.36
4.1	55.50	0.75
4.12	55.75	0.58
4.14	56.00	0.58
4.16	56.33	0.83
4.18	56.67	0.9
4.2	57.00	0.33
4.22	57.33	0.52
4.24	57.67	0.65
4.26	58.00	-0.27
4.28	58.33	0.76
4.3	58.67	0.4
4.34	59.33	0.34
4.36	59.67	0.16
4.38	60.00	0.05
4.4	60.33	-0.04
4.42	60.67	0.71
4.44	61.00	0.65
4.46	61.33	0.69
4.5	62.00	0.11
4.52	62.39	-0.07
4.58	63.58	-0.14
4.64	64.76	-0.08
4.68	65.55	-0.04
4.7	65.94	-0.39
4.72	66.34	0.15
4.74	66.73	0.33
4.76	67.12	0.89
4.78	67.52	0.49
4.8	67.91	0.6
4.82	68.31	0.13
4.84	68.70	0.47
4.86	69.09	0.58
4.88	69.49	0.39
4.9	69.88	0.46
4.92	70.28	0.69
4.94	70.67	0.62
4.96	71.07	0.34
4.98	71.46	0.62
5	71.85	0.84
5.02	72.25	0.76
5.04	72.64	0.56
5.06	73.04	0.83
5.08	73.43	0.63
5.1	73.82	0.97
5.12	74.22	0.8
5.14	74.61	0.96
5.16	75.01	0.87
5.18	75.40	0.75
5.2	75.80	0.64
5.22	76.19	0.74
5.24	76.58	0.49
5.26	76.93	0.8
5.28	77.23	0.64
5.3	77.53	0.62
5.32	77.83	0.71
5.34	78.13	0.62
5.36	78.43	0.62
5.38	78.74	0.17
5.4	79.04	0.35
5.42	79.34	0.73
5.44	79.64	0.87
5.46	79.94	0.85
5.48	80.24	0.5
5.5	80.54	0.75
5.52	80.85	0.64
5.54	81.15	0.96
5.56	81.45	0.61
5.58	81.75	0.55
5.6	82.05	0.87
5.62	82.35	0.56
5.64	82.66	0.67
5.66	82.96	0.87
5.68	83.26	0.85
5.7	83.56	0.82
5.72	83.86	0.74
5.74	84.16	0.82
5.76	84.46	0.69
5.78	84.77	0.53
5.8	85.07	0.49
5.82	85.37	0.59
5.84	85.68	0.28
5.86	86.09	0.5
5.88	86.50	0.4
5.9	86.91	0.31
5.92	87.31	0.62
5.96	88.13	0.54
5.98	88.54	0.7
6	88.94	0.78
6.02	89.35	0.74
6.04	89.76	0.8
6.06	90.17	0.26
6.08	90.57	0.76
6.1	90.98	0.93
6.12	91.39	0.96
6.14	91.80	0.7
6.16	92.20	0.69
6.18	92.61	0.77
6.2	93.02	0.69
6.22	93.43	0.63
6.24	93.78	0.68
6.26	94.02	0.72
6.3	94.50	0.47
6.32	94.74	0.3
6.34	94.98	0.22
6.36	95.22	0.53
6.38	95.46	0.78
6.4	95.70	0.35
6.42	95.94	0.89
6.44	96.18	0.27
6.46	96.42	0.74
6.48	96.66	0.3
6.5	96.90	0.68
6.52	97.14	0.64
6.54	97.38	0.8
6.56	97.62	0.53
6.58	97.86	0.46
6.6	98.10	0.73
6.62	98.34	0.91
6.64	98.58	0.87
6.66	98.82	0.78
6.68	99.06	0.71
6.7	99.30	0.57
6.72	99.54	0.74
6.74	99.78	0.85
6.76	100.02	0.62
6.78	100.26	0.68
6.8	100.49	0.79
6.82	100.73	0.76
6.84	100.97	0.84
6.86	101.21	0.71
6.88	101.45	0.77
6.9	101.69	0.48
6.92	101.93	0.51
6.94	102.17	0.49
6.96	102.41	0.68
6.98	102.65	0.2
7	102.89	0.43
7.02	103.13	0.43
7.04	103.37	0.22
7.06	103.61	0.23
7.08	103.85	-0.34
7.1	104.09	0.48
7.12	104.33	0.68
7.14	104.57	0.61
7.16	104.81	0.3
7.18	105.05	0.54
7.2	105.29	0.64
7.22	105.53	0.53
7.24	105.77	0.23
7.26	106.03	0.54
7.28	106.31	0.36
7.3	106.58	0.6
7.32	106.86	-0.95
7.34	107.14	0.28
7.36	107.41	0.57
7.38	107.69	0.25
7.4	107.96	0.64
7.42	108.24	0.44
7.44	108.51	0.5
7.46	108.79	0.17
7.48	109.06	0.58
7.5	109.34	0.31
7.52	109.61	0.7
7.54	109.89	0.68
7.56	110.17	0.7
7.58	110.44	0.7
7.6	110.72	0.74
7.64	111.27	0.44
7.66	111.54	0.56
7.68	111.82	0.34
7.72	112.37	0.74
7.74	112.65	0.47
7.76	112.92	0.47
7.78	113.20	0.74
7.8	113.47	0.52
7.82	113.75	0.73
7.84	114.02	0.71
7.86	114.30	0.79
7.88	114.57	0.42
7.9	114.85	0.5
7.92	115.13	0.56
7.94	115.40	0.48
7.96	115.68	0.75
7.98	115.95	0.2
8	116.23	0.66
8.02	116.51	0.47
8.04	116.83	0.72
8.06	117.15	0.76
8.08	117.48	0.74
8.1	117.80	0.83
8.12	118.12	0.55
8.14	118.44	0.49
8.16	118.76	0.75
8.18	119.09	0.56
8.2	119.41	0.88
8.22	119.73	0.57
8.24	120.05	0.93
8.26	120.37	0.8
8.28	120.69	0.82
8.3	121.02	1.01
8.32	121.34	0.83
8.34	121.66	0.94
8.36	121.98	0.82
8.38	122.30	0.92
8.4	122.63	0.64
8.41	122.79	0.79
8.42	122.95	0.93
8.43	123.11	0.87
8.44	123.27	0.86
8.45	123.43	0.94
8.46	123.59	0.85
8.47	123.75	0.83
8.48	123.91	0.73
8.49	124.08	0.78
8.5	124.24	0.94
8.51	124.40	0.68
8.52	124.56	0.98
8.53	124.72	0.64
8.54	124.88	0.96
8.55	125.04	0.85
8.56	125.20	0.8
8.57	125.36	0.77
8.58	125.52	0.48
8.59	125.68	0.66
8.6	125.85	0.26
8.61	126.01	0.8
8.62	126.17	0.85
8.63	126.33	0.08
8.64	126.49	-0.3
8.65	126.65	0.79
8.66	126.81	0.82
8.67	126.97	0.85
8.68	127.13	0.67
8.69	127.29	0.87
8.7	127.46	0.27
8.72	127.78	0.8
8.73	127.94	0.68
8.75	128.26	0.53
8.76	128.42	0.74
8.77	128.58	0.57
8.78	128.74	0.91
8.79	128.90	-0.12
8.81	129.23	0.18
8.82	129.48	0.06
8.83	129.76	0.24
8.84	130.05	0.01
8.85	130.33	0.19
8.86	130.62	0.08
8.87	130.90	0.07
8.88	131.18	0.02
8.89	131.47	-0.01
8.9	131.75	0.05
8.91	132.04	0.05
8.92	132.32	0.13
8.93	132.61	0.09
8.94	132.89	0.16
8.95	133.18	0.18
8.96	133.46	0.1
8.97	133.74	0.09
8.98	134.03	0.2
8.99	134.31	0.16
9	134.60	0.15
9.01	134.88	0.12
9.02	135.17	-0.14
9.03	135.45	0.16
9.04	135.72	0.39
9.05	135.98	0.37
9.06	136.24	-0.04
9.07	136.50	0.56
9.08	136.76	-0.01
9.09	137.02	0.6
9.1	137.29	0.32
9.11	137.55	0.5
9.12	137.81	-0.07
9.13	138.07	0.41
9.14	138.33	-0.22
9.15	138.59	0.33
9.16	138.85	0.1
9.17	139.12	0.27
9.18	139.38	0.08
9.19	139.64	0.4
9.2	139.90	0
9.21	140.16	0.25
9.22	140.42	0.06
9.23	140.69	0.12
9.24	140.95	0.08
9.25	141.21	0.21
9.26	141.47	0.25
9.27	141.73	-0.01
9.28	141.99	0.17
9.29	142.26	0.18
9.3	142.52	0.17
9.32	143.04	0.12
9.33	143.30	0.18
9.34	143.56	0.25
9.35	143.83	0.17
9.36	144.07	0.03
9.37	144.28	0.11
9.38	144.50	-0.24
9.39	144.71	0.12
9.4	144.93	0.04
9.41	145.14	0.02
9.42	145.36	0.12
9.43	145.57	-0.11
9.44	145.79	0.28
9.45	146.00	0.22
9.46	146.22	0.08
9.47	146.43	0.05
9.48	146.65	0.18
9.49	146.87	0
9.5	147.08	-0.06
9.51	147.30	0.22
9.52	147.51	-0.01
9.53	147.73	0.03
9.54	147.94	0.26
9.55	148.16	0.31
9.56	148.37	-0.08
9.57	148.59	0.04
9.58	148.80	-0.18
9.59	149.02	0.12
9.6	149.23	-0.08
9.61	149.45	0.03
9.62	149.66	-0.14
9.63	149.88	-0.01
9.64	150.09	-0.07
9.66	150.53	-0.22
9.68	150.96	-0.17
9.69	151.17	-0.09
9.7	151.39	-0.2
9.71	151.60	0.7
9.73	152.03	-0.22
9.74	152.25	-0.15
9.75	152.46	-0.37
9.76	152.68	-0.28
9.77	152.89	-0.18
9.78	153.11	-0.28
9.79	153.32	-0.09
9.8	153.54	-0.17
9.81	153.75	-0.28
9.82	153.97	-0.08
9.83	154.19	-0.2
9.84	154.40	1.15
9.85	154.62	-0.16
9.86	154.83	0.14
9.87	155.05	-0.37
9.88	155.26	-0.07
9.9	155.69	-0.04
9.91	155.91	-0.21
9.92	156.12	-0.21
9.93	156.34	-0.38
9.94	156.55	-0.02
9.95	156.77	0.1
9.96	156.98	-0.06
9.98	157.41	0.54
9.99	157.63	0.09
10	157.85	0.43
10.01	158.06	0.27
10.02	158.28	0.1
10.03	158.49	0.11
10.04	158.71	0.04
10.05	158.92	0.51
10.06	159.14	-0.18
10.07	159.35	0.37
10.08	159.57	0.22
10.09	159.78	-0.07
10.1	160.00	0.28
10.11	160.21	0.05
10.12	160.43	0.26
10.13	160.64	0.13
10.14	160.86	0.58
10.15	161.07	0.5
10.16	161.29	0.22
10.17	161.51	0.23
10.18	161.72	-0.52
10.19	161.94	0.13
10.2	162.15	0.44
10.21	162.37	-0.33
10.22	162.58	-0.14
10.23	162.80	0
10.24	163.01	-0.07
10.25	163.23	0.06
10.26	163.44	0.46
10.27	163.66	-0.15
10.28	163.87	0.15
10.29	164.09	-0.23
10.3	164.30	0.07
10.31	164.52	-0.05
10.32	164.73	0.1
10.34	165.17	-0.14
10.36	165.60	0.32
10.38	166.03	0.34
10.4	166.46	0.38
10.42	166.89	0.1
10.43	167.10	0.04
10.44	167.32	0.48
10.45	167.53	0.32
10.46	167.75	0.3
10.47	167.96	0.3
10.48	168.18	0.06
10.49	168.39	0.23
10.5	168.61	0.34
10.51	168.82	-0.08
10.52	169.04	0.1
10.53	169.26	0.25
10.54	169.47	0.28
10.55	169.69	0.12
10.56	169.90	0.27
10.57	170.12	0.31
10.58	170.33	0.19
10.59	170.55	-0.07
10.6	170.76	0.3
10.61	170.98	-0.18
10.62	171.19	0.11
10.63	171.41	0.06
10.64	171.62	0
10.65	171.84	0.15
10.66	172.05	-0.13
10.67	172.27	0.36
10.68	172.48	0
10.69	172.70	-0.09
10.7	172.92	0.05
10.71	173.13	0.28
10.73	173.56	0.07
10.74	173.78	0
10.75	173.99	-0.14
10.76	174.21	0.29
10.77	174.42	-0.12
10.78	174.64	0.56
10.79	174.85	0.23
10.8	175.07	-0.09
10.81	175.28	0.41
10.82	175.50	0.05
10.83	175.71	0.01
10.84	175.93	0.1
10.85	176.14	0.15
10.86	176.36	0.16
10.87	176.58	-0.07
10.88	176.79	0.12
10.89	177.01	0.46
10.9	177.22	0.18
10.91	177.44	0.26
10.92	177.65	0.12
10.93	177.87	0.26
10.94	178.08	0.07
10.95	178.30	0.25
10.96	178.51	-0.08
10.97	178.73	0.13
10.98	178.94	0.16
10.99	179.16	0.22
11	179.37	0.07
11.01	179.59	-0.21
11.02	179.80	-0.1
11.03	180.02	0.07
11.04	180.24	-0.19
11.05	180.45	-0.11
11.06	180.67	-0.16
11.07	180.88	-0.09
11.08	181.10	0.27
11.09	181.31	-0.46
11.11	181.74	-0.15
11.12	181.96	-0.07
11.13	182.17	0.06
11.14	182.39	0.02
11.15	182.60	0.58
11.16	182.82	-0.19
11.18	183.25	0.34
11.19	183.46	0.19
11.2	183.68	-0.03
11.22	184.11	0.03
11.23	184.33	0.24
11.24	184.54	0.18
11.25	184.76	-0.09
11.26	184.97	0.1
11.27	185.19	0.1
11.28	185.40	0.2
11.29	185.62	0.09
11.3	185.83	0.11
11.31	186.05	0.11
11.32	186.26	0
11.33	186.48	-0.21
11.35	186.91	0.19
11.37	187.34	-0.57
11.38	187.56	0.15
11.39	187.77	-0.04
11.4	187.99	0.08
11.41	188.20	0.55
11.42	188.42	0.31
11.43	188.63	0.28
11.45	189.06	0.56
11.46	189.28	0.37
11.47	189.49	0.26
11.48	189.71	0.42
11.49	189.92	0.13
11.5	190.14	-0.05
11.51	190.35	0.16
11.52	190.57	0.41
11.53	190.78	0.24
11.54	191.00	0.3
11.55	191.11	0.44
11.56	191.23	0.17
11.57	191.34	0.65
11.58	191.45	0.62
11.59	191.57	0.17
11.6	191.68	0.45
11.61	191.80	0.29
11.62	191.91	0.76
11.63	192.02	0.14
11.64	192.14	0.26
11.65	192.25	0.27
11.66	192.36	0.17
11.67	192.48	0.53
11.68	192.59	0.4
11.69	192.70	0.54
11.7	192.82	0.73
11.71	192.93	0.41
11.72	193.05	0.44
11.73	193.16	0.31
11.74	193.27	0.17
11.75	193.39	-0.85
11.76	193.50	0.45
11.77	193.61	0.61
11.79	193.84	0.59
11.8	193.95	0.58
11.81	194.07	0.31
11.82	194.18	0.17
11.83	194.30	0.52
11.84	194.41	0.25
11.85	194.52	0.66
11.86	194.64	0.44
11.88	194.86	0.22
11.89	194.98	-0.55
11.9	195.09	0.18
11.91	195.20	0.56
11.92	195.32	0.57
11.93	195.43	0.61
11.94	195.55	0.55
11.95	195.66	0.38
11.96	195.77	0.51
11.97	195.89	0.63
11.98	196.00	0.13
11.99	196.11	0.65
12	196.23	0.63
12.01	196.34	0.35
12.02	196.45	0.49
12.03	196.57	0.65
12.04	196.68	0.48
12.05	196.80	0.16
12.06	196.91	0.72
12.07	197.02	0.62
12.08	197.14	0.62
12.09	197.25	0.56
12.1	197.36	0.63
12.11	197.48	0.68
12.12	197.59	0.64
12.13	197.70	0.58
12.14	197.82	0.78
12.15	197.93	0.91
12.16	198.05	0.69
12.17	198.16	0.77
12.18	198.27	0.2
12.19	198.39	0.76
12.2	198.50	0.84
12.21	198.61	0.62
12.22	198.73	0.37
12.23	198.84	0.48
12.24	198.95	0.57
12.25	199.07	0.64
12.26	199.18	0.49
12.27	199.30	0.66
12.28	199.41	0.76
12.29	199.52	0.39
12.3	199.64	0.75
12.31	199.75	0.37
12.32	199.86	0.19
12.33	199.98	0.61
12.34	200.09	0.58
12.35	200.20	0.78
12.36	200.32	0.77
12.37	200.43	0.93
12.38	200.55	0.77
12.39	200.66	0.78
12.4	200.77	0.77
12.41	200.89	0.71
12.42	201.00	0.63
12.43	201.15	0.42
12.44	201.31	0.65
12.46	201.62	0.79
12.47	201.77	0.4
12.48	201.93	0.52
12.49	202.08	0.2
12.5	202.24	0.64
12.51	202.39	0.52
12.52	202.54	0.73
12.53	202.70	0.7
12.54	202.85	0.6
12.55	203.01	0.56
12.56	203.16	0.71
12.57	203.32	0.71
12.58	203.47	0.51
12.59	203.63	0.43
12.61	203.93	0.69
12.62	204.09	0.64
12.63	204.24	0.16
12.64	204.40	0.54
12.65	204.55	0.6
12.66	204.71	0.64
12.67	204.86	0.67
12.68	205.02	0.78
12.69	205.17	0.61
12.71	205.48	0.41
12.73	205.79	0.29
12.75	206.10	0.44
12.77	206.41	0.92
12.79	206.72	0.89
12.81	207.02	0.88
12.83	207.33	0.74
12.85	207.64	0.56
12.87	207.95	0.97
12.89	208.26	0.76
12.91	208.57	0.54
12.93	208.88	0.92
12.95	209.19	0.71
12.97	209.50	0.95
12.99	209.80	0.83
13.01	210.11	0.91
13.03	210.42	0.78
13.05	210.73	0.86
13.07	211.04	0.38
13.09	211.35	0.75
13.11	211.66	1.02
13.13	211.97	0.67
13.15	212.28	0.62
13.17	212.59	0.22
13.19	212.89	0.85
13.21	213.20	0.51
13.23	213.51	0.79
13.25	213.82	0.59
13.27	214.13	0.86
13.29	214.44	0.77
13.31	214.75	0.8
13.33	215.06	0.7
13.35	215.37	0.87
13.39	215.98	0.86
13.41	216.29	0.61
13.43	216.60	0.62
13.45	216.91	0.64
13.47	217.22	0.73
13.49	217.53	0.43
13.51	217.84	0.18
13.53	218.15	0.12
13.55	218.46	0.08
13.57	218.76	-0.16
13.59	219.07	0.23
13.61	219.38	0.02
13.63	219.69	-0.41
13.65	220.00	0.06
13.67	220.28	-0.03
13.69	220.55	-0.02
13.71	220.83	-0.08
13.73	221.10	-0.05
13.75	221.38	-0.02
13.77	221.65	0
13.79	221.93	0.27
13.81	222.20	0.31
13.83	222.48	0.2
13.85	222.75	0.69
13.87	223.03	0.61
13.89	223.31	0.47
13.91	223.58	0.05
13.93	223.86	0.08
13.95	224.13	0.42
13.97	224.41	0.72
13.99	224.68	0.63
14.01	224.96	0.55
14.03	225.23	0.41
14.05	225.51	0.22
14.07	225.78	0.42
14.09	226.06	0.47
14.11	226.34	0.51
14.13	226.61	0.5
14.15	226.89	0.49
14.17	227.16	-0.28
14.19	227.44	0.41
14.21	227.71	0.12
14.23	227.99	0.27
14.25	228.26	0.67
14.29	228.81	0.86
14.31	229.09	0.56
14.33	229.37	0.66
14.35	229.64	0.68
14.37	229.92	0.62
14.39	230.19	0.59
14.41	230.47	0.35
14.42	230.60	0.68
14.44	230.88	0.68
14.46	231.16	0.03
14.48	231.43	0.6
14.5	231.71	0.17
14.52	231.98	0.52
14.54	232.26	0.49
14.56	232.53	0.46
14.58	232.81	0.56
14.6	233.08	0.59
14.62	233.36	1.02
14.64	233.63	0.65
14.66	233.91	0.76
14.68	234.19	0.51
14.7	234.46	0.75
14.72	234.74	0.69
14.74	235.01	0.78
14.76	235.29	-0.2
14.78	235.56	0.89
14.8	235.84	0.65
14.82	236.11	0.77
14.84	236.39	0.58
14.86	236.66	0.33
14.88	236.94	0.93
14.9	237.22	0.65
14.92	237.49	0.79
14.94	237.77	0.84
14.96	238.04	0.66
14.98	238.32	0.56
15	238.59	0.28
15.02	238.87	0.58
15.04	239.14	0.69
15.06	239.42	0.79
15.08	239.69	0.89
15.1	239.97	0.2
15.12	240.25	0.65
15.14	240.52	0.46
15.16	240.80	0.04
15.18	241.07	0.37
15.2	241.35	-0.11
15.22	241.62	0.16
15.24	241.90	-0.38
15.26	242.17	0.02
15.28	242.45	0.06
15.3	242.72	0.17
15.32	243.00	0
15.34	243.28	0.26
15.4	244.11	0.13
15.44	244.66	0.27
15.46	244.94	0.66
15.48	245.22	0.31
15.5	245.50	0.48
15.52	245.77	0.45
15.54	246.05	0.62
15.56	246.33	0.59
15.58	246.61	0.45
15.6	246.88	0.34
15.62	247.16	0.22
15.64	247.44	0.33
15.66	247.72	0.41
15.68	247.99	0.15
15.7	248.27	0.51
15.72	248.55	0.51
15.74	248.82	0.6
15.76	249.10	0.36
15.78	249.38	0.27
15.8	249.66	0.35
15.82	249.93	0.4
15.84	250.21	-0.15
15.86	250.49	0.24
15.88	250.77	0.13
15.9	251.04	0.42
15.92	251.32	-0.24
15.94	251.60	0.21
15.96	251.88	0.39
15.98	252.15	0.47
16	252.43	0.58
16.02	252.71	0.53
16.04	252.99	0.56
16.06	253.26	0.44
16.08	253.54	0.39
16.1	253.82	0.32
16.12	254.09	0.17
16.14	254.37	0.46
16.16	254.65	0.41
16.18	254.93	0.35
16.2	255.20	0.09
16.22	255.48	0.46
16.24	255.76	0.35
16.26	256.04	0.41
16.28	256.31	0.53
16.3	256.59	0.49
16.32	256.87	0.56
16.34	257.15	0.37
16.36	257.42	0.54
16.38	257.70	0.58
16.4	257.98	0.25
16.42	258.26	0.44
16.44	258.53	0.19
16.46	258.81	0.22
16.48	259.09	-0.02
16.5	259.36	0.01
16.76	262.97	0.16
16.78	263.25	0.46
16.8	263.53	0.58
16.82	263.80	0.34
16.84	264.08	0.29
16.86	264.36	0.21
16.88	264.64	0.28
16.9	264.91	1.28
16.92	265.19	0.38
16.94	265.47	0.27
16.96	265.74	0.31
16.98	266.02	-0.33
17	266.30	0.51
17.02	266.58	0.17
17.04	266.85	-0.03
17.06	267.13	-0.04
17.08	267.41	-0.12
17.1	267.69	-0.07
17.12	267.96	0.07
17.14	268.24	-0.19
17.2	269.07	-0.22
17.22	269.35	-0.12
17.24	269.63	-0.61
17.26	269.91	-0.42
17.28	270.18	-0.28
17.3	270.46	-0.44
17.32	270.74	-0.61
17.34	271.01	-0.4
17.36	271.29	0.44
17.38	271.57	0.44
17.4	271.85	0.23
17.44	272.40	-0.14
17.48	272.96	-0.16
17.5	273.23	-0.15
17.52	273.51	-0.2
17.54	273.79	-0.19
17.56	274.07	-0.37
17.58	274.34	-0.12
17.6	274.62	-0.27
17.64	275.18	-0.44
17.66	275.45	-0.34
17.68	275.73	0
17.7	276.01	-0.38
17.72	276.28	-0.01
17.74	276.56	0.48
17.76	276.84	0.02
17.78	277.12	-0.23
17.82	277.67	0.38
17.84	277.95	0.2
17.86	278.23	0.48
17.88	278.50	0.4
17.9	278.78	-0.02
17.94	279.34	0.43
17.96	279.61	0.61
17.98	279.89	0.47
18	280.17	0.93
18.02	280.45	0.77
18.04	280.72	0.85
18.06	281.00	0.23
18.08	281.32	1.05
18.1	281.65	0.42
18.14	282.29	0.54
18.16	282.62	0.45
18.18	282.94	0.34
18.2	283.26	0.55
18.24	283.91	0.31
18.26	284.24	0.81
18.28	284.56	0.36
18.3	284.88	0.5
18.32	285.21	0.56
18.34	285.53	0.52
18.36	285.85	0.62
18.38	286.18	0.55
18.4	286.50	0.72
18.42	286.82	0.05
18.44	287.15	0.61
18.46	287.47	0.6
18.48	287.79	0.32
18.5	288.12	0.28
18.52	288.44	0.31
18.54	288.76	0.61
18.56	289.09	0.45
18.58	289.41	-0.01
18.6	289.74	0.06
18.62	290.06	0.25
18.64	290.38	0.41
18.66	290.71	0.45
18.68	291.03	0.06
18.7	291.35	-0.06
18.72	291.68	-0.33
18.74	292.00	0.04
18.76	292.25	-0.02
18.78	292.49	0.09
18.8	292.74	-0.23
18.82	292.99	-0.3
18.84	293.23	-0.18
18.86	293.48	-0.61
18.88	293.72	-0.15
18.9	293.97	-0.21
18.92	294.22	-0.39
18.94	294.46	-0.5
18.96	294.71	-0.34
18.98	294.96	-0.65
19	295.20	-0.33
19.02	295.45	0.35
19.04	295.69	0.24
19.06	295.94	0.35
19.08	296.19	0.4
19.1	296.43	0.62
19.12	296.68	0.24
19.14	296.93	-0.3
19.16	297.17	0.48
19.18	297.42	0.49
19.2	297.66	0.56
19.22	297.91	0.67
19.24	298.16	0.71
19.26	298.40	0.63
19.28	298.65	0.52
19.3	298.90	0.76
19.32	299.14	0.63
19.34	299.39	0.45
19.36	299.63	0.59
19.38	299.88	0.83
19.4	300.13	0.66
19.42	300.37	0.4
19.44	300.62	0.65
19.46	300.87	0.61
19.48	301.11	0.85
19.5	301.36	0.67
19.52	301.60	0.66
19.54	301.85	0.59
19.56	302.10	0.45
19.58	302.34	0.53
19.6	302.59	0.69
19.62	302.84	0.39
19.64	303.08	0.24
19.66	303.33	0.57
19.68	303.57	0.62
19.7	303.82	0.71
19.72	304.07	0.42
19.74	304.31	0.62
19.76	304.56	0.09
19.78	304.81	0.43
19.8	305.05	0.17
19.82	305.30	0.62
19.86	305.79	0.49
19.88	306.04	0.57
19.9	306.28	0.47
19.92	306.53	0.37
19.94	306.78	-0.41
19.96	307.02	0.38
19.98	307.27	0.31
20	307.51	0.38
20.02	307.76	0.2
20.04	308.01	-0.09
20.06	308.25	0.27
20.08	308.50	0.26
20.1	308.75	0.28
20.12	308.99	0.64
20.14	309.24	0.64
20.16	309.49	0.47
20.18	309.73	0.33
20.2	309.98	0.64
20.22	310.22	0.56
20.24	310.47	0.12
20.26	310.72	0.04
20.28	310.96	0.43
20.3	311.21	0.26
20.32	311.46	0.47
20.34	311.70	0.42
20.36	311.95	0.53
20.38	312.19	0.44
20.4	312.44	0.5
20.42	312.69	0.45
20.44	312.93	0.43
20.46	313.18	-0.18
20.52	313.92	0.99
20.54	314.16	0.38
20.56	314.41	0.49
20.58	314.66	0.9
20.6	314.90	1.07
20.62	315.15	1.02
20.64	315.40	0.65
20.66	315.64	0.82
20.68	315.89	0.39
20.7	316.13	0.98
20.72	316.38	0.8
20.74	316.63	0.82
20.76	316.87	0.55
20.78	317.12	0.87
20.8	317.37	0.14
20.82	317.61	0.76
20.84	317.86	0.63
20.86	318.10	0.85
20.88	318.35	0.71
20.9	318.60	0.6
20.92	318.84	0.81
20.94	319.09	0.84
20.96	319.34	0.56
20.98	319.58	0.61
21	319.83	0.8
21.02	320.07	0.66
21.04	320.32	0.71
21.06	320.57	0.66
21.08	320.81	0.63
21.1	321.06	0.32
21.12	321.31	0.71
21.14	321.55	0.57
21.16	321.80	0.67
21.18	322.04	0.46
21.2	322.29	0.56
21.22	322.54	0.53
21.24	322.78	0.6
21.26	323.03	0.82
21.3	323.52	0.19
21.32	323.77	-0.13
21.34	324.01	-0.13
21.36	324.26	-0.16
21.38	324.51	-0.49
21.4	324.75	-0.42
21.42	325.00	-0.41
21.44	325.74	-0.37
21.46	326.49	-0.6
21.83	340.26	0.12
21.85	341.00	-0.4
21.87	341.35	-0.31
21.89	341.71	-0.14
21.91	342.06	-0.18
21.93	342.42	-0.16
21.95	342.77	-0.76
21.97	343.13	-0.48
21.99	343.48	-0.55
22.01	343.83	-0.73
22.03	344.19	-0.06
22.05	344.54	-0.09
22.07	344.90	-0.11
22.09	345.25	-0.24
22.11	345.60	-0.05
22.13	345.96	0.47
22.15	346.31	0.22
22.17	346.67	0.43
22.19	347.02	0.3
22.21	347.38	0.26
22.23	347.73	0.59
22.27	348.44	0.54
22.29	348.79	0.17
22.31	349.15	0.22
22.33	349.50	0.25
22.35	349.85	0.18
22.37	350.21	0.08
22.39	350.56	0.01
22.41	350.92	-0.1
22.43	351.27	-0.17
22.45	351.63	-0.21
22.47	351.98	-0.17
22.51	352.69	-0.79
22.53	353.04	0.39
22.55	353.40	-0.48
22.57	353.75	-0.6
22.59	354.10	-0.22
22.63	354.81	-0.23
22.65	355.17	-0.52
22.67	355.52	-0.43
22.69	355.88	-0.42
22.71	356.23	-0.36
22.73	356.58	-0.52
22.75	356.94	-0.44
22.77	357.29	-0.22
22.79	357.65	-0.26
22.81	358.00	-0.23
22.83	358.35	-0.21
22.85	358.71	-0.32
22.87	359.06	-0.03
22.89	359.42	-0.08
22.91	359.77	0.03
22.93	360.13	0.65
22.95	360.48	-0.15
22.97	360.83	-0.16
22.99	361.19	-0.24
23.01	361.54	-0.41
23.03	361.90	-0.03
23.05	362.25	-0.22
23.07	362.60	0.11
23.09	362.96	0.06
23.11	363.31	-0.18
23.13	363.67	-0.24
23.15	364.02	0.16
23.17	364.38	0
23.19	364.73	-0.26
23.21	365.08	-0.28
23.23	365.44	-0.48
23.25	365.79	0.22
23.27	366.15	0.01
23.29	366.50	-0.15
23.31	366.85	0.1
23.33	367.21	-0.56
23.35	367.56	-0.31
23.37	367.92	-0.41
23.39	368.27	-0.01
23.41	368.63	0.43
23.43	368.98	0.08
23.45	369.33	-0.01
23.47	369.69	-0.01
23.49	370.04	0.36
23.51	370.40	0.02
23.53	370.75	0.47
23.55	371.10	0.54
23.61	372.17	0.39
23.63	372.52	0.24
23.65	372.88	0.19
23.67	373.23	0.43
23.69	373.58	0.21
23.71	373.94	0.06
23.73	374.29	-0.3
23.75	374.65	0.08
23.77	375.00	0.49
23.81	375.71	0.46
23.83	376.06	0.42
23.85	376.42	0.62
23.87	376.77	0.28
23.89	377.13	0.19
23.91	377.48	0.31
23.93	377.83	0.07
23.95	378.19	0.52
23.97	378.54	0.79
23.99	378.90	0.4
24.01	379.25	0.38
24.03	379.60	0.26
24.05	379.96	0.53
24.07	380.31	0.91
24.09	380.67	0.73
24.11	381.02	0.73
24.13	381.38	0.4
24.15	381.73	0.6
24.17	382.08	0.59
24.21	382.79	0.61
24.23	383.15	0.47
24.25	383.50	0.41
24.27	383.85	0.48
24.29	384.21	0.58
24.31	384.56	0.45
24.33	384.92	0.68
24.35	385.27	0.84
24.37	385.63	0.69
24.39	385.98	0.71
24.41	386.33	0.76
24.43	386.69	0.52
24.45	387.04	0.71
24.47	387.40	0.2
24.49	387.75	0.63
24.51	388.10	0.66
24.53	388.46	0.59
24.55	388.81	0.41
24.57	389.17	0.71
24.59	389.52	0.38
24.61	389.88	0.51
24.63	390.23	0.56
24.65	390.58	0.07
24.67	390.94	0.58
24.69	391.29	0.28
24.73	392.00	0.1
24.75	392.29	0.64
24.77	392.58	0.37
24.79	392.88	0.65
24.81	393.17	-0.17
24.83	393.46	0.48
24.85	393.75	0.33
24.87	394.04	0.49
24.89	394.34	0.24
24.91	394.63	0.53
24.93	394.92	0.45
24.95	395.21	0.45
24.97	395.51	0.37
24.99	395.80	0.74
25.01	396.09	0.78
25.03	396.38	0.83
25.05	396.67	0.45
25.07	396.97	0.26
25.09	397.26	0.92
25.11	397.55	0.71
25.13	397.84	0.98
25.17	398.43	0.8
25.19	398.72	0.89
25.21	399.01	1.17
25.23	399.30	0.9
25.25	399.60	0.98
25.27	399.89	1.09
25.29	400.18	0.95
25.31	400.47	0.66
25.33	400.76	0.78
25.35	401.06	0.87
25.37	401.35	0.9
25.39	401.64	0.87
25.41	401.93	0.86
25.43	402.22	0.85
25.45	402.52	0.81
25.47	402.81	0.24
25.49	403.10	1.17
25.51	403.39	1.22
25.53	403.69	0.92
25.55	403.98	0.85
25.57	404.27	0.43
25.59	404.56	1.2
25.61	404.85	1.08
25.63	405.15	1.04
25.65	405.44	0.74
25.67	405.73	1.02
25.69	406.02	1.33
25.71	406.31	0.9
25.73	406.61	1.04
25.75	406.90	1.28
25.77	407.19	1.05
25.79	407.48	1.1
25.81	407.78	0.83
25.83	408.07	1.12
25.85	408.36	0.9
25.87	408.65	1.03
25.89	408.94	0.94
25.91	409.24	0.89
25.93	409.53	0.86
25.95	409.82	0.93
25.97	410.11	0.8
25.99	410.40	0.84
26.01	410.70	1.02
26.03	410.99	0.51
26.05	411.28	0.76
26.07	411.57	0.69
26.09	411.87	0.7
26.11	412.16	1.09
26.13	412.45	0.96
26.15	412.74	0.77
26.17	413.03	1.15
26.21	413.62	0.99
26.23	413.91	0.87
26.25	414.20	0.94
26.27	414.49	1.02
26.29	414.79	1.17
26.31	415.08	1.07
26.33	415.37	1.16
26.35	415.66	0.86
26.37	415.96	0.85
26.39	416.25	1.09
26.41	416.54	0.32
26.45	417.12	1
26.47	417.42	0.94
26.49	417.71	0.97
26.51	418.00	0.89
26.53	418.29	0.93
26.55	418.58	0.72
26.57	418.88	0.39
26.58	419.02	0.99
26.6	419.31	0.93
26.62	419.61	0.76
26.64	419.90	0.99
26.66	420.19	0.88
26.68	420.48	0.62
26.7	420.78	0.5
26.72	421.07	0.57
26.74	421.36	0.73
26.76	421.65	0.69
26.78	421.94	0.36
26.8	422.24	-0.24
26.82	422.53	0.6
26.84	422.82	0.44
26.86	423.11	0.55
26.88	423.40	0.39
26.9	423.70	0.1
26.92	423.99	0.36
26.94	424.28	0.5
26.96	424.57	0.08
26.98	424.87	0.14
27	425.16	0.04
27.02	425.45	0.06
27.04	425.74	0.01
27.06	426.03	-0.25
27.08	426.33	-0.43
27.1	426.62	-0.16
27.12	426.91	-0.46
27.14	427.20	-0.17
27.18	427.79	-0.39
27.2	428.08	-0.48
27.26	428.96	-0.4
27.28	429.25	-0.16
27.3	429.54	-0.41
27.34	430.12	-0.46
27.36	430.42	-0.56
27.38	430.71	-0.29
27.4	431.00	-0.23
27.42	431.53	-0.39
27.44	432.06	-0.2
27.46	432.59	-0.16
27.48	433.12	-0.18
27.5	433.65	-0.33
27.52	434.18	-0.32
27.54	434.71	-0.3
27.58	435.77	-0.33
27.6	436.30	-0.21
27.62	436.83	-0.16
27.7	438.95	0.57
27.74	440.01	0.01
27.76	440.54	-0.42
27.78	441.07	-0.03
27.8	441.60	-0.09
27.82	442.13	-0.15
27.86	443.19	-0.16
27.88	443.72	0.21
27.9	444.25	0.29
27.92	444.78	-0.08
27.94	445.31	0.05
27.96	445.84	-0.35
27.98	446.37	-0.12
28	446.90	-0.27
28.02	447.43	-0.67
28.04	447.96	-0.05
28.06	448.49	-0.24
28.08	449.02	0.1
28.1	449.55	-0.04
28.12	450.08	0
28.14	450.61	-0.3
28.16	451.14	-0.06
28.18	451.67	-0.56
28.2	452.20	-0.37
28.28	454.33	-0.14
28.34	455.92	-0.46
28.36	456.45	-0.16
28.38	456.98	0.06
28.4	457.51	-0.03
28.42	458.04	0.04
28.44	458.57	0.04
28.46	459.10	-0.58
28.48	459.63	-0.53
28.5	460.16	0.43
28.52	460.69	-0.18
28.54	461.22	-0.38
28.56	461.75	0.23
28.58	462.28	0.05
28.6	462.81	0.21
28.62	463.34	0.3
28.64	463.87	-0.24
28.66	464.40	-0.27
28.68	464.93	-0.43
28.7	465.46	-0.22
28.72	465.99	0.12
28.76	467.05	-0.32
28.8	468.11	-0.24
28.82	468.64	0.09
28.84	469.17	0.01
28.86	469.70	0.18
28.88	470.23	0
28.9	470.76	0.12
28.92	471.29	0.36
28.94	471.82	-0.04
28.96	472.35	-0.31
29	473.41	-0.17
29.02	473.94	-0.31
29.06	475.00	0.1
29.1	475.42	-0.06
29.12	475.63	0.06
29.14	475.84	0.19
29.16	476.05	0.34
29.18	476.26	0.18
29.2	476.47	0.51
29.22	476.68	0.19
29.24	476.89	0.56
29.26	477.10	0.5
29.28	477.31	1.04
29.3	477.52	0.78
29.38	478.36	0.64
29.4	478.57	1.05
29.42	478.78	0.94
29.44	478.99	1.1
29.46	479.20	0.39
29.48	479.41	0.89
29.5	479.62	0.33
29.52	479.83	1.11
29.54	480.04	0.48
29.56	480.25	-0.13
29.64	481.09	0.3
29.68	481.51	0.28
29.7	481.72	0.07
29.72	481.93	0.4
29.74	482.14	0.11
29.76	482.35	0.84
29.78	482.56	0.47
29.8	482.77	0.74
29.82	482.98	0.91
29.84	483.19	0.94
29.86	483.40	0.69
29.88	483.61	0.96
29.9	483.82	0.68
29.92	484.03	0.93
29.94	484.24	0.56
29.96	484.45	1.12
29.98	484.66	0.67
30	484.87	0.37
30.02	485.08	0.93
30.04	485.29	0.42
30.06	485.50	0.81
30.06	485.50	1.1
30.08	485.71	0.94
30.1	485.92	0.92
30.12	486.13	0.99
30.14	486.34	1.05
30.18	486.76	0.78
30.2	486.97	0.97
30.22	487.18	1.13
30.24	487.39	1.09
30.26	487.60	0.96
30.28	487.81	1.05
30.3	488.02	0.82
30.32	488.23	1.06
30.34	488.44	1.03
30.36	488.65	1.17
30.38	488.86	1.09
30.4	489.07	1.08
30.42	489.28	1.1
30.44	489.49	0.76
30.46	489.70	1
30.48	489.91	1.01
30.5	490.12	1.12
30.52	490.33	1.12
30.54	490.54	1.14
30.56	490.75	0.91
30.6	491.17	1.23
30.62	491.38	1.02
30.64	491.59	0.87
30.68	492.01	1.37
30.7	492.22	0.79
30.72	492.43	1.07
30.74	492.64	1.06
30.76	492.85	1.07
30.78	493.06	1.32
30.8	493.27	1.34
30.82	493.48	1.36
30.84	493.69	1.28
30.86	493.90	1.39
30.88	494.10	1.4
30.9	494.31	1.18
30.92	494.52	1.49
30.94	494.73	1.21
30.96	494.94	1.29
31	495.36	1.43
31.02	495.57	1.31
31.04	495.78	1
31.06	495.99	0.99
31.08	496.20	1.04
31.1	496.41	1.36
31.12	496.62	0.99
31.14	496.83	1.35
31.16	497.04	0.98
31.18	497.25	0.98
31.2	497.46	1.45
31.22	497.67	1.47
31.24	497.88	1.41
31.26	498.09	1.39
31.28	498.30	1.36
31.3	498.51	1.33
31.32	498.72	1.05
31.34	498.93	1.26
31.36	499.14	1.04
31.38	499.35	1.33
31.4	499.56	1.04
31.42	499.77	1.39
31.44	499.98	0.91
31.46	500.19	1.28
31.48	500.40	1.2
31.5	500.61	1.38
31.52	500.82	1.44
31.54	501.03	1.36
31.56	501.24	1.34
31.58	501.45	1.18
31.6	501.66	1.36
31.62	501.87	0.88
31.64	502.08	1.16
31.66	502.29	1.31
31.68	502.50	1.14
31.7	502.71	1.26
31.72	502.92	0.87
31.74	503.13	1.29
31.76	503.34	1.08
31.78	503.55	1.19
31.8	503.76	1.2
31.82	503.97	0.61
31.84	504.18	1.06
31.86	504.39	1.63
31.88	504.60	1.1
31.9	504.81	1.33
31.92	505.02	1.31
31.94	505.23	1.21
31.96	505.44	1.25
31.98	505.65	1.11
32	505.86	0.92
32.02	506.07	1.15
32.04	506.28	0.77
32.06	506.49	1.25
32.08	506.70	1.27
32.1	506.91	0.95
32.12	507.12	1.13
32.14	507.33	1.02
32.16	507.54	1.12
32.18	507.75	0.77
32.2	507.96	1.03
32.22	508.17	0.98
32.24	508.38	0.75
32.26	508.59	1.19
32.28	508.80	0.93
32.3	509.01	1.3
32.32	509.22	0.66
32.34	509.43	1.17
32.36	509.64	0.96
32.38	509.85	1.19
32.4	510.06	1.31
32.42	510.27	1.16
32.44	510.48	1.36
32.48	510.90	1.71
32.5	511.11	1.25
32.52	511.32	1.09
32.54	511.53	1.18
32.56	511.74	1.14
32.58	511.95	1.06
32.6	512.16	0.98
32.62	512.37	0.87
32.64	512.58	1.23
32.66	512.79	1.1
32.68	513.00	0.93
32.7	513.19	0.87
32.72	513.38	0.99
32.74	513.56	1.18
32.76	513.75	1.4
32.78	513.94	0.92
32.8	514.13	1.03
32.82	514.31	1.29
32.84	514.50	1.11
32.86	514.69	1.09
32.88	514.88	1.09
32.9	515.06	1
32.92	515.25	0.38
32.94	515.44	1.23
32.96	515.63	1.36
32.98	515.81	0.87
33	516.00	1.17
33.02	516.19	1.27
33.04	516.38	1.19
33.06	516.56	0.77
33.08	516.75	1.49
33.1	516.94	1.16
33.12	517.13	0.91
33.14	517.31	0.7
33.16	517.50	1.09
33.18	517.69	1.25
33.2	517.88	1.25
33.22	518.06	1.12
33.24	518.25	1.2
33.26	518.44	1.22
33.28	518.63	1.14
33.3	518.81	1.02
33.32	519.00	1.27
33.34	519.19	1.21
33.36	519.38	1.21
33.38	519.56	1.24
33.4	519.75	1.22
33.42	519.94	1.16
33.44	520.13	1.18
33.46	520.31	0.93
33.48	520.50	1
33.5	520.69	1.26
33.52	520.88	1.08
33.54	521.06	1.03
33.56	521.25	1.23
33.58	521.44	1.15
33.6	521.63	0.97
33.62	521.81	1.16
33.64	522.00	1.17
33.66	522.19	0.95
33.68	522.38	1.01
33.7	522.56	1.12
33.72	522.75	1.13
33.74	522.94	1.01
33.76	523.13	0.81
33.78	523.31	1.07
33.8	523.50	0.94
33.82	523.69	1.12
33.84	523.88	1.13
33.86	524.06	1.13
33.88	524.25	1.21
33.9	524.44	1.22
33.92	524.63	1.19
33.94	524.81	0.93
33.96	525.00	1.01
33.98	525.19	1.14
34	525.38	1.03
34.02	525.56	1.21
34.04	525.75	0.94
34.06	525.94	0.96
34.08	526.13	1.26
34.1	526.31	0.98
34.12	526.50	1.01
34.14	526.69	1.05
34.16	526.88	1.2
34.18	527.06	1.12
34.2	527.25	0.98
34.22	527.44	1.08
34.24	527.63	0.82
34.26	527.81	1.15
34.28	528.00	0.95
34.3	528.19	0.94
34.32	528.38	0.97
34.34	528.56	0.82
34.36	528.75	0.83
34.38	528.94	0.95
34.4	529.13	1.03
34.42	529.31	1.07
34.44	529.50	1
34.46	529.69	0.74
34.48	529.88	0.81
34.5	530.06	0.7
34.52	530.25	0.76
34.54	530.44	1.06
34.56	530.63	1.32
34.58	530.81	0.85
34.6	531.00	0.88
34.62	531.19	0.77
34.64	531.38	0.76
34.66	531.56	0.87
34.68	531.75	0.54
34.7	531.94	0.77
34.72	532.13	0.34
34.74	532.31	0.26
34.76	532.50	0.06
34.78	532.69	0.37
34.8	532.88	0.42
34.82	533.06	0.38
34.84	533.25	-0.06
34.86	533.44	-0.02
34.88	533.63	0.06
34.9	533.81	0.12
34.92	534.00	0.15
34.94	534.35	-0.09
34.96	534.70	0.1
34.98	535.05	0.07
35	535.39	0.15
35.02	535.74	0.15
35.04	536.09	0.42
35.06	536.44	0.11
35.08	536.79	0.35
35.1	537.14	0.35
35.12	537.48	0.15
35.16	538.18	0.52
35.18	538.53	0.36
35.2	538.88	0.48
35.22	539.23	-0.05
35.26	539.92	-0.75
35.28	540.27	0.68
35.3	540.62	0.29
35.32	540.97	0.32
35.36	541.67	0.32
35.38	542.02	0.43
35.4	542.36	0.54
35.42	542.71	0.23
35.44	543.06	-0.43
35.46	543.41	0.33
35.5	544.11	0.36
35.54	544.80	0.46
35.6	545.85	0.37
35.62	546.20	0.26
35.64	546.55	0.09
35.66	546.89	0.2
35.68	547.24	0.44
35.7	547.59	0.12
35.72	547.94	0.41
35.74	548.29	0.27
35.76	548.64	0.43
35.78	548.98	0.4
35.8	549.33	0.4
35.82	549.68	0.42
35.84	550.03	0.23
35.86	550.38	0.23
35.88	550.73	0.09
35.9	551.08	0.28
35.92	551.42	0.36
35.94	551.77	0.48
35.96	552.12	0.19
35.98	552.47	0.39
36	552.82	0.11
36.02	553.17	0.17
36.04	553.52	0.1
36.06	553.86	0.12
36.08	554.21	0.44
36.1	554.56	-0.04
36.12	554.91	0.26
36.14	555.26	-0.16
36.16	555.61	0.25
36.18	555.95	0.61
36.2	556.30	0.3
36.22	556.65	0.39
36.24	557.00	0.54
36.26	557.35	0.4
36.28	557.70	0.25
36.3	558.05	0.5
36.32	558.39	0.35
36.34	558.74	0.42
36.36	559.09	0.56
36.38	559.44	0.35
36.4	559.79	0.59
36.42	560.14	0.57
36.44	560.48	0.38
36.46	560.83	0.2
36.48	561.18	0.71
36.5	561.53	0.3
36.52	561.88	0.27
36.56	562.58	0.45
36.6	563.27	-0.08
36.62	563.62	0.14
36.64	563.97	0.18
36.66	564.32	0.35
36.68	564.67	0.39
36.7	565.02	0.23
36.72	565.36	-0.17
36.74	565.71	0.57
36.76	566.06	0.42
36.78	566.41	0.63
36.8	566.76	0.49
36.82	567.11	0.84
36.84	567.45	0.54
36.86	567.80	-0.16
36.88	568.15	0.5
36.9	568.50	0.61
36.92	568.85	0.57
36.94	569.20	0.75
36.96	569.55	0.55
36.98	569.89	0.37
37	570.24	0.54
37.02	570.59	0.81
37.04	570.94	0.81
37.06	571.29	0.98
37.08	571.64	0.75
37.1	571.98	0.84
37.12	572.33	0.77
37.14	572.68	0.56
37.16	573.03	1.03
37.18	573.38	0.63
37.2	573.73	0.94
37.22	574.08	0.74
37.24	574.42	0.86
37.26	574.77	0.93
37.28	575.12	1.01
37.3	575.47	1.02
37.32	575.82	0.81
37.34	576.17	0.46
37.36	576.52	0.84
37.38	576.86	0.89
37.4	577.21	0.73
37.42	577.56	1.13
37.44	577.91	1.03
37.46	578.26	0.9
37.48	578.61	1.11
37.5	578.95	1.03
37.52	579.30	0.78
37.56	580.00	1.05
37.58	580.31	0.13
37.6	580.63	0.1
37.62	580.94	0.12
37.64	581.25	-0.03
37.66	581.57	0.09
37.68	581.88	0.16
37.7	582.20	-0.27
37.72	582.51	0.33
37.74	582.82	0.12
37.76	583.14	0.11
37.78	583.45	0.08
37.8	583.76	0.42
37.82	584.08	0.28
37.84	584.39	0.17
37.86	584.71	0.44
37.88	585.02	0.09
37.9	585.33	0.17
37.92	585.65	-0.33
37.94	585.96	-0.65
37.96	586.27	0.37
37.98	586.59	0.83
38	586.90	0.29
38.02	587.22	0.24
38.04	587.53	0.74
38.06	587.84	0.83
38.08	588.16	0.72
38.1	588.47	0.79
38.12	588.78	0.83
38.14	589.10	0.55
38.16	589.41	1.06
38.18	589.73	0.47
38.2	590.04	0.79
38.22	590.35	0.44
38.24	590.67	1.1
38.26	590.98	1.06
38.28	591.29	0.87
38.3	591.61	0.9
38.32	591.92	0.65
38.34	592.24	1.01
38.36	592.55	0.46
38.38	592.86	0.28
38.4	593.18	0.27
38.42	593.49	0.57
38.44	593.80	0.21
38.46	594.12	0.7
38.48	594.43	0.44
38.5	594.75	0.54
38.52	595.06	0.27
38.54	595.37	0.39
38.56	595.69	0.35
38.58	596.00	0.71
38.6	596.40	0.15
38.62	596.80	0.11
38.64	597.20	0.61
38.66	597.60	-0.05
38.68	598.00	0.39
38.7	598.40	0.22
38.72	598.80	0.38
38.74	599.20	-0.05
38.76	599.60	0.54
38.78	600.00	0.5
38.8	600.40	0.42
38.82	600.80	0.16
38.84	601.20	0.62
38.86	601.60	0.21
38.88	602.00	0.08
38.9	602.40	0.59
38.92	602.80	0.51
38.94	603.20	-0.24
38.96	603.60	0.7
38.98	604.00	0.34
39	604.40	0.28
39.02	604.80	0.69
39.04	605.20	0.91
39.06	605.60	0.69
39.08	606.00	0.74
39.1	606.40	0.49
39.12	606.80	0.51
39.14	607.20	0.78
39.16	607.60	0.68
39.18	608.00	0.66
39.2	608.40	0.57
39.22	608.80	0.91
39.24	609.20	0.8
39.26	609.60	1.02
39.28	610.00	0.98
39.3	610.40	0.81
39.32	610.80	0.9
39.34	611.20	0.9
39.36	611.60	0.73
39.38	612.00	0.83
39.4	612.40	0.85
39.42	612.80	1.06
39.44	613.20	0.9
39.46	613.60	0.71
39.48	614.00	0.83
39.5	614.40	1.04
39.52	614.80	0.48
39.54	615.20	0.57
39.56	615.60	0.78
39.58	616.00	0.73
39.6	616.40	0.77
39.62	616.80	0.61
39.64	617.20	0.83
39.66	617.60	0.44
39.68	618.00	0.5
39.68	618.00	0.43
39.7	618.40	0.46
39.72	618.80	0.65
39.74	619.20	0.47
39.76	619.60	0.22
39.78	620.00	0.52
39.8	620.40	0.01
39.82	620.80	-0.26
39.84	621.20	0.05
39.86	621.60	0.09
39.88	622.00	-0.04
39.9	622.35	0.07
39.92	622.71	0.39
39.94	623.06	-0.1
39.96	623.42	0.1
39.98	623.77	0.19
40	624.13	-0.18
40.02	624.48	0.14
40.04	624.83	-0.18
40.06	625.19	-0.2
40.12	626.25	0.3
40.24	628.38	0.31
40.26	628.73	0.2
40.28	629.08	0.1
40.3	629.44	0.26
40.32	629.79	0.08
40.4	631.21	0.29
40.42	631.56	0.14
40.44	631.92	0.13
40.46	632.27	-0.48
40.48	632.63	-0.62
40.5	632.98	-0.04
40.52	633.33	0.21
40.54	633.69	0.13
40.56	634.04	0.1
40.58	634.40	0.01
40.6	634.75	0.05
40.62	635.10	-0.14
40.64	635.46	-0.24
40.66	635.81	0.04
40.68	636.17	-0.01
40.7	636.52	-0.22
40.72	636.88	-0.23
40.8	638.29	-0.24
40.82	638.65	-0.25
40.96	641.13	-0.17
40.98	641.48	-1.31
41	641.83	0.18
41.02	642.19	0.11
41.04	642.54	0.31
41.06	642.90	0.06
41.08	643.25	0.06
41.1	643.60	0.28
41.12	643.96	0.1
41.14	644.31	-0.13
41.16	644.67	0.14
41.18	645.02	0.28
41.2	645.38	0.2
41.22	645.73	-0.34
41.26	646.44	0.16
41.28	646.79	-0.14
41.3	647.15	-0.01
41.32	647.50	0.06
41.34	647.85	0.11
41.36	648.21	-0.04
41.38	648.56	0.09
41.4	648.92	0.36
41.42	649.27	0.44
41.44	649.63	-0.08
41.46	649.98	0.34
41.48	650.33	0.22
41.5	650.69	0.35
41.52	651.04	0.18
41.54	651.40	0.43
41.56	651.75	0.21
41.58	652.10	0.48
41.6	652.46	0.23
41.62	652.81	-0.26
41.64	653.17	0.17
41.66	653.52	0.11
41.68	653.88	0.03
41.7	654.23	0
41.72	654.58	0.2
41.74	654.94	0.32
41.76	655.29	0.21
41.78	655.65	0.01
41.82	656.35	0.24
41.86	657.06	-0.04
41.88	657.42	-0.18
41.9	657.77	-0.02
41.92	658.13	-0.44
41.94	658.48	-0.14
41.96	658.83	-0.21
41.98	659.19	-0.02
42	659.54	-0.34
42.02	659.90	-0.34
42.04	660.25	-0.45
42.06	660.60	-0.15
42.08	660.96	-0.31
42.1	661.31	-0.52
42.12	661.67	0.11
42.16	662.38	-0.46
42.18	662.73	-0.47
42.2	663.08	-0.14
42.22	663.44	-0.02
42.24	663.79	0.26
42.26	664.15	-0.17
42.28	664.50	-0.37
42.3	664.85	0.25
42.32	665.21	-0.04
42.34	665.56	0.35
42.36	665.92	0.11
42.38	666.27	0.18
42.4	666.63	0.02
42.42	666.98	-0.47
42.44	667.33	-0.52
42.46	667.69	-0.09
42.48	668.04	-0.32
42.5	668.40	-0.85
42.52	668.75	-0.3
42.54	669.10	-0.25
42.56	669.46	0.17
42.58	669.81	-0.08
42.62	670.52	0.17
42.64	670.88	-0.13
42.66	671.23	0.23
42.68	671.58	0.08
42.7	671.94	0.11
42.72	672.29	-0.25
42.74	672.65	-0.5
42.76	673.00	-0.52
42.78	673.35	0.18
42.8	673.71	-0.01
42.82	674.06	-0.12
42.84	674.42	-0.1
42.88	675.13	-0.15
42.9	675.48	-0.17
42.92	675.83	-0.31
42.94	676.19	0.02
42.96	676.54	-0.17
42.98	676.90	0.22
43	677.25	0.35
43.02	677.60	-0.16
43.04	677.96	0.28
43.06	678.31	-0.18
43.08	678.67	-0.13
43.1	679.02	0.31
43.12	679.38	-0.05
43.14	679.73	0.36
43.16	680.08	0.24
43.18	680.44	0.11
43.2	680.79	0.15
43.22	681.15	-0.52
43.24	681.50	0
43.26	681.85	0.6
43.28	682.21	-0.19
43.3	682.56	0.6
43.32	682.92	0.3
43.34	683.27	0.45
43.36	683.63	0.46
43.38	683.98	0.42
43.4	684.33	0.66
43.42	684.69	0.3
43.44	685.04	0.45
43.52	686.46	0.18
43.58	687.52	0.01
43.6	687.88	0.43
43.62	688.23	-0.09
43.64	688.58	-0.03
43.66	688.94	0.28
43.68	689.29	0.34
43.7	689.65	0.69
43.72	690.00	0.59
43.74	690.20	0.54
43.76	690.41	-0.14
43.78	690.61	0.64
43.8	690.82	0.2
43.82	691.02	0.8
43.84	691.23	0.65
43.86	691.43	0.52
43.88	691.64	-0.03
43.9	691.84	0.5
43.92	692.05	0.57
43.94	692.25	0.65
43.96	692.45	0.39
43.98	692.66	0.58
44	692.86	0.82
44.02	693.07	0.83
44.04	693.27	0.71
44.06	693.48	0.54
44.08	693.68	0.71
44.1	693.89	0.74
44.12	694.09	0.69
44.14	694.30	1.11
44.16	694.50	1.11
44.18	694.70	1.05
44.2	694.91	0.29
44.22	695.11	1.14
44.24	695.32	1.05
44.26	695.52	0.89
44.28	695.73	0.21
44.3	695.93	0.88
44.32	696.14	0.91
44.34	696.34	0.82
44.36	696.55	0.58
44.38	696.75	0.95
44.4	696.95	1
44.42	697.16	1.11
44.44	697.36	0.75
44.46	697.57	0.89
44.48	697.77	0.99
44.52	698.18	0.43
44.54	698.39	1.15
44.56	698.59	0.93
44.58	698.80	0.72
44.6	699.00	1.04
44.62	699.20	0.67
44.64	699.41	0.39
44.66	699.61	0.95
44.68	699.82	0.9
44.7	700.02	0.93
44.72	700.23	0.8
44.74	700.43	1.02
44.76	700.64	0.66
44.78	700.84	0.98
44.8	701.05	1.05
44.82	701.25	0.87
44.84	701.45	0.85
44.86	701.66	0.99
44.88	701.86	0.21
44.9	702.07	1.04
44.92	702.27	1
44.94	702.48	0.93
44.96	702.68	0.45
44.98	702.89	0.71
44.98	702.89	1.09
45	703.09	0.83
45.02	703.30	0.98
45.04	703.50	0.9
45.06	703.70	0.76
45.08	703.91	0.93
45.1	704.11	0.89
45.12	704.32	0.93
45.16	704.73	0.99
45.18	704.93	0.89
45.22	705.34	0.86
45.24	705.55	0.54
45.26	705.75	0.74
45.28	705.95	0.47
45.3	706.16	0.83
45.32	706.36	1.12
45.34	706.57	0.95
45.36	706.77	0.83
45.38	706.98	0.72
45.4	707.18	0.75
45.42	707.39	1.02
45.44	707.59	0.76
45.46	707.80	0.57
45.48	708.00	0.86
45.5	708.20	0.87
45.52	708.41	0.73
45.54	708.61	0.72
45.58	709.02	0.65
45.6	709.23	0.61
45.62	709.43	0.6
45.64	709.64	0.71
45.66	709.84	0.51
45.68	710.05	0.51
45.7	710.25	0.18
45.72	710.45	0.57
45.74	710.66	0.75
45.76	710.86	0.3
45.78	711.07	0.36
45.8	711.27	0.77
45.82	711.48	-0.06
45.84	711.68	0.52
45.86	711.89	0.48
45.88	712.09	0.71
45.9	712.30	0.3
45.92	712.50	0.6
45.94	712.70	0.51
45.96	712.91	0.47
45.98	713.11	0.53
46	713.32	-0.11
46.02	713.52	0.69
46.04	713.73	0.37
46.52	718.64	-0.55
46.56	719.05	-0.48
46.66	720.07	0.08
46.68	720.27	-0.19
46.7	720.48	0.08
46.72	720.68	0.13
46.74	720.89	0.05
46.76	721.09	0.02
46.78	721.30	-0.02
46.8	721.50	0.15
46.82	721.70	0.25
46.84	721.91	-0.05
46.86	722.11	-0.16
46.88	722.32	0.17
46.9	722.52	0.08
46.92	722.73	-0.07
46.94	722.93	0.27
46.96	723.14	0.48
46.98	723.34	0.43
47	723.55	0.14
47.02	723.75	0.31
47.04	723.95	0.35
47.06	724.16	0.08
47.08	724.36	-0.12
47.1	724.57	0.14
47.12	724.77	0.06
47.14	724.98	-0.31
47.16	725.18	0.11
47.18	725.39	0.38
47.2	725.59	0.71
47.22	725.80	0.5
47.24	726.00	0.43
47.26	726.27	0.63
47.28	726.54	0.53
47.3	726.81	0.76
47.32	727.08	0.72
47.34	727.35	0.6
47.36	727.62	0.64
47.38	727.89	0.6
47.4	728.16	0.6
47.42	728.43	0.59
47.44	728.70	0.65
47.46	728.97	0.52
47.48	729.24	0.76
47.5	729.51	0.84
47.52	729.78	0.73
47.54	730.05	0.68
47.56	730.32	0.23
47.58	730.59	0.29
47.6	730.86	0.64
47.62	731.14	0.27
47.64	731.41	0.65
47.66	731.68	0.56
47.68	731.95	0.1
47.7	732.22	-0.07
47.72	732.49	0.07
47.74	732.76	0.17
47.76	733.03	0.04
47.78	733.30	-0.23
47.8	733.57	0.21
47.82	733.84	0.06
47.84	734.11	0.11
47.86	734.38	0.24
47.88	734.65	0.08
47.9	734.92	0.29
47.92	735.19	0.05
47.96	735.73	-0.05
48	736.27	0.05
48.06	737.08	-0.07
48.08	737.35	0.55
48.1	737.62	0.17
48.12	737.89	-0.48
48.14	738.16	0.56
48.16	738.43	0.6
48.2	738.97	0.34
48.22	739.24	-0.06
48.26	739.78	0.41
48.34	740.86	0.5
48.36	741.14	0.19
48.38	741.41	0.41
48.42	741.95	0.24
48.44	742.22	0.3
48.46	742.49	-0.3
48.48	742.76	0
48.5	743.03	-0.04
48.52	743.30	-0.24
48.58	744.11	0.33
48.6	744.38	-0.09
48.68	745.46	-0.42
48.7	745.73	-0.36
48.72	746.00	-0.37
48.74	746.35	-0.56
48.76	746.69	-0.23
48.78	747.04	-0.18
48.8	747.39	-0.57
48.82	747.74	-0.33
48.84	748.08	-0.32
48.86	748.43	-0.35
48.88	748.78	-0.88
48.9	749.12	-0.55
48.92	749.47	-0.47
48.94	749.82	-0.38
48.96	750.17	-0.47
48.98	750.51	-0.71
49	750.86	-0.03
49.02	751.21	-0.29
49.08	752.25	-0.34
49.1	752.60	0.46
49.12	752.94	-0.43
49.14	753.29	-0.41
49.16	753.64	-0.3
49.18	753.98	-0.26
49.2	754.33	-0.71
49.22	754.68	-0.7
49.24	755.02	-0.25
49.26	755.37	-0.62
49.3	756.07	0.01
49.32	756.41	-0.07
49.36	757.11	0.16
49.38	757.45	-0.14
49.4	757.80	0.64
49.42	758.15	0.52
49.44	758.50	0.15
49.46	758.84	0.72
49.48	759.19	0.5
49.5	759.54	0.37
49.52	759.88	0.41
49.56	760.58	0.05
49.58	760.93	0.21
49.6	761.27	-0.35
49.62	761.62	-0.38
49.64	761.97	0.03
49.66	762.31	0.47
49.68	762.66	0.43
49.7	763.01	0.42
49.72	763.36	0.32
49.74	763.70	0.56
49.76	764.05	0.46
49.78	764.40	0.56
49.8	764.74	0.44
49.82	765.09	0.24
49.84	765.44	-0.06
49.88	766.13	0.81
49.9	766.48	0.39
49.92	766.83	0.54
49.94	767.17	0.91
49.96	767.52	0.4
49.98	767.87	0.99
50	768.21	0.51
50.02	768.56	0.75
50.04	768.91	0.56
50.06	769.26	0.47
50.08	769.60	0.52
50.1	769.95	0.88
50.12	770.30	0.16
50.14	770.64	0.52
50.16	770.99	0.79
50.18	771.34	0.47
50.2	771.69	0.56
50.22	772.03	0.67
50.24	772.38	0.74
50.26	772.73	0.64
50.28	773.07	0.68
50.3	773.42	0.63
50.32	773.77	0.32
50.34	774.12	0.35
50.36	774.46	0.4
50.38	774.81	0.22
50.4	775.16	0.45
50.42	775.50	0.83
50.44	775.85	0.32
50.46	776.20	0.77
50.48	776.55	0.67
50.5	776.89	0.56
50.52	777.24	0.88
50.54	777.59	0.53
50.56	777.93	0.65
50.58	778.28	0.74
50.6	778.63	0.78
50.62	778.98	0.69
50.64	779.32	0.82
50.66	779.67	0.54
50.68	780.02	0.91
50.7	780.36	0.8
50.72	780.71	0.88
50.74	781.06	0.86
50.76	781.40	0.93
50.78	781.75	0.9
50.8	782.10	0.85
50.82	782.45	0.87
50.84	782.79	0.82
50.86	783.14	0.84
50.86	783.14	0.61
50.88	783.49	0.7
50.9	783.83	0.39
50.92	784.18	0.76
50.94	784.53	0.78
50.96	784.88	0.5
50.98	785.22	0.53
51	785.57	0.68
51.02	785.92	0.4
51.04	786.26	0.82
51.06	786.61	0.7
51.08	786.96	0.65
51.1	787.31	0
51.12	787.65	0.26
51.14	788.00	0.18
51.16	788.36	-0.38
51.18	788.72	-0.08
51.2	789.08	-0.36
51.22	789.44	-0.3
51.24	789.81	-0.32
51.26	790.17	-0.31
51.28	790.53	-0.44
51.3	790.89	-0.46
51.32	791.25	-0.4
51.56	795.58	-1.37
51.6	796.31	0.56
51.62	796.67	-0.27
51.64	797.03	-0.34
51.66	797.39	-0.54
51.68	797.75	-0.06
51.72	798.47	-0.4
51.74	798.83	-0.29
51.76	799.19	-0.13
51.8	799.92	-0.35
51.84	800.64	0.01
51.86	801.00	-0.11
51.9	801.72	0.03
51.96	802.81	-0.23
51.98	803.17	-0.39
52.02	803.89	0.06
52.04	804.25	-0.15
52.06	804.61	0.26
52.08	804.97	-0.36
52.1	805.33	-0.28
52.12	805.69	-0.28
52.14	806.06	-0.44
52.16	806.42	0.15
52.18	806.78	0.26
52.2	807.14	0.17
52.22	807.50	-0.53
52.24	807.86	0.34
52.26	808.22	0.08
52.28	808.58	0.15
52.3	808.94	-0.21
52.32	809.31	0.4
52.36	810.03	0.38
52.38	810.39	-0.08
52.4	810.75	-0.02
52.44	811.47	0.32
52.46	811.83	0.17
52.48	812.19	0.17
52.5	812.56	0.31
52.52	812.92	0.26
52.54	813.28	0.25
52.56	813.64	0.77
52.58	814.00	0.58
52.6	814.27	0.46
52.62	814.54	0.54
52.66	815.09	0.49
52.68	815.36	0.21
52.7	815.63	0.33
52.72	815.90	0.71
52.74	816.17	0.42
52.76	816.44	0.47
52.8	816.99	0.54
52.82	817.26	0.56
52.84	817.53	0.46
52.86	817.80	0.4
52.88	818.07	0.78
52.9	818.34	0.67
52.92	818.62	0.72
52.94	818.89	0.73
52.96	819.16	0.59
52.98	819.43	0.78
53	819.70	0.64
53.02	819.97	0.72
53.04	820.25	0.73
53.06	820.52	0.51
53.08	820.79	0.58
53.1	821.06	0.69
53.12	821.33	0.12
53.14	821.60	0.04
53.16	821.87	0.49
53.18	822.15	0.32
53.2	822.42	0.06
53.22	822.69	0.15
53.24	822.96	0.13
53.26	823.23	0.4
53.28	823.50	0.46
53.3	823.78	0.18
53.32	824.05	0.12
53.34	824.32	-0.09
53.36	824.59	0.09
53.38	824.86	0.05
53.4	825.13	0.56
53.42	825.40	0.13
53.44	825.68	0.47
53.46	825.95	0.6
53.48	826.22	0.61
53.5	826.49	0.41
53.52	826.76	0.62
53.54	827.03	0.79
53.56	827.31	0.19
53.58	827.58	0.22
53.6	827.85	0.5
53.62	828.12	0.29
53.64	828.39	0.47
53.66	828.66	0.5
53.68	828.93	0.54
53.7	829.21	0.2
53.72	829.48	0.58
53.74	829.75	0.46
53.76	830.02	0.04
53.78	830.29	0.56
53.8	830.56	0.41
53.88	831.65	-0.12
53.98	833.01	-0.1
54.02	833.55	-0.16
54.04	833.82	-0.07
54.06	834.09	-0.14
54.08	834.37	0.08
54.1	834.64	-0.06
54.12	834.91	0.11
54.14	835.18	0.58
54.16	835.45	0.7
54.18	835.72	0.46
54.2	835.99	0.1
54.24	836.54	0.57
54.26	836.81	0.04
54.29	837.22	0.7
54.31	837.49	0.7
54.33	837.76	0.42
54.35	838.03	0.44
54.37	838.30	0.73
54.41	838.85	0.61
54.43	839.12	0.61
54.45	839.39	0.56
54.47	839.66	0.57
54.49	839.93	0.55
54.51	840.20	0.44
54.53	840.48	0.16
54.55	840.75	0.36
54.57	841.02	0.63
54.59	841.29	0.55
54.61	841.56	0.51
54.63	841.83	0.59
54.65	842.10	0.64
54.67	842.38	0.3
54.69	842.65	0.62
54.71	842.92	0.72
54.73	843.19	0.5
54.77	843.73	0.49
54.79	844.01	0.74
54.81	844.28	0.64
54.83	844.55	0.34
54.85	844.82	0.38
54.87	845.09	0.32
54.89	845.36	-0.12
54.91	845.63	0.31
54.93	845.91	-0.13
54.95	846.18	-0.12
54.97	846.45	0.13
54.99	846.72	-0.1
55.01	846.99	-0.14
55.03	847.26	0.3
55.05	847.54	-0.05
55.07	847.81	0.21
55.09	848.08	0.43
55.11	848.35	0.22
55.13	848.62	0.66
55.15	848.89	0.24
55.17	849.16	0.54
55.19	849.44	0.5
55.21	849.71	0.14
55.23	849.98	-0.15
55.25	850.25	0.58
55.27	850.52	0.51
55.29	850.79	0.46
55.31	851.07	0.75
55.33	851.34	0.56
55.35	851.61	0.42
55.37	851.88	0.51
55.39	852.15	0.56
55.41	852.42	0.63
55.43	852.69	0.52
55.45	852.97	0.21
55.47	853.24	0.82
55.49	853.51	0.78
55.51	853.78	0.85
55.53	854.05	0.45
55.55	854.32	0.83
55.57	854.60	0.64
55.59	854.87	0.61
55.61	855.14	0.62
55.63	855.41	0.73
55.65	855.68	0.53
55.69	856.22	0.68
55.71	856.50	0.27
55.73	856.77	-0.15
55.75	857.04	0.27
55.79	857.58	0.77
55.81	857.85	0.45
55.83	858.13	0.8
55.85	858.40	0.84
55.87	858.67	0.7
55.89	858.94	0.66
55.91	859.21	0.41
55.95	859.75	0.42
56.01	860.57	0.42
56.03	860.84	0.08
56.05	861.11	0.21
56.21	863.28	0.62
56.27	864.10	0.41
56.31	864.64	-0.47
56.33	864.91	0.11
56.37	865.46	0.01
56.41	866.00	-0.27
56.43	866.34	-0.5
56.45	866.68	-0.42
56.47	867.02	-0.55
56.49	867.36	-0.48
56.51	867.71	-0.38
56.53	868.05	-0.62
56.55	868.39	-0.62
56.57	868.73	-0.8
56.59	869.07	-0.63
56.61	869.41	-0.49
56.65	870.09	-0.89
56.67	870.44	-0.35
56.69	870.78	-0.29
56.71	871.12	-0.42
56.73	871.46	-0.29
56.75	871.80	-0.2
56.77	872.14	-0.18
56.79	872.48	0.03
56.83	873.17	-0.51
56.85	873.51	-0.01
56.87	873.85	-0.15
56.89	874.19	-0.15
56.91	874.53	-0.13
56.93	874.87	-0.35
56.95	875.21	0.07
56.97	875.55	-0.27
57.01	876.24	-0.06
57.03	876.58	-0.34
57.05	876.92	-0.53
57.07	877.26	-0.06
57.09	877.60	0.26
57.11	877.94	0.24
57.13	878.28	-0.08
57.17	878.97	-0.56
57.19	879.31	-0.45
57.24	880.16	-0.41
57.26	880.50	-0.24
57.28	880.84	-0.4
57.58	885.96	-0.15
57.72	888.35	-0.92
57.76	889.03	-0.52
57.8	889.72	-0.46
57.94	892.10	-0.39
58.04	893.81	-0.49
58.06	894.15	0.63
58.1	894.83	-0.24
58.12	895.18	-0.07
58.16	895.86	0.04
58.18	896.20	-0.43
58.2	896.54	-0.32
58.22	896.88	-0.15
58.28	897.91	0.27
58.32	898.59	-0.45
58.34	898.93	0.18
58.38	899.61	-0.09
58.4	899.95	0.1
58.42	900.29	0.19
58.44	900.64	0.26
58.46	900.98	-0.04
58.48	901.32	0.2
58.5	901.66	-0.08
58.52	902.00	0.05
58.54	902.24	-0.18
58.56	902.48	-0.21
58.58	902.71	0.26
58.6	902.95	0.02
58.62	903.19	0.22
58.64	903.43	0
58.66	903.67	-0.24
58.68	903.90	0.29
58.7	904.14	-0.41
58.72	904.38	0.42
58.74	904.62	0.03
58.76	904.86	0.01
58.82	905.57	0.42
58.86	906.05	0.05
58.88	906.29	0.04
58.9	906.52	0.05
58.92	906.76	0.09
58.94	907.00	0.38
58.96	907.24	-0.06
58.98	907.48	-0.61
59	907.71	0.56
59.02	907.95	0.3
59.04	908.19	-0.06
59.06	908.43	0.15
59.08	908.67	0.1
59.1	908.90	0.45
59.12	909.14	0.18
59.14	909.38	0.11
59.16	909.62	-0.45
59.18	909.86	0.03
59.2	910.10	0.19
59.22	910.33	-0.2
59.24	910.57	0.08
59.26	910.81	0.21
59.28	911.05	-0.28
59.3	911.29	0.1
59.32	911.52	0
59.34	911.76	-0.17
59.36	912.00	0.15
59.38	912.24	-0.48
59.4	912.48	-0.03
59.42	912.71	-0.19
59.44	912.95	-0.07
59.46	913.19	-0.36
59.48	913.43	0.04
59.5	913.67	0.25
59.52	913.90	-0.29
59.54	914.14	0.04
59.56	914.38	-0.05
59.58	914.62	0.19
59.6	914.86	-0.05
59.62	915.10	-0.28
59.64	915.33	-1.27
59.66	915.57	-0.17
59.68	915.81	-0.15
59.7	916.05	0.09
59.72	916.29	-0.45
59.74	916.52	-0.13
59.76	916.76	0.12
59.78	917.00	-0.02
59.8	917.24	-0.23
59.82	917.48	-0.1
59.84	917.71	-0.38
59.86	917.95	-0.56
59.88	918.19	-0.04
59.92	918.67	-0.67
59.94	918.90	-0.61
59.96	919.14	-0.19
59.98	919.38	-0.56
60	919.62	-0.42
60.04	920.10	-0.53
60.06	920.33	-0.53
60.1	920.81	-0.62
60.12	921.05	-0.75
60.16	921.52	-0.41
60.18	921.76	-0.47
60.2	922.00	-0.62
60.26	922.60	-0.31
60.28	922.81	-0.35
60.38	923.81	-0.2
60.42	924.22	-0.25
60.44	924.42	-0.21
60.46	924.62	-0.2
60.48	924.82	-0.3
60.5	925.02	-0.36
60.52	925.22	-0.24
60.56	925.63	0.2
60.58	925.83	-0.24
60.6	926.03	0.24
60.62	926.23	0.17
60.64	926.43	-0.27
60.66	926.63	0.38
60.68	926.83	-0.12
60.7	927.04	0.38
60.72	927.24	-0.11
60.74	927.44	0.32
60.76	927.64	0.02
60.78	927.84	-0.17
60.84	928.45	0.46
60.86	928.65	-0.51
60.88	928.85	-0.02
60.9	929.05	0.02
60.92	929.25	-0.36
60.94	929.45	-0.19
60.96	929.65	0.05
60.98	929.86	-0.55
61	930.06	0.01
61.02	930.26	0.45
61.06	930.66	-0.12
61.08	930.86	-0.13
61.1	931.06	0.19
61.16	931.67	-0.67
61.18	931.87	-0.26
61.2	932.07	0.1
61.22	932.27	0.09
61.24	932.47	-0.09
61.26	932.68	-0.16
61.28	932.88	0.09
61.3	933.08	0.14
61.32	933.28	0.03
61.34	933.48	0.38
61.36	933.68	0.09
61.38	933.88	0.59
61.4	934.09	0.2
61.42	934.29	0.42
61.44	934.49	0.08
61.46	934.69	0.47
61.48	934.89	0.09
61.5	935.09	-0.08
61.52	935.29	0.12
61.54	935.50	0.39
61.56	935.70	0.21
61.58	935.90	0.41
61.6	936.10	0.32
61.62	936.30	0.52
61.64	936.50	0.47
61.66	936.71	0.27
61.68	936.91	0.27
61.7	937.11	0.38
61.72	937.31	0.66
61.74	937.51	0.36
61.76	937.71	-0.16
61.78	937.91	0.13
61.8	938.12	0.31
61.82	938.32	-0.03
61.84	938.52	-0.18
61.86	938.72	0.52
61.88	938.92	0.21
61.9	939.12	0.5
61.92	939.32	0.08
61.94	939.53	0.27
61.96	939.73	0.25
61.98	939.93	0.38
62.02	940.33	0.33
62.04	940.53	0.34
62.06	940.73	0.28
62.08	940.94	0.24
62.1	941.14	0.54
62.12	941.34	-0.06
62.14	941.54	0.65
62.18	941.94	0.75
62.2	942.14	0.6
62.22	942.35	0.51
62.24	942.55	0.8
62.26	942.75	0.58
62.28	942.95	0.39
62.3	943.15	0.35
62.32	943.35	0.62
62.34	943.55	0.56
62.36	943.76	0.79
62.38	943.96	0.63
62.4	944.16	0.79
62.42	944.36	0.65
62.44	944.56	0.56
62.46	944.76	0.51
62.48	944.96	0.1
62.5	945.17	0.46
62.52	945.37	0.7
62.54	945.57	0.31
62.56	945.77	0.61
62.58	945.97	0.63
62.6	946.17	0.82
62.62	946.37	0.83
62.64	946.58	0.51
62.66	946.78	0.73
62.68	946.98	0.31
62.7	947.18	0.6
62.72	947.38	0.79
62.74	947.58	0.86
62.76	947.78	0.76
62.78	947.99	0.81
62.8	948.19	0.93
62.82	948.39	0.76
62.84	948.59	0.32
62.86	948.79	0.76
62.88	948.99	0.77
62.9	949.19	0.73
62.92	949.40	0.75
62.94	949.60	0.7
62.945	949.65	0.75
62.96	949.80	0.92
62.965	949.85	0.83
62.985	950.05	0.8
63.005	950.25	0.69
63.025	950.45	0.85
63.045	950.65	0.28
63.065	950.86	0.86
63.085	951.06	0.81
63.105	951.26	0.83
63.125	951.46	0.81
63.145	951.66	0.5
63.165	951.86	0.47
63.185	952.06	0.66
63.205	952.27	0.59
63.225	952.47	0.75
63.245	952.67	0.85
63.265	952.87	0.37
63.285	953.07	0.83
63.305	953.27	0.64
63.325	953.47	-0.05
63.345	953.68	0.63
63.365	953.88	0.7
63.385	954.08	0.51
63.405	954.28	0.55
63.425	954.48	0.73
63.445	954.68	0.28
63.465	954.88	0.41
63.485	955.09	0.27
63.505	955.29	0.04
63.525	955.49	0.38
63.545	955.69	0.58
63.565	955.89	0.42
63.585	956.09	0.19
63.605	956.29	0.31
63.625	956.50	0.38
63.645	956.70	0.24
63.665	956.90	0.37
63.685	957.10	0.09
63.705	957.30	-0.19
63.725	957.50	0.32
63.745	957.71	-0.23
63.765	957.91	-0.35
63.785	958.11	-0.1
63.805	958.31	-0.26
63.825	958.51	-0.41
63.845	958.71	-0.38
63.865	958.91	-0.05
63.885	959.12	-0.29
63.905	959.32	-0.42
63.925	959.52	-0.31
63.995	960.22	-0.44
64.025	960.53	-0.16
64.045	960.73	-0.27
64.075	961.03	-0.51
64.115	961.43	0.22
64.145	961.73	0.01
64.165	961.94	-0.15
64.205	962.34	0.55
64.245	962.74	0.14
64.275	963.04	-0.17
64.305	963.35	0.02
64.325	963.55	0.36
64.345	963.75	-0.19
64.365	963.95	-0.19
64.385	964.16	-0.15
64.405	964.37	0.23
64.425	964.57	0.22
64.445	964.78	0.16
64.475	965.10	0.39
64.635	966.77	-0.16
64.665	967.08	0
64.685	967.29	-0.27
64.705	967.50	0.3
64.725	967.71	0.19
64.745	967.92	0.04
64.775	968.23	-0.14
64.805	968.54	0.07
64.825	968.75	0.45
64.845	968.96	-0.01
64.865	969.17	0.1
64.895	969.49	0.06
64.925	969.80	-0.07
64.945	970.01	0.03
64.965	970.22	-0.46
64.985	970.43	-0.3
65.005	970.63	0.31
65.025	970.84	0.72
65.045	971.05	0.48
65.065	971.26	0.44
65.085	971.47	0.75
65.105	971.68	0.57
65.125	971.89	0.46
65.145	972.10	0.66
65.165	972.31	0.7
65.185	972.51	0.57
65.205	972.72	0.65
65.225	972.93	0.31
65.255	973.25	0.68
65.285	973.56	0.58
65.305	973.77	0.84
65.325	973.98	0.62
65.345	974.19	-0.2
65.365	974.40	0.38
65.385	974.60	0.42
65.405	974.81	0.15
65.425	975.02	0.16
65.445	975.23	0.58
65.465	975.44	0.55
65.485	975.65	0.59
65.505	975.86	0.34
65.525	976.07	0.43
65.545	976.28	0.53
65.565	976.49	0.3
65.585	976.69	0.45
65.605	976.90	0.19
65.625	977.11	0.56
65.645	977.32	0.38
65.665	977.53	0.79
65.685	977.74	0.06
65.705	977.95	0.16
65.725	978.35	0.35
65.745	978.81	0.4
65.765	979.27	0.24
65.785	979.73	0.85
65.805	980.19	0.33
65.825	980.65	0.15
65.845	981.12	0.31
65.865	981.58	0.22
65.905	982.50	-0.26
65.925	982.96	-0.27
65.945	983.42	-0.06
65.965	983.88	-0.05
65.985	984.12	0.14
66.005	984.28	-0.17
66.025	984.44	0.11
66.045	984.60	0.21
66.065	984.76	0.25
66.085	984.91	0.47
66.105	985.07	0.26
66.125	985.23	0.22
66.145	985.39	0.57
66.165	985.55	0.52
66.185	985.71	0.41
66.205	985.87	0.39
66.225	986.03	0.13
66.245	986.19	0.51
66.265	986.35	0.34
66.285	986.51	-0.26
66.305	986.66	0.19
66.325	986.82	0.12
66.345	986.98	-0.12
66.365	987.14	-0.42
66.385	987.30	-0.19
66.405	987.46	-0.08
66.425	987.62	0.2
66.445	987.78	-0.18
66.465	987.94	-0.06
66.485	988.10	0.02
66.505	988.26	0.08
66.535	988.49	-0.06
66.565	988.73	0.05
66.585	988.89	-0.01
66.605	989.05	0.26
66.625	989.21	0.2
66.645	989.37	0.43
66.665	989.53	0.3
66.685	989.69	0.1
66.705	989.85	0.13
66.725	990.01	0.12
66.745	990.16	0.21
66.775	990.40	0.05
66.825	990.80	0.24
66.845	990.96	0.01
66.865	991.12	0.81
66.885	991.28	0.1
66.905	991.44	0.75
66.925	991.60	0.7
66.945	991.76	0.42
66.965	991.91	0.59
66.985	992.07	0.24
67.005	992.23	0.64
67.025	992.39	0.64
67.045	992.55	1
67.065	992.71	0.81
67.085	992.87	0.61
67.105	993.03	0.64
67.125	993.19	0.97
67.145	993.35	0.15
67.165	993.51	0.93
67.185	993.66	0.7
67.205	993.82	0.85
67.225	993.98	0.78
67.245	994.14	0.69
67.265	994.30	0.15
67.285	994.46	0.6
67.305	994.62	0.55
67.325	994.78	1.03
67.345	994.94	0.79
67.365	995.10	0.86
67.385	995.26	0.92
67.405	995.41	0.47
67.425	995.57	0.72
67.445	995.73	0.82
67.465	995.89	0.66
67.485	996.05	0.6
67.505	996.21	0.71
67.525	996.37	0.72
67.545	996.53	0.08
67.585	996.85	0.33
67.605	997.01	0.41
67.625	997.16	0.3
67.645	997.32	0.5
67.665	997.48	0.91
67.685	997.64	0.77
67.705	997.80	-0.05
67.725	997.96	0.86
67.745	998.28	0.46
67.765	998.66	0.28
67.79	999.13	0.25
67.81	999.50	0.55
67.83	999.88	0.14
67.85	1000.25	0.21
67.87	1000.63	-0.04
67.89	1001.00	0.34
67.91	1001.38	0.17
67.93	1001.75	0.49
67.95	1002.13	0.16
67.97	1002.50	0.11
67.99	1002.88	0.31
68.01	1003.25	-0.02
68.03	1003.63	0.07
68.05	1004.00	0.44
68.07	1004.24	-0.09
68.09	1004.47	-0.08
68.11	1004.71	0.32
68.13	1004.95	0.49
68.15	1005.19	0.34
68.17	1005.42	0.45
68.21	1005.90	0.42
68.23	1006.14	0.12
68.25	1006.37	0.07
68.27	1006.61	0.32
68.29	1006.85	0.11
68.31	1007.08	0.38
68.33	1007.32	0.24
68.35	1007.56	0.42
68.37	1007.80	0.51
68.39	1008.03	-0.04
68.41	1008.27	0.53
68.43	1008.51	-0.01
68.45	1008.75	0.8
68.47	1008.98	0.47
68.49	1009.22	0.8
68.51	1009.46	0.92
68.53	1009.69	0.34
68.58	1010.29	0.45
68.61	1010.64	0.6
68.63	1010.88	1.01
68.65	1011.12	0.41
68.67	1011.36	0.38
68.69	1011.59	0.4
68.72	1011.95	0.21
68.75	1012.31	1.01
68.77	1012.54	0.83
68.79	1012.78	0.99
68.81	1013.02	0.86
68.83	1013.25	0.27
68.85	1013.49	0.82
68.87	1013.73	0.79
68.89	1013.97	0.81
68.91	1014.20	1.01
68.93	1014.44	0.79
68.95	1014.68	0.81
68.99	1015.15	0.88
69.03	1015.63	0.4
69.05	1015.86	0.61
69.09	1016.34	-0.17
69.11	1016.58	-0.21
69.13	1016.81	-0.02
69.15	1017.05	0.18
69.17	1017.29	-0.45
69.19	1017.53	0.56
69.21	1017.76	0.36
69.23	1018.00	0.5
69.25	1018.24	0.47
69.27	1018.47	0.7
69.29	1018.71	0.63
69.31	1018.95	0.56
69.33	1019.19	0.22
69.35	1019.42	0.93
69.37	1019.66	0.88
69.39	1019.90	0.59
69.39	1019.90	0.82
69.41	1020.14	0.7
69.47	1020.85	0.83
69.49	1021.08	1.08
69.51	1021.32	0.97
69.53	1021.56	0.86
69.55	1021.80	0.89
69.57	1022.03	1.01
69.59	1022.27	0.73
69.61	1022.51	0.68
69.63	1022.75	0.6
69.65	1022.98	0.48
69.652	1023.01	0.88
69.672	1023.24	0.98
69.692	1023.48	0.63
69.712	1023.72	0.42
69.732	1023.96	0.72
69.752	1024.19	0.5
69.772	1024.43	0.93
69.792	1024.67	0.74
69.812	1024.91	0.43
69.832	1025.14	0.45
69.852	1025.38	0
69.872	1025.62	0.21
69.892	1025.85	0.51
69.912	1026.09	0.51
69.932	1026.33	-0.12
69.952	1026.57	0.36
69.972	1026.80	0.44
69.992	1027.04	0.13
70.012	1027.28	0.53
70.032	1027.52	0.71
70.052	1027.75	0.77
70.072	1027.99	0.83
70.092	1028.23	0.86
70.112	1028.46	0.63
70.132	1028.70	0.62
70.152	1028.94	0.22
70.172	1029.18	0.63
70.192	1029.41	0.4
70.212	1029.65	0.83
70.232	1029.89	0.82
70.252	1030.13	0.53
70.272	1030.36	0.65
70.292	1030.60	0.46
70.312	1030.84	0.69
70.332	1031.07	0.24
70.352	1031.31	0.23
70.372	1031.55	0.69
70.392	1031.79	0.55
70.412	1032.03	0.61
70.432	1032.34	0.37
70.452	1032.66	0.22
70.472	1032.97	0.09
70.492	1033.28	0.13
70.512	1033.60	0.3
70.532	1033.91	-0.03
70.552	1034.22	0.35
70.572	1034.54	0.38
70.592	1034.85	0.38
70.612	1035.16	0.09
70.632	1035.48	0.1
70.652	1035.79	0.33
70.672	1036.10	0.64
70.692	1036.42	-0.34
70.712	1036.73	0.06
70.732	1037.04	0.27
70.752	1037.36	0.08
70.772	1037.67	0.03
70.792	1037.98	0.56
70.812	1038.30	0.35
70.832	1038.61	0.42
70.852	1038.92	0.29
70.872	1039.24	0.25
70.892	1039.55	0.21
70.912	1039.86	0.45
70.932	1040.18	0.23
70.952	1040.49	0.12
70.972	1040.80	0.28
70.992	1041.12	-0.01
71.012	1041.43	0.29
71.032	1041.74	0.08
71.052	1042.06	0.63
71.072	1042.37	0.45
71.092	1042.68	0.18
71.112	1043.00	0.3
71.132	1043.31	0.22
71.152	1043.62	0.22
71.172	1043.93	-0.04
71.192	1044.25	0.55
71.212	1044.56	0.79
71.232	1044.87	0.47
71.252	1045.19	0.52
71.272	1045.50	0.47
71.292	1045.81	0.41
71.312	1046.13	-0.12
71.332	1046.44	0.37
71.352	1046.75	0.24
71.372	1047.07	0.63
71.392	1047.38	-0.13
71.412	1047.69	0.26
71.432	1048.01	-0.03
71.452	1048.32	0.36
71.472	1048.63	0.41
71.492	1048.95	0.1
71.512	1049.26	-0.01
71.532	1049.57	-0.06
71.552	1049.89	0.17
71.572	1050.20	0.15
71.592	1050.51	0.31
71.612	1050.83	-0.09
71.632	1051.14	-0.07
71.652	1051.45	-0.12
71.672	1051.77	0.15
71.692	1052.08	0.25
71.712	1052.39	-0.1
71.732	1052.71	0.04
71.752	1053.02	-0.02
71.772	1053.33	0.15
71.792	1053.65	-0.18
71.812	1053.96	-0.29
71.832	1054.27	-0.56
71.852	1054.59	-0.44
71.872	1054.90	-0.23
71.892	1055.21	-0.57
71.912	1055.53	-0.11
71.932	1055.84	-0.37
71.952	1056.15	-0.62
71.972	1056.47	-0.2
71.992	1056.78	-0.32
72.012	1057.09	-0.26
72.032	1057.40	0.13
72.052	1057.72	-0.26
72.072	1058.03	-0.23
72.092	1058.38	0.13
72.112	1058.72	-0.23
72.172	1059.75	0.06
72.192	1060.09	0.5
72.212	1060.43	0.02
72.232	1060.78	0.5
72.252	1061.12	0.6
72.272	1061.46	0.82
72.292	1061.81	0.79
72.312	1062.15	0.38
72.332	1062.49	0.9
72.352	1062.83	0.5
72.372	1063.18	0.97
72.392	1063.52	0.83
72.412	1063.86	0.91
72.432	1064.21	0.91
72.452	1064.55	0.85
72.472	1064.89	0.72
72.492	1065.23	1.04
72.512	1065.58	0.32
72.552	1066.26	1
72.572	1066.61	0.94
72.592	1066.95	0.93
72.612	1067.29	0.97
72.632	1067.63	0.05
72.652	1067.98	0.72
72.672	1068.32	1.04
72.692	1068.66	0.94
72.712	1069.01	0.87
72.732	1069.35	0.82
72.752	1069.69	0.88
72.772	1070.01	0.75
72.792	1070.14	0.88
72.812	1070.26	0.4
72.832	1070.39	0.84
72.852	1070.51	0.96
72.872	1070.64	0.79
72.892	1070.76	0.79
72.912	1070.89	0.77
72.932	1071.01	0.8
72.952	1071.14	0.79
72.972	1071.26	0.72
72.992	1071.39	0.9
73.012	1071.51	0.82
73.032	1071.64	0.67
73.052	1071.76	0.4
73.072	1071.89	0.34
73.092	1072.01	0.75
73.112	1072.14	0.77
73.132	1072.26	0.87
73.152	1072.39	0.88
73.172	1072.51	0.49
73.192	1072.64	0.83
73.212	1072.76	0.69
73.232	1072.89	0.71
73.252	1073.01	0.5
73.272	1073.14	0.39
73.292	1073.26	0.27
73.312	1073.39	0.84
73.332	1073.51	0.96
73.352	1073.64	0.19
73.372	1073.76	-0.22
73.392	1073.89	0.56
73.412	1074.01	0.64
73.432	1074.14	0.58
73.452	1074.26	0.62
73.472	1074.39	0.88
73.492	1074.51	0.71
73.512	1074.64	0.61
73.532	1074.76	0.62
73.552	1074.89	0.7
73.572	1075.01	0.71
73.592	1075.14	0.21
73.612	1075.26	-0.35
73.632	1075.39	0.54
73.652	1075.51	0.75
73.672	1075.64	0.7
73.692	1075.76	1.21
73.712	1075.89	0.91
73.732	1076.01	0.97
73.752	1076.14	0.85
73.772	1076.26	0.76
73.792	1076.39	0.87
73.812	1076.51	0.3
73.832	1076.64	0.74
73.852	1076.76	0.93
73.882	1076.95	1.01
73.912	1077.14	0.35
73.932	1077.26	0.61
73.952	1077.39	0.55
73.972	1077.51	0.36
74.01	1077.75	0.72
74.03	1077.88	0.72
74.05	1078.00	0.73
74.07	1078.13	-0.02
74.09	1078.25	0.67
74.11	1078.38	0.81
74.13	1078.50	0.83
74.15	1078.63	0.09
74.17	1078.75	0.34
74.19	1078.88	0.66
74.21	1079.00	0.07
74.23	1079.13	0.61
74.25	1079.25	0.57
74.27	1079.38	0.93
74.29	1079.50	0.38
74.31	1079.63	0.67
74.33	1079.75	0.74
74.35	1079.88	0.4
74.37	1080.00	0.09
74.39	1080.13	0.58
74.41	1080.25	0.82
74.47	1080.63	0.67
74.49	1080.75	0.37
74.51	1080.88	0.63
74.53	1081.00	0.32
74.55	1081.13	0.03
74.57	1081.25	0.65
74.59	1081.38	0.55
74.63	1081.63	0.38
74.65	1081.75	0.93
74.67	1081.88	0.42
74.69	1082.00	0.57
74.73	1082.25	0.74
74.75	1082.38	0.11
74.79	1082.63	0.34
74.81	1082.75	-0.24
74.83	1082.88	0.36
74.85	1083.00	-0.02
74.89	1083.25	0.87
74.91	1083.38	0.47
74.93	1083.50	0.52
74.99	1083.88	0.7
75.01	1084.00	0.68
75.03	1084.13	0.6
75.05	1084.25	0.75
75.07	1084.38	0.05
75.09	1084.50	0.52
75.13	1084.75	0.69
75.15	1084.88	0.48
75.17	1085.00	0.71
75.19	1085.13	0
75.21	1085.25	0.66
75.23	1085.38	0.69
75.25	1085.50	0.37
75.27	1085.63	0.45
75.29	1085.75	0.7
75.31	1085.88	0.52
75.33	1086.00	0.5
75.35	1086.13	0.3
75.39	1086.38	0.64
75.41	1086.50	0.51
75.43	1086.63	-0.45
75.45	1086.75	0.49
75.47	1086.88	0.63
75.49	1087.00	0.07
75.51	1087.13	0.64
75.53	1087.25	0.22
75.55	1087.38	0.12
75.57	1087.50	0.43
75.59	1087.63	0.77
75.61	1087.75	0
75.63	1087.88	0.78
75.65	1088.00	0.67
75.67	1088.13	0.72
75.69	1088.25	0.68
75.71	1088.38	0.34
75.73	1088.50	0.76
75.77	1088.75	0.67
75.79	1088.88	0.89
75.81	1089.00	0.04
75.83	1089.13	0.52
75.85	1089.25	0.56
75.87	1089.38	0.6
75.89	1089.50	0.64
75.91	1089.63	0.46
75.93	1089.75	0.58
75.95	1089.88	0.49
75.97	1090.00	0.67
75.99	1090.13	0.64
76.01	1090.25	0.83
76.03	1090.38	0.8
76.05	1090.50	0.38
76.07	1090.63	0.74
76.09	1090.75	0.56
76.11	1090.88	0.37
76.13	1091.00	0.53
76.15	1091.13	0.62
76.17	1091.25	0.74
76.19	1091.38	0.43
76.21	1091.50	0.56
76.23	1091.63	0.74
76.25	1091.75	0.74
76.27	1091.88	0.4
76.29	1092.00	0.77
76.31	1092.13	0.91
76.33	1092.25	0.67
76.35	1092.38	0.75
76.37	1092.50	0.64
76.39	1092.63	0.57
76.41	1092.75	0.22
76.43	1092.88	0.59
76.45	1093.00	0.57
76.47	1093.13	0.69
76.49	1093.25	-0.24
76.51	1093.38	0.76
76.53	1093.50	0.83
76.55	1093.63	0.63
76.57	1093.75	0.43
76.59	1093.88	0.37
76.61	1094.00	0.57
76.63	1094.13	-0.06
76.65	1094.25	0.69
76.67	1094.38	0.37
76.69	1094.50	0.51
76.71	1094.63	0.45
76.73	1094.75	0.52
76.75	1094.88	0.5
76.77	1095.00	0.19
76.79	1095.13	0.37
76.81	1095.25	0.2
76.83	1095.38	0.35
76.85	1095.50	0.26
76.87	1095.63	-0.01
76.89	1095.75	0.05
76.91	1095.88	0.46
76.93	1096.00	-0.43
76.95	1096.13	0.11
76.97	1096.25	-0.13
76.99	1096.38	0.41
77.01	1096.50	-0.03
77.03	1096.63	-0.08
77.13	1097.25	-0.24
77.15	1097.38	-0.18
77.17	1097.50	-0.11
77.19	1097.63	-0.2
77.21	1097.75	-0.4
77.23	1097.88	-0.01
77.25	1098.00	0.28
77.27	1098.20	0.16
77.31	1098.60	0.4
77.35	1099.00	0.07
77.45	1100.00	-0.54
77.47	1100.20	0.27
77.49	1100.40	0.37
77.51	1100.60	0.26
77.53	1100.80	0.42
77.55	1101.00	0.16
77.57	1101.20	0.43
77.59	1101.40	0.47
77.61	1101.60	0.43
77.65	1102.00	0.43
77.67	1102.20	0.5
77.69	1102.40	0.57
77.71	1102.60	0.42
77.73	1102.80	0.4
77.75	1103.00	0.08
77.77	1103.20	0.52
77.79	1103.40	0.86
77.81	1103.60	0.68
77.83	1103.80	0.64
77.85	1104.00	1.05
77.89	1104.40	0.84
77.91	1104.60	0.64
77.93	1104.80	0.48
77.95	1105.00	0.63
78.01	1105.60	0.63
78.09	1106.40	0.09
78.15	1107.00	0.13
78.25	1108.00	0.77
78.31	1108.62	0.58
78.35	1109.03	0.45
78.37	1109.24	0.85
78.39	1109.45	-0.14
78.41	1109.66	0.8
78.43	1109.86	-0.03
78.45	1110.07	0.71
78.47	1110.28	0.56
78.51	1110.69	0.71
78.53	1110.90	0.63
78.55	1111.10	0.64
78.57	1111.31	0.36
78.59	1111.52	0.51
78.61	1111.72	0.85
78.63	1111.93	0.92
78.65	1112.14	0.9
78.67	1112.34	0.76
78.69	1112.55	-0.35
78.71	1112.76	0.55
78.73	1112.97	0.74
78.75	1113.17	0.36
78.77	1113.38	0.6
78.79	1113.59	0.63
78.81	1113.79	0.8
78.83	1114.00	0.81
78.85	1114.21	0.23
78.87	1114.41	0.35
78.89	1114.62	0.16
78.91	1114.83	-0.05
78.93	1115.03	0.12
78.95	1115.24	0.47
78.97	1115.45	0.67
78.99	1115.66	0.08
79.01	1115.86	0.19
79.03	1116.07	0.67
79.07	1116.48	0.24
79.09	1116.69	0.23
79.11	1116.90	0.57
79.13	1117.10	0.43
79.15	1117.31	0.49
79.17	1117.52	0.37
79.19	1117.72	0.28
79.21	1117.93	-0.32
79.23	1118.14	-0.12
79.27	1118.55	0.24
79.29	1118.76	0.41
79.31	1118.97	0.57
79.33	1119.17	-0.33
79.35	1119.38	0.28
79.37	1119.59	0.55
79.39	1119.79	0.09
79.41	1120.00	0.12
79.43	1120.21	-0.44
79.53	1121.24	-0.9
79.57	1121.66	-0.34
79.59	1121.86	-0.58
79.61	1122.07	-0.28
79.63	1122.28	-0.35
79.65	1122.48	-0.34
79.67	1122.69	-0.28
79.71	1123.10	-0.3
79.73	1123.31	0.12
79.75	1123.52	0.26
79.79	1123.93	-0.09
79.83	1124.34	0.44
79.87	1124.76	-0.29
79.91	1125.17	-0.17
79.93	1125.38	-0.34
79.95	1125.59	-0.15
79.99	1126.00	-0.14
80.01	1126.16	-0.11
80.07	1126.63	-0.19
80.11	1126.95	-0.1
80.13	1127.11	0.03
80.33	1128.68	-0.23
80.35	1128.84	-0.15
80.37	1129.00	-0.07
80.39	1129.16	-0.3
80.41	1129.32	-0.22
80.43	1129.47	0.39
80.45	1129.63	0.1
80.49	1129.95	0.54
80.51	1130.11	0.22
80.53	1130.26	0.28
80.55	1130.42	0.32
80.57	1130.58	0.23
80.59	1130.74	0.04
80.61	1130.89	0.7
80.65	1131.21	0.44
80.67	1131.37	0.34
80.69	1131.53	0.07
80.71	1131.68	0.39
80.73	1131.84	0.57
80.75	1132.00	-0.07
80.95	1134.54	0.31
80.97	1134.80	0.14
80.99	1135.05	-0.05
81.01	1135.30	0.16
81.03	1135.56	-0.08
81.05	1135.81	0.64
81.07	1136.07	0.26
81.09	1136.32	0.75
81.11	1136.58	-0.22
81.13	1136.83	0.16
81.15	1137.08	0
81.17	1137.34	0.42
81.19	1137.59	0.45
81.21	1137.85	0.32
81.23	1138.10	0.36
81.25	1138.36	0.15
81.27	1138.61	0.46
81.29	1138.86	0.71
81.31	1139.12	0.62
81.33	1139.37	0.78
81.35	1139.63	0.72
81.37	1139.88	0.03
81.39	1140.13	-0.05
81.41	1140.39	0.75
81.43	1140.64	0.43
81.45	1140.90	0.5
81.51	1141.66	0.8
81.53	1141.91	0.6
81.55	1142.17	0.56
81.59	1142.68	0.5
81.61	1142.93	1.01
81.65	1143.44	0.23
81.67	1143.69	0.08
81.69	1143.95	0.56
81.73	1144.46	0.78
81.75	1144.71	0.93
81.77	1144.96	0.36
81.79	1145.22	1.02
81.81	1145.47	0.63
81.83	1145.73	0.99
81.85	1145.98	0.1
81.87	1146.24	0.91
81.89	1146.49	0.42
81.91	1146.74	0.84
81.93	1147.00	0.76
81.95	1147.25	0.95
81.97	1147.51	1.03
81.99	1147.76	1.03
82.01	1148.01	0.92
82.03	1148.27	0.94
82.05	1148.52	0.83
82.07	1148.78	1.18
82.09	1149.03	0.94
82.11	1149.29	0.93
82.13	1149.54	1.03
82.15	1149.79	1.07
82.17	1150.05	0.99
82.19	1150.30	1.13
82.21	1150.56	1.09
82.23	1150.81	1.06
82.25	1151.07	0.43
82.27	1151.32	1.17
82.29	1151.57	0.92
82.31	1151.83	0.94
82.33	1152.08	0.8
82.35	1152.34	1.17
82.35	1152.34	1.09
82.37	1152.59	0.9
82.39	1152.84	1.13
82.41	1153.10	0.55
82.43	1153.35	1
82.45	1153.61	0.97
82.51	1154.37	0.97
82.53	1154.62	0.95
82.55	1154.88	0.81
82.57	1155.13	0.93
82.59	1155.39	1.1
82.61	1155.64	0.58
82.63	1155.90	1.05
82.65	1156.15	0.86
82.67	1156.40	0.96
82.69	1156.66	1.18
82.71	1156.91	0.21
82.73	1157.17	1.01
82.75	1157.42	0.73
82.77	1157.67	0.93
82.79	1157.93	0.86
82.81	1158.18	1.05
82.83	1158.44	0.96
82.85	1158.69	0.74
82.87	1158.95	0.67
82.89	1159.20	0.45
82.91	1159.45	0.94
82.93	1159.71	1.09
82.95	1159.96	0.23
82.97	1160.22	0.73
83.01	1160.73	1.08
83.03	1160.98	0.95
83.05	1161.23	0.25
83.07	1161.49	0.98
83.09	1161.74	0.59
83.13	1162.25	0.65
83.15	1162.50	0.09
83.17	1162.76	0.96
83.19	1163.01	0.23
83.21	1163.27	0.1
83.23	1163.52	0.56
83.25	1163.78	0.92
83.27	1164.03	0.61
83.29	1164.28	0.95
83.31	1164.54	1.11
83.33	1164.79	0.51
83.35	1165.05	0.22
83.37	1165.30	0.99
83.39	1165.56	0.83
83.41	1165.81	0.35
83.43	1166.06	0.2
83.45	1166.32	0.42
83.47	1166.57	0.42
83.49	1166.83	0.76
83.51	1167.08	0.79
83.53	1167.33	0.39
83.55	1167.59	0.55
83.57	1167.84	0.69
83.59	1168.10	-0.1
83.61	1168.35	0.25
83.63	1168.61	0.79
83.65	1168.86	0.58
83.67	1169.11	0.83
83.69	1169.37	0.45
83.71	1169.62	0.85
83.73	1169.88	0.83
83.75	1170.13	0.59
83.77	1170.39	0.13
83.79	1170.64	0.82
83.81	1170.89	-0.18
83.83	1171.15	0.41
83.87	1171.66	0.63
83.93	1172.42	0.98
83.95	1172.67	-0.3
83.97	1172.93	0.1
83.99	1173.18	-0.29
84.01	1173.44	0.9
84.03	1173.69	0.65
84.05	1173.94	0.66
84.09	1174.45	0.72
84.13	1174.96	-0.16
84.15	1175.21	0.62
84.17	1175.47	0.71
84.19	1175.72	0.69
84.25	1176.49	0.53
84.27	1176.74	0.89
84.31	1177.25	0.94
84.33	1177.50	0.69
84.35	1177.76	0.65
84.37	1178.01	0.87
84.39	1178.27	0.86
84.41	1178.52	0.81
84.43	1178.77	0.79
84.45	1179.03	0.98
84.47	1179.28	0.94
84.49	1179.54	0.83
84.51	1179.79	0.96
84.53	1180.04	1.11
84.55	1180.30	0.9
84.57	1180.55	0.89
84.59	1180.81	0.37
84.61	1181.06	0.9
84.63	1181.32	0.56
84.65	1181.57	0.97
84.67	1181.82	0.75
84.69	1182.08	0.88
84.71	1182.33	0.35
84.73	1182.59	0.83
84.75	1182.84	0.61
84.77	1183.10	0.6
84.79	1183.35	0.94
84.81	1183.60	0.78
84.85	1184.11	0.79
84.87	1184.37	0.83
84.89	1184.62	0.35
84.91	1184.87	0.82
84.93	1185.13	0.13
84.95	1185.38	0.73
84.97	1185.64	0.72
84.99	1185.89	0.76
85.01	1186.15	0.75
85.03	1186.40	0.79
85.05	1186.65	0.53
85.07	1186.91	0.81
85.09	1187.16	0.95
85.11	1187.42	0.8
85.13	1187.67	0.6
85.15	1187.93	0.69
85.17	1188.18	0.82
85.19	1188.43	0.47
85.21	1188.69	0.74
85.23	1188.94	0.58
85.25	1189.20	0.33
85.27	1189.45	0.16
85.29	1189.70	0.69
85.31	1189.96	0.25
85.33	1190.21	0.84
85.35	1190.47	0.13
85.37	1190.72	0.63
85.39	1190.98	0.5
85.41	1191.23	0.71
85.43	1191.48	0.5
85.45	1191.74	0.38
85.47	1191.99	0.57
85.49	1192.25	0.17
85.51	1192.50	-0.22
85.53	1192.76	0.44
85.55	1193.01	0.04
85.57	1193.26	0.04
85.59	1193.52	-0.04
85.61	1193.77	-0.14
85.63	1194.03	0.03
85.65	1194.28	0
85.67	1194.53	0.5
85.69	1194.79	0.28
85.71	1195.04	0.52
85.73	1195.30	0.61
85.75	1195.55	0.65
85.77	1195.81	0.08
85.79	1196.06	0.2
85.81	1196.31	0.52
85.83	1196.57	0.49
85.85	1196.82	0.6
85.87	1197.08	0.4
85.89	1197.33	0.36
85.91	1197.59	0.5
85.93	1197.84	0.4
85.95	1198.09	-0.23
85.97	1198.35	0.03
86.01	1198.86	0.27
86.05	1199.36	0.08
86.07	1199.62	0.2
86.09	1199.87	0.04
86.15	1200.82	-0.08
86.17	1201.15	0.6
86.19	1201.47	0.13
86.21	1201.80	0.11
86.23	1202.13	0.18
86.25	1202.45	0.41
86.27	1202.78	-0.87
86.29	1203.11	0.27
86.31	1203.44	-0.04
86.33	1203.76	0.37
86.35	1204.09	0.22
86.37	1204.42	0.56
86.41	1205.07	-0.16
86.41	1205.07	-0.16
86.43	1205.40	0.04
86.43	1205.40	0.04
86.45	1205.73	0.18
86.45	1205.73	0.18
86.47	1206.05	0.06
86.47	1206.05	0.06
86.49	1206.38	0.11
86.49	1206.38	0.11
86.51	1206.71	0.29
86.51	1206.71	0.29
86.53	1207.04	0.46
86.53	1207.04	0.46
86.55	1207.36	0.03
86.55	1207.36	0.03
86.57	1207.69	0.12
86.57	1207.69	0.12
86.59	1208.02	0.54
86.59	1208.02	0.54
86.63	1208.67	0.12
86.63	1208.67	0.12
86.65	1209.00	0.18
86.65	1209.00	0.18
86.67	1209.33	0.23
86.67	1209.33	0.23
86.69	1209.65	-0.22
86.69	1209.65	-0.22
86.71	1209.98	0.03
86.71	1209.98	0.03
86.73	1210.31	-0.17
86.75	1210.64	-0.07
86.77	1210.96	-0.56
86.79	1211.29	-0.03
86.81	1211.62	-0.32
86.83	1211.95	0.11
86.85	1212.27	-0.49
86.87	1212.60	-0.14
86.89	1212.93	0.21
86.91	1213.25	-0.37
86.93	1213.58	0.1
86.95	1213.91	0.22
86.97	1214.24	0.39
86.99	1214.56	0.25
86.99	1214.56	0.06
87.05	1215.55	0.57
87.07	1215.87	-0.06
87.09	1216.20	0.66
87.11	1216.53	0.58
87.13	1216.85	0.03
87.15	1217.18	0.17
87.19	1217.84	0.15
87.21	1218.11	0.42
87.27	1218.78	-0.57
87.29	1219.00	-0.19
87.31	1219.22	-0.11
87.33	1219.44	0.05
87.35	1219.67	-0.09
87.37	1219.89	0.6
87.41	1220.33	0.13
87.43	1220.56	0.63
87.45	1220.78	-0.13
87.47	1221.00	0.25
87.51	1221.44	-0.43
87.57	1222.12	-0.09
87.59	1222.36	0.13
87.61	1222.60	-0.25
87.63	1222.84	0.33
87.65	1223.08	0.24
87.67	1223.32	0.17
87.69	1223.56	0.57
87.71	1223.79	0.99
87.73	1224.03	0.7
87.75	1224.27	0.53
87.77	1224.51	-0.02
87.79	1224.75	0.35
87.85	1225.47	0.48
87.87	1225.71	-0.16
87.89	1225.95	0.43
87.91	1226.19	0.26
87.93	1226.43	0.87
87.95	1226.67	0.85
87.97	1226.91	0.81
87.99	1227.15	1.08
88.01	1227.38	0.9
88.03	1227.62	0.81
88.05	1227.86	0.94
88.07	1228.10	0.82
88.09	1228.34	0.95
88.11	1228.58	0.65
88.13	1228.82	0.88
88.15	1229.06	0.95
88.17	1229.30	0.92
88.19	1229.54	0.68
88.21	1229.78	0.92
88.23	1230.02	0.82
88.25	1230.26	0.8
88.27	1230.50	0.97
88.29	1230.74	0.95
88.31	1230.97	0.9
88.33	1231.21	0.53
88.35	1231.45	0.94
88.37	1231.69	0.89
88.39	1231.93	0.98
88.41	1232.17	0.81
88.43	1232.41	0.8
88.45	1232.65	0.97
88.47	1232.89	0.95
88.49	1233.13	0.27
88.53	1233.61	0.87
88.55	1233.85	0.88
88.57	1234.09	1
88.59	1234.32	0.94
88.61	1234.56	0.79
88.63	1234.80	0.64
88.65	1235.04	0.92
88.67	1235.28	0.87
88.69	1235.52	0.81
88.71	1235.76	0.77
88.73	1236.00	1.1
88.75	1236.24	0.88
88.77	1236.48	0.65
88.79	1236.72	0.21
88.81	1236.96	0.93
88.83	1237.20	0.74
88.85	1237.44	0.76
88.87	1237.68	0.69
88.89	1237.91	0.55
88.93	1238.39	0.8
88.99	1239.11	0.59
89.03	1239.59	0.7
89.05	1239.83	0.93
89.07	1240.07	0.65
89.09	1240.31	0.54
89.11	1240.55	0.9
89.19	1241.50	1.05
89.27	1242.46	0.61
89.39	1243.90	0.4
89.41	1244.14	0.38
89.43	1244.38	-0.05
89.47	1244.85	-0.21
89.49	1245.09	0.11
89.51	1245.33	0.12
89.53	1245.57	-0.05
89.55	1245.81	-0.15
89.57	1246.05	-0.27
89.59	1246.29	-0.46
89.61	1246.53	-0.15
89.63	1246.77	0.19
89.65	1247.01	-0.17
89.67	1247.25	0.2
89.69	1247.49	-0.34
89.71	1247.73	-0.21
89.73	1247.97	-0.42
89.75	1248.21	-0.2
89.77	1248.44	-0.66
89.81	1248.92	-0.5
89.87	1249.64	-0.29
89.89	1249.88	-0.85
89.91	1250.20	-0.19
89.95	1251.02	-0.49
90.01	1252.24	-0.2
90.03	1252.65	-0.26
90.05	1253.06	-0.26
90.07	1253.47	0.47
90.09	1253.88	0.1
90.15	1255.10	0.59
90.21	1256.33	0.61
90.27	1257.55	-0.14
90.31	1258.37	-0.24
90.33	1258.78	-0.02
90.35	1259.18	-0.33
90.37	1259.59	-0.41
90.39	1260.00	-0.03
90.41	1260.41	0.11
90.43	1260.82	0.2
90.45	1261.22	0.32
90.47	1261.63	0.3
90.49	1262.04	0.45
90.51	1262.45	0.15
90.53	1262.86	0.29
90.55	1263.27	0.66
90.57	1263.67	0.09
90.59	1264.08	0.74
90.61	1264.49	0.52
90.63	1264.90	0.47
90.65	1265.31	0.46
90.67	1265.71	0.67
90.69	1266.12	0.86
90.71	1266.53	0.21
90.73	1266.94	0.5
90.75	1267.35	0.77
90.77	1267.76	0.88
90.79	1268.16	0.93
90.81	1268.57	0.84
90.83	1268.98	0.67
90.85	1269.39	0.98
90.87	1269.80	0.47
90.89	1270.20	0.97
90.91	1270.61	1.12
90.93	1271.02	1.05
90.95	1271.43	1.04
90.97	1271.84	0.82
90.99	1272.24	1.11
91.01	1272.65	1.21
91.03	1273.06	0.92
91.05	1273.47	0.54
91.07	1273.88	0.93
91.09	1274.29	1.18
91.11	1274.69	0.56
91.13	1275.10	1.03
91.15	1275.51	1.04
91.17	1275.92	1.08
91.19	1276.33	1.19
91.21	1276.73	0.7
91.23	1277.14	0.86
91.25	1277.55	0.89
91.27	1277.96	1
91.29	1278.37	0.66
91.31	1278.78	0.89
91.33	1279.18	0.96
91.343	1279.45	0.29
91.363	1279.86	0.71
91.383	1280.27	0.03
91.45	1281.63	1.02
91.49	1282.45	0.99
91.51	1282.86	0.41
91.55	1283.67	0.98
91.57	1284.08	0.66
91.59	1284.49	0.78
91.61	1284.90	0.57
91.63	1285.31	0.66
91.65	1285.71	0.5
91.67	1286.12	0.19
91.69	1286.53	0.35
91.71	1286.94	0.57
91.73	1287.35	0.25
91.75	1287.76	0.52
91.77	1288.16	0.5
91.79	1288.57	-0.14
91.81	1288.98	0.46
91.87	1290.10	-0.04
91.91	1290.52	0.07
91.93	1290.72	-0.09
91.95	1290.93	-0.12
91.97	1291.13	0.35
91.99	1291.34	0.49
92.03	1291.75	0.18
92.05	1291.96	-0.36
92.07	1292.17	-0.28
92.09	1292.37	0.17
92.11	1292.58	0.19
92.13	1292.79	0.48
92.15	1292.99	0.13
92.17	1293.20	-0.13
92.19	1293.40	0.6
92.21	1293.61	-0.16
92.25	1294.02	0.16
92.27	1294.23	-0.06
92.29	1294.44	-0.13
92.31	1294.64	-0.56
92.35	1295.06	-0.69
92.49	1296.50	-0.05
92.51	1296.71	0
92.53	1296.91	0.04
92.55	1297.12	-0.05
92.57	1297.33	-0.15
92.65	1298.15	-0.18
92.69	1298.56	0.29
92.71	1298.77	-0.34
92.73	1298.98	0.5
92.75	1299.18	0.47
92.77	1299.39	-0.58
92.79	1299.60	0.37
92.81	1299.80	0.38
92.87	1300.42	0.08
92.89	1300.63	0.23
92.91	1300.83	0.49
92.93	1301.04	-0.33
92.95	1301.25	0.28
92.99	1301.66	0.24
93.01	1301.87	0.2
93.03	1302.07	0.64
93.05	1302.28	0.61
93.07	1302.48	0.19
93.09	1302.69	0.54
93.11	1302.90	0.87
93.13	1303.10	0.92
93.17	1303.52	0.82
93.21	1303.93	0.65
93.25	1304.34	0.8
93.27	1304.55	0.85
93.29	1304.75	0.77
93.35	1305.37	0.82
93.37	1305.58	1.11
93.39	1305.79	0.42
93.41	1305.99	0.79
93.43	1306.20	0.81
93.45	1306.40	1.02
93.47	1306.61	0.9
93.49	1306.82	0.7
93.51	1307.02	0.6
93.53	1307.23	1.05
93.55	1307.44	1.01
93.57	1307.64	0.85
93.59	1307.85	1.04
93.61	1308.06	0.99
93.63	1308.26	1.02
93.65	1308.47	0.95
93.67	1308.67	0.65
93.69	1308.88	0.78
93.71	1309.09	0.95
93.73	1309.29	0.79
93.75	1309.50	0.59
93.77	1309.71	0.64
93.79	1309.91	0.51
93.81	1310.12	0.57
93.83	1310.33	0.43
93.85	1310.53	0.1
93.87	1310.74	0.7
93.89	1310.94	0.68
93.91	1311.15	0.92
93.97	1311.77	0.56
94.01	1312.18	1.01
94.05	1312.60	0.89
94.07	1312.80	0.85
94.09	1313.01	0.74
94.21	1314.25	0.35
94.27	1314.87	0.76
94.31	1315.28	0.53
94.33	1315.48	0.26
94.35	1315.69	0.55
94.37	1315.90	0.89
94.39	1316.11	0.78
94.45	1316.75	0.58
94.47	1316.96	0.24
94.53	1317.61	0.48
94.57	1318.04	0.58
94.61	1318.46	0.28
94.63	1318.68	0.46
94.65	1318.89	0.48
94.67	1319.11	0.73
94.69	1319.32	0.64
94.71	1319.54	0.61
94.73	1319.75	0.7
94.75	1319.96	0.3
94.81	1320.61	0.61
94.83	1320.82	0.42
94.85	1321.04	0.62
94.89	1321.46	0.62
94.91	1321.68	0.56
94.95	1322.11	-0.12
94.99	1322.54	0.63
95.01	1322.75	0.63
95.05	1323.18	0.31
95.07	1323.39	0.57
95.15	1324.25	0.46
95.19	1324.68	0.77
95.21	1324.89	0.57
95.29	1325.75	0.37
95.33	1326.18	0.43
95.35	1326.39	0.58
95.37	1326.61	0.4
95.41	1327.04	0.41
95.43	1327.25	0.3
95.45	1327.46	0.44
95.47	1327.68	0.14
95.51	1328.11	0.47
95.55	1328.54	0.48
95.57	1328.75	-0.08
95.59	1328.96	0.45
95.61	1329.18	0.34
95.63	1329.39	0.36
95.67	1329.82	0.42
95.73	1330.46	0.4
95.77	1330.89	0.35
95.79	1331.11	0.5
95.89	1332.18	0.13
95.99	1333.25	0.52
96.01	1333.46	-0.24
96.09	1334.32	-0.09
96.11	1334.54	0.1
96.13	1334.75	-0.37
96.15	1334.96	-0.46
96.17	1335.18	-0.37
96.21	1335.61	0.08
96.23	1335.82	-0.25
96.25	1336.04	-0.43
96.27	1336.25	-0.34
96.29	1336.46	-0.37
96.31	1336.68	-0.31
96.33	1336.89	0.03
96.35	1337.11	-0.21
96.37	1337.32	-0.31
96.39	1337.54	-0.14
96.41	1337.75	-0.05
96.43	1337.96	-0.68
96.45	1338.18	-0.17
96.47	1338.39	-0.06
96.51	1338.82	-0.15
96.53	1339.04	-0.21
96.55	1339.25	0.16
96.57	1339.46	-0.1
96.59	1339.68	0.09
96.61	1339.89	-0.09
96.63	1340.09	0.03
96.65	1340.27	-0.07
96.67	1340.44	0.07
96.69	1340.62	0.24
96.71	1340.80	0.37
96.73	1340.97	0.26
96.75	1341.15	0.42
96.77	1341.33	0.36
96.79	1341.51	0.45
96.81	1341.68	0.41
96.83	1341.86	0.41
96.85	1342.04	0.1
96.87	1342.22	0.77
96.89	1342.39	0.65
96.91	1342.57	0.46
96.93	1342.75	0.69
96.95	1342.92	0.4
96.97	1343.10	0.71
97.07	1343.99	0.68
97.09	1344.16	0.57
97.11	1344.34	0.18
97.13	1344.52	0.72
97.15	1344.70	1.04
97.17	1344.87	1.21
97.19	1345.05	0.93
97.21	1345.23	0.55
97.23	1345.41	0.92
97.25	1345.58	0.9
97.27	1345.76	0.2
97.29	1345.94	1.15
97.29	1345.94	0.89
97.31	1346.11	0.82
97.33	1346.29	0.89
97.35	1346.47	1.05
97.37	1346.65	0.91
97.39	1346.82	1.23
97.41	1347.00	0.9
97.43	1347.18	0.63
97.45	1347.35	1.01
97.47	1347.53	0.88
97.49	1347.71	0.82
97.51	1347.89	0.68
97.53	1348.06	0.96
97.55	1348.24	0.76
97.57	1348.42	1
97.59	1348.59	-0.71
97.61	1348.77	1.06
97.63	1348.95	0.88
97.65	1349.13	1
97.67	1349.30	0.84
97.69	1349.48	0.77
97.71	1349.66	0.76
97.73	1349.84	1.03
97.75	1350.01	0.34
97.77	1350.19	0.68
97.79	1350.37	0.72
97.81	1350.54	0.8
97.83	1350.72	0.91
97.85	1350.90	0.99
98.05	1352.67	0.8
98.17	1353.73	0.75
98.19	1353.91	0.87
98.29	1354.65	0.53
98.47	1355.96	0.73
98.53	1356.40	0.77
98.55	1356.54	0.72
98.57	1356.69	0.68
98.59	1356.83	0.63
98.63	1357.12	0.24
98.67	1357.41	0.73
98.71	1357.70	0.58
98.75	1357.99	0.73
98.77	1358.14	0.5
98.85	1358.72	0.24
98.91	1359.15	0.33
98.95	1359.44	0.47
99.05	1360.17	0.46
99.07	1360.31	-0.65
99.13	1360.75	0.57
99.17	1361.04	0.72
99.21	1361.33	0.63
99.27	1361.77	0.64
99.31	1362.06	0.84
99.33	1362.20	0.32
99.37	1362.49	1.01
99.41	1362.78	0.6
99.43	1362.93	0.69
99.45	1363.07	0.31
99.45	1363.07	0.38
99.45	1363.07	0.83
99.45	1363.07	0.71
99.45	1363.07	0.16
99.57	1363.94	0.54
99.59	1364.09	0.5
99.61	1364.23	0.17
99.63	1364.38	0.66
99.67	1364.67	0.71
99.69	1364.81	0.56
99.71	1364.96	0.35
99.79	1365.54	0.6
99.89	1366.27	0.77
99.91	1366.41	0.61
99.97	1366.85	0.54
99.99	1366.99	0.45
100.01	1367.14	0.54
100.05	1367.43	0.23
100.07	1367.57	0.42
100.11	1367.86	0.82
100.13	1368.01	1
100.15	1368.15	0.81
100.17	1368.30	0.79
100.19	1368.44	0.77
100.21	1368.59	0.75
100.23	1368.73	0.6
100.27	1369.02	0.61
100.37	1369.75	0.39
100.39	1369.90	0.26
100.41	1370.04	0.08
100.43	1370.19	-0.2
100.45	1370.33	-0.4
100.47	1370.48	-0.24
100.49	1370.62	0.14
100.51	1370.77	0.03
100.53	1370.91	0.25
100.55	1371.06	-0.02
100.57	1371.20	0
100.59	1371.35	0.29
100.61	1371.49	0.13
100.63	1371.64	0.33
100.65	1371.78	0.26
100.67	1371.93	0.36
100.69	1372.17	0.53
100.71	1372.51	0.49
100.73	1372.86	0.36
100.75	1373.20	0.44
100.77	1373.54	0.68
100.81	1374.22	0.13
100.85	1374.91	-0.46
100.89	1375.59	0.38
100.93	1376.28	0.73
100.95	1376.62	0.25
100.97	1376.96	0.33
100.99	1377.30	0.71
101.01	1377.64	-0.09
101.03	1377.99	0.24
101.05	1378.33	0.32
101.07	1378.67	0.5
101.09	1379.01	0.8
101.11	1379.36	0.5
101.13	1379.70	0.75
101.15	1380.04	0.32
101.17	1380.38	0.67
101.19	1380.72	0.89
101.21	1381.07	0.78
101.23	1381.41	0.4
101.25	1381.75	0.88
101.27	1382.09	0.91
101.29	1382.43	0.64
101.31	1382.78	0.7
101.33	1383.12	0.88
101.35	1383.46	0.76
101.37	1383.80	1.1
101.39	1384.14	0.83
101.41	1384.49	0.53
101.43	1384.83	1.1
101.45	1385.17	1.09
101.47	1385.51	0.99
101.49	1385.86	0.93
101.51	1386.20	1.29
101.53	1386.54	1.18
101.55	1386.88	0.75
101.57	1387.22	0.97
101.59	1387.57	1.08
101.61	1387.91	1.01
101.63	1388.25	1.19
101.67	1388.93	1.17
101.69	1389.28	1.13
101.71	1389.62	1.17
101.73	1389.96	1.23
101.75	1390.30	1.28
101.77	1390.64	1.16
101.79	1390.99	1.15
101.81	1391.33	0.39
101.83	1391.67	1.19
101.85	1392.01	1.24
101.87	1392.36	1.15
101.89	1392.70	0.77
101.91	1393.04	0.96
101.93	1393.38	0.98
101.97	1394.07	1.1
101.99	1394.41	1.06
102.01	1394.75	1.02
102.03	1395.09	1.07
102.05	1395.43	1.13
102.07	1395.78	0.75
102.09	1396.12	0.78
102.11	1396.46	1.01
102.13	1396.80	1.08
102.15	1397.14	0.89
102.17	1397.49	1.1
102.19	1397.83	1.05
102.21	1398.11	0.98
102.23	1398.32	1.04
102.25	1398.53	1.01
102.27	1398.74	0.91
102.29	1398.95	0.94
102.31	1399.16	0.78
102.33	1399.37	0.84
102.35	1399.58	0.88
102.37	1399.79	0.8
102.41	1400.21	0.73
102.45	1400.63	0.86
102.49	1401.05	0.72
102.53	1401.47	0.76
102.55	1401.68	0.24
102.57	1401.89	0.82
102.61	1402.32	0.77
102.63	1402.53	0.64
102.65	1402.74	0.63
102.69	1403.16	0.62
102.71	1403.37	0.71
102.73	1403.58	0.7
102.75	1403.79	0.47
102.77	1404.00	0.73
102.79	1404.21	0.69
102.81	1404.42	0.61
102.83	1404.63	0.58
102.85	1404.84	0.28
102.87	1405.05	0.65
102.89	1405.26	0.78
102.91	1405.47	0.61
102.93	1405.68	0.55
102.95	1405.89	0.65
102.97	1406.08	0.22
103.01	1406.40	0.58
103.03	1406.56	0.69
103.07	1406.88	-0.01
103.11	1407.20	0.74
103.13	1407.36	0.56
103.15	1407.52	0.38
103.17	1407.68	0.4
103.17	1407.68	0.62
103.205	1407.96	0.67
103.225	1408.12	0.61
103.245	1408.28	0.66
103.285	1408.60	0.55
103.305	1408.76	0.83
103.365	1409.24	0.74
103.385	1409.40	0.71
103.405	1409.56	0.37
103.425	1409.72	0.47
103.465	1410.04	0.9
103.485	1410.20	0.88
103.505	1410.36	0.66
103.525	1410.52	0.6
103.545	1410.68	0.89
103.565	1410.84	0.6
103.605	1411.16	-0.45
103.625	1411.32	0.33
103.665	1411.64	0.32
103.705	1411.96	0.21
103.725	1412.36	0.57
103.745	1412.84	-0.09
103.765	1413.32	0.34
103.785	1413.80	0.4
103.805	1414.28	0.22
103.825	1414.76	0.08
103.865	1415.72	0.87
103.885	1416.20	-0.23
103.905	1416.68	0.95
103.925	1417.16	1.01
103.945	1417.64	0.2
103.965	1418.06	-0.03
103.985	1418.28	0.57
104.005	1418.51	0.64
104.025	1418.73	0.33
104.045	1418.96	0.4
104.065	1419.18	0.4
104.125	1419.86	-0.3
104.145	1420.08	-0.43
104.165	1420.31	-0.01
104.185	1420.54	-0.03
104.205	1420.76	0.3
104.225	1420.99	0.29
104.245	1421.21	0.82
104.265	1421.44	0.49
104.285	1421.66	0.37
104.305	1421.89	0.49
104.325	1422.11	0.45
104.345	1422.34	0.73
104.365	1422.56	0.62
104.385	1422.79	0.43
104.405	1423.01	0.59
104.425	1423.24	0.06
104.445	1423.46	-0.19
104.465	1423.69	-0.11
104.485	1423.92	-0.13
104.505	1424.14	0.08
104.525	1424.37	0.05
104.545	1424.59	0.5
104.565	1424.82	0.04
104.585	1425.04	0.6
104.605	1425.27	0.54
104.625	1425.49	0.76
104.665	1425.94	1.03
104.685	1426.25	0.85
104.705	1426.58	0.91
104.725	1426.92	1.04
104.745	1427.25	1.08
104.765	1427.58	1.11
104.785	1427.92	1.03
104.805	1428.25	1.14
104.825	1428.58	1.02
104.845	1428.92	0.8
104.865	1429.25	1.11
104.885	1429.58	0.79
104.905	1429.92	1.15
104.925	1430.25	0.66
104.945	1430.58	0.93
104.965	1430.92	0.51
104.985	1431.25	1
105.005	1431.58	-0.12
105.025	1431.92	0.98
105.045	1432.25	0.92
105.065	1432.58	0.97
105.085	1432.92	0.53
105.105	1433.25	0.9
105.125	1433.58	1.13
105.145	1433.92	0.81
105.185	1434.58	1.1
105.205	1434.92	0.97
105.225	1435.25	0.88
105.245	1435.58	1.07
105.265	1435.92	-0.19
105.285	1436.25	0.97
105.305	1436.58	0.97
105.325	1436.92	0.8
105.345	1437.25	0.77
105.365	1437.58	0.97
105.385	1437.92	0.96
105.405	1438.25	0.83
105.425	1438.58	0.41
105.445	1438.92	0.31
105.465	1439.25	1.05
105.505	1439.92	0.85
105.525	1440.25	1.13
105.545	1440.58	0.88
105.565	1440.92	0.74
105.585	1441.25	0.88
105.605	1441.58	0.85
105.625	1441.92	0.88
105.645	1442.13	0.97
105.665	1442.31	0.83
105.685	1442.49	0.85
105.705	1442.66	0.89
105.725	1442.84	0.67
105.745	1443.01	0.78
105.765	1443.19	0.94
105.785	1443.37	0.65
105.805	1443.54	0.94
105.825	1443.72	0.65
105.845	1443.90	0.82
105.865	1444.07	0.74
105.885	1444.25	1.02
105.905	1444.43	1.06
105.925	1444.60	0.91
105.945	1444.78	1.01
105.965	1444.96	0.93
105.985	1445.13	0.64
106.005	1445.31	0.86
106.025	1445.49	0.92
106.045	1445.66	0.98
106.065	1445.84	0.27
106.085	1446.01	1
106.105	1446.19	0.61
106.125	1446.37	0.94
106.165	1446.72	0.91
106.185	1446.90	0.91
106.225	1447.25	0.5
106.245	1447.43	0.69
106.285	1447.78	0.39
106.305	1447.96	0.3
106.345	1449.87	-0.02
106.385	1452.00	-0.07
106.405	1453.07	0.04
106.425	1454.13	-0.09
106.445	1455.20	-0.06
106.465	1456.07	-0.04
106.485	1456.36	-0.11
106.505	1456.64	-0.15
106.525	1456.92	-0.46
106.545	1457.21	-0.01
106.565	1457.49	0.17
106.585	1457.78	0.15
106.605	1458.06	-0.03
106.625	1458.35	0.34
106.645	1458.63	0.8
106.665	1458.92	0.79
106.685	1459.20	0.27
106.705	1459.48	0.55
106.725	1459.77	0.75
106.745	1460.05	0.24
106.765	1460.34	0.59
106.785	1460.62	0.37
106.805	1460.91	0.42
106.825	1461.19	0.84
106.845	1461.48	0.61
106.865	1461.76	0.09
106.885	1462.04	0.72
106.905	1462.33	0.69
106.925	1462.61	0.82
106.945	1462.90	0.03
106.965	1463.18	0.47
106.985	1463.47	0.44
107.005	1463.75	0.41
107.025	1464.04	0.7
107.045	1464.32	0.4
107.065	1464.60	0.71
107.085	1464.89	0.63
107.105	1465.17	0.84
107.125	1465.46	0.77
107.145	1465.74	0.95
107.165	1466.03	0.9
107.185	1466.31	0.75
107.205	1466.60	0.81
107.225	1466.88	0.88
107.245	1467.16	1.09
107.265	1467.45	1.08
107.285	1467.73	1.2
107.305	1468.02	1.15
107.325	1468.30	0.12
107.345	1468.59	1.05
107.365	1468.87	1.19
107.385	1469.16	1.16
107.405	1469.44	1.14
107.425	1469.72	0.86
107.445	1470.01	0.61
107.465	1470.29	0.87
107.485	1470.58	1.04
107.505	1470.86	1.07
107.525	1471.15	1.07
107.545	1471.43	1.02
107.565	1471.72	0.99
107.585	1472.00	0.69
107.605	1472.28	1.16
107.625	1472.57	0.59
107.645	1472.85	0.79
107.665	1473.14	0.57
107.685	1473.42	0.86
107.705	1473.71	1.14
107.725	1473.99	0.96
107.745	1474.28	1.07
107.765	1474.56	0.93
107.785	1474.84	1.14
107.805	1475.13	1.05
107.825	1475.41	1.15
107.845	1475.70	0.63
107.865	1475.98	0.95
107.885	1476.27	1.07
107.905	1476.55	1.2
107.925	1476.84	0.91
107.945	1477.12	1.19
107.965	1477.40	0.91
107.985	1477.69	1.02
108.005	1477.97	1.12
108.025	1478.26	1.17
108.045	1478.54	1.11
108.065	1478.83	0.8
108.085	1479.11	1.18
108.105	1479.40	1.21
108.125	1479.68	1.2
108.145	1479.96	0.6
108.165	1480.25	1.07
108.185	1480.53	0.85
108.205	1480.82	1.16
108.225	1481.10	0.9
108.245	1481.39	0.78
108.265	1481.67	0.93
108.285	1481.96	0.99
108.305	1482.24	1.22
108.345	1482.81	1.03
108.385	1483.38	0.56
108.405	1483.66	0.88
108.445	1484.23	0.3
108.505	1485.08	0.8
108.525	1485.37	0.57
108.545	1485.65	0.56
108.565	1485.94	0.35
108.585	1486.22	1.06
108.605	1486.51	0.97
108.645	1487.08	0.44
108.665	1487.36	0.06
108.685	1487.64	0.59
108.705	1487.93	0.45
108.725	1488.36	0.59
108.745	1488.85	0.19
108.765	1489.33	0.2
108.785	1489.82	-0.33
108.805	1490.30	0
108.825	1490.79	0.48
108.845	1491.27	0.03
108.865	1491.76	-0.02
108.885	1492.24	0.01
108.905	1492.73	0.46
108.925	1493.21	0.38
108.945	1493.70	0.11
109.005	1495.15	-0.27
109.045	1496.07	0.36
109.085	1496.66	0.13
109.105	1496.96	0.16
109.125	1497.25	0.38
109.185	1498.14	0.35
109.205	1498.43	0.32
109.225	1498.73	0.37
109.245	1499.02	0.65
109.265	1499.32	0.45
109.285	1499.61	0.44
109.305	1499.91	0.68
109.325	1500.20	0.45
109.345	1500.49	0.38
109.385	1501.08	0.12
109.445	1501.97	0.47
109.485	1502.56	0.08
109.565	1503.74	-0.03
109.605	1504.33	0.29
109.665	1505.21	0.24
109.705	1505.80	0.11
109.725	1506.09	0.08
109.745	1506.39	0.11
109.765	1506.68	0.29
109.785	1506.98	0.31
109.805	1507.27	-0.1
109.825	1507.57	0.29
109.845	1507.86	0.37
109.865	1508.16	0.31
109.885	1508.45	0.32
109.905	1508.75	0.3
109.925	1509.04	0.49
109.945	1509.34	0.05
109.985	1509.93	0.96
110.025	1510.52	0.68
110.065	1511.11	0.61
110.085	1511.40	0.75
110.105	1511.69	0.29
110.125	1511.99	1.02
110.145	1512.28	0.3
110.165	1512.58	0.54
110.185	1512.87	0.87
