   16.6900   112.8428 
   16.7800   113.2758 
   16.8700   113.7098 
   16.9600   114.1428 
   17.3200   116.3097 
   17.6800   118.4766 
   17.7700   118.9106 
   17.9500   119.3435 
   18.2200   119.7765 
   18.4900   120.2105 
   18.7600   120.6435 
   19.0300   121.0775 
   19.3000   121.5104 
   19.5700   121.9434 
   19.8400   122.3774 
   20.1100   122.8104 
   20.3800   123.2444 
   20.8300   124.1103 
   21.2800   124.9773 
   21.4600   125.4113 
   21.7300   126.2772 
   21.8200   126.7112 
   22.0900   128.4441 
   22.2700   129.7330 
   22.4500   131.7500 
   22.5400   132.9600 
   22.6300   134.1700 
   22.7200   135.3800 
   22.8100   136.5900 
   22.9000   137.8010 
   22.9900   138.6070 
   23.2600   140.6240 
   23.3500   141.4310 
   23.4400   142.2380 
   23.6200   144.2550 
   23.8000   146.2720 
   23.9800   148.2890 
   24.1600   150.3060 
   24.3400   152.3230 
