    0.0369     2.1011 
    0.1447     5.0435 
    0.2524     8.3065 
    0.3601    10.7012 
    0.3871    11.1256 
    0.5217    13.0147 
    0.6564    15.0253 
    0.6833    15.6033 
    0.7911    18.1051 
    0.8988    20.2507 
    1.0065    22.5465 
    1.1143    25.2789 
    1.2220    28.8166 
    1.3297    32.2249 
    1.3567    32.7793 
    1.3836    33.0598 
    1.5183    34.5270 
    1.6529    37.4031 
    1.7876    41.7765 
    1.9223    45.6883 
    1.9492    46.5100 
    1.9761    47.4082 
    2.0031    48.5246 
    2.0300    49.7572 
    2.1377    56.2091 
    2.2455    60.6114 
    2.3532    62.7205 
    2.3801    63.1005 
    2.4609    63.9222 
    2.5148    64.4178 
    2.5956    64.9656 
    2.7303    65.9864 
    2.8649    66.8502 
    2.9188    67.3960 
    3.0535    69.7148 
    3.1881    72.8629 
    3.2689    76.2984 
    3.3767    81.5850 
    3.4036    82.2268 
    3.5113    84.9632 
    3.5921    86.5865 
    3.6729    89.1343 
    3.7268    92.4559 
    3.8076    99.1312 
    3.8884   103.7136 
    3.9692   108.0123 
    4.0500   115.1460 
