    0.0000     0.0000 
    0.0280     1.0798 
    0.0560     1.6962 
    0.1680     4.2570 
    0.2800     6.7830 
    0.3080     7.3568 
    0.3360     7.8341 
    0.3640     8.2488 
    0.3920     8.7099 
    0.4200     9.1459 
    0.4480     9.5339 
    0.4760     9.8832 
    0.5040    10.2353 
    0.5320    10.5994 
    0.6440    12.5008 
    0.6720    12.8690 
    0.7000    13.2222 
    0.8400    14.8561 
    0.9520    16.1949 
    1.0640    17.3988 
    1.1480    18.2048 
    1.2320    18.8040 
    1.3160    19.6145 
    1.4000    20.2804 
    1.4840    21.1458 
    1.5680    21.9245 
    1.6800    22.8301 
    1.7920    24.0783 
    1.9040    25.6691 
    2.0160    27.0549 
    2.1280    29.1916 
    2.2400    30.8565 
    2.3520    32.4218 
    2.4360    33.0588 
    2.5200    33.3674 
    2.6040    34.1185 
    2.6880    35.1021 
    2.7720    36.2044 
    2.8840    38.4620 
    2.9960    41.0497 
    3.1080    43.5716 
    3.2200    45.8927 
    3.3320    48.1589 
    3.4440    51.1399 
    3.5560    54.3767 
    3.6960    58.1327 
    3.7240    58.9398 
    3.8360    61.4800 
    3.9480    62.9941 
    4.0600    64.8572 
    4.1720    66.7939 
    4.2840    69.6366 
    4.3680    73.0547 
    4.4240    77.7965 
    4.4800    81.6149 
    4.5360    83.1017 
    4.5920    84.5274 
    4.6480    85.5215 
    4.7040    86.5061 
    4.7880    88.4928 
    4.8720    91.5201 
    4.9560    96.2405 
    5.0400    99.8585 
    5.1240   102.8610 
    5.2080   105.5542 
    5.2920   108.5701 
    5.3760   112.8546 
    5.4600   119.0716 
    5.5440   123.5196 
    5.6280   129.3643 
    5.6560   130.4763 
    5.7400   132.6399 
    5.7960   133.5684 
    5.8800   134.7119 
    6.0200   136.5607 
    6.0760   136.9846 
    6.1600   137.5122 
    6.3000   139.4443 
    6.3280   140.3342 
    6.4120   143.1349 
    6.4680   144.4864 
    6.5520   147.3728 
    6.6360   152.1999 
