    0.0000     0.0000 
    0.0238     0.6411 
    0.1187     2.5184 
    0.2138     4.0341 
    0.3088     5.3488 
    0.3800     6.7018 
    0.4275     7.6838 
    0.4750     8.4506 
    0.5225     9.2394 
    0.5700     9.8832 
    0.6412    10.7335 
    0.6650    10.9380 
    0.6887    11.1444 
    0.7600    12.0053 
    0.8075    12.7753 
    0.8788    13.8232 
    0.9025    14.3333 
    0.9263    14.8853 
    0.9738    15.7156 
    1.0688    16.9096 
    1.0925    17.1550 
    1.1163    17.3988 
    1.1400    17.6422 
    1.1638    17.8808 
    1.1875    18.1176 
    1.2825    19.0848 
    1.3062    19.3475 
    1.3300    19.5927 
    1.3538    19.7999 
    1.3775    20.0032 
    1.4013    20.1913 
    1.4250    20.3876 
    1.4488    20.6532 
    1.4725    20.9188 
    1.4963    21.1884 
    1.5913    22.2452 
    1.6150    22.4241 
    1.6387    22.6030 
    1.6625    22.7827 
    1.6863    22.9629 
    1.8050    23.9761 
    1.8763    24.6245 
    1.9238    24.9476 
    2.0425    25.5740 
    2.0900    25.8322 
    2.2088    26.6621 
    2.2800    27.2142 
    2.3750    28.6666 
    2.3988    29.0228 
    2.4937    30.5962 
    2.5888    32.2774 
    2.6837    32.9539 
    2.7075    33.0958 
    2.8025    33.7321 
    2.8737    34.1923 
    2.9925    35.0828 
    3.1113    36.0840 
    3.2300    37.1036 
    3.3013    38.2415 
    3.3725    39.1527 
    3.4675    40.7542 
    3.5625    42.3822 
    3.6575    43.7591 
    3.7525    45.2451 
    3.8712    46.8311 
    3.8950    47.2691 
    3.9188    47.7975 
    3.9425    48.3258 
    4.0613    50.7020 
    4.1325    51.8907 
    4.2512    53.8553 
    4.3700    55.7656 
    4.4887    57.3767 
    4.5600    58.3674 
    4.6550    59.6489 
    4.7737    60.8446 
    4.7975    61.1088 
    4.8213    61.3549 
    4.8450    61.5530 
    4.8688    61.7511 
    4.8925    61.9493 
    4.9162    62.1474 
    4.9400    62.3217 
    4.9638    62.4802 
    5.0825    63.1818 
    5.1063    63.3800 
    5.1300    63.5781 
    5.1537    63.7762 
    5.1775    63.9743 
    5.2725    65.2604 
    5.3675    66.4186 
    5.3913    66.6167 
    5.5100    67.6084 
    5.6288    68.9848 
    5.7475    70.9661 
    5.7713    71.4614 
    5.7950    71.9675 
    5.8187    72.4958 
    5.8425    73.0241 
    5.9138    76.4857 
    5.9612    79.8638 
    6.0088    81.5650 
    6.0800    83.0417 
    6.1037    83.6556 
    6.1513    84.8628 
    6.1750    85.2601 
    6.2225    85.8561 
    6.2938    86.6379 
    6.3650    87.8266 
    6.4363    89.0968 
    6.5075    91.0196 
    6.5788    94.3940 
    6.6025    95.8581 
    6.6500    98.7903 
    6.6975   101.0543 
    6.7450   103.2739 
    6.7687   104.1093 
    6.8400   105.9967 
    6.8875   107.3275 
    6.9112   107.7997 
    6.9825   108.8152 
    7.1013   110.6516 
    7.1725   111.9586 
    7.2675   114.3054 
    7.3625   117.4581 
    7.3863   118.3096 
    7.4100   119.0716 
    7.4337   119.7810 
    7.5287   123.0238 
    7.6238   127.3550 
    7.6475   128.3593 
    7.6712   129.0515 
    7.6950   129.7118 
    7.7188   130.3721 
    7.7900   132.8900 
    7.8137   133.4432 
    7.8850   134.7954 
    7.9325   135.5874 
    8.0512   136.4912 
    8.0988   136.7552 
    8.1463   136.9951 
    8.2175   137.1934 
    8.2888   137.3382 
    8.3600   137.4704 
    8.4313   137.6024 
    8.5500   137.8751 
    8.6687   138.3867 
    8.7875   139.4165 
    8.8588   139.9448 
    8.9300   140.4733 
    9.0013   141.0018 
    9.0725   141.5302 
    9.1913   142.4808 
    9.3100   143.0097 
    9.4288   143.5379 
    9.5000   143.8019 
