    0.3084     0.0000 
    0.3844     2.8669 
    0.4604     4.9834 
    0.5364     6.6120 
    0.5516     7.0567 
    0.5668     7.5288 
    0.5820     7.9584 
    0.5972     8.4175 
    0.6124     8.8704 
    0.6276     9.3498 
    0.6884    11.5512 
    0.7492    13.1127 
    0.7644    13.4968 
    0.7796    13.8730 
    0.7948    14.2227 
    0.8100    14.5725 
    0.8860    16.0372 
    0.9620    17.9033 
    1.0380    19.4302 
    1.1140    20.6237 
    1.1900    22.4230 
    1.2660    24.0518 
    1.2812    24.5079 
    1.2964    24.9838 
    1.3572    27.7604 
    1.4028    30.0360 
    1.4332    31.6271 
    1.4636    33.2989 
    1.4940    34.7375 
    1.5244    36.0603 
    1.5548    37.5290 
    1.5852    39.3579 
    1.6308    43.4004 
    1.6764    46.6427 
    1.7220    49.8878 
    1.7676    54.0144 
    1.7980    57.1593 
    1.8284    59.6898 
    1.8740    61.8449 
    1.9348    63.4472 
    1.9500    63.7441 
    1.9652    64.0778 
    1.9804    64.4115 
    2.0564    66.0521 
    2.0716    66.4536 
    2.1324    68.4366 
    2.1780    71.2208 
    2.2084    73.8047 
    2.2540    81.6674 
    2.2996    84.3723 
    2.3300    85.6023 
    2.3756    86.9406 
    2.4212    88.7089 
    2.4668    91.3379 
    2.5124    95.8531 
    2.5580    99.8578 
    2.6188   103.6110 
    2.6340   104.3317 
    2.6948   106.3042 
    2.7404   107.6924 
    2.7860   109.3201 
    2.8316   111.3344 
    2.8772   113.6046 
    2.9228   116.7924 
    2.9684   119.8216 
    3.0140   122.0933 
    3.0748   125.4644 
    3.1508   131.2263 
    3.1660   132.3832 
    3.1812   133.3899 
    3.1964   134.3184 
    3.2116   135.4619 
    3.2724   138.2622 
    3.3332   141.0842 
    3.3788   143.8849 
    3.4092   145.2364 
    3.4396   146.7871 
    3.4700   148.9574 
    3.5004   151.8372 
