    0.0500     0.0000 
    0.0918     1.0798 
    0.1336     1.6962 
    0.1754     2.2054 
    0.2172     2.7436 
    0.2590     3.2270 
    0.4262     5.6362 
    0.5098     7.3568 
    0.6352     9.5339 
    0.6770    10.2353 
    0.7606    12.0272 
    0.8442    13.9302 
    0.8860    14.8561 
    0.9696    16.1949 
    1.0950    17.8060 
    1.2622    19.6145 
    1.3040    19.9636 
    1.3458    20.2804 
    1.3876    20.6952 
    1.5966    22.2263 
    1.7638    23.1530 
    1.8892    24.0783 
    2.0146    25.1629 
    2.1400    26.1039 
    2.2654    27.0549 
    2.3908    28.5916 
    2.5580    30.1947 
    2.7252    32.0018 
    2.8924    33.0588 
    3.0596    33.7321 
    3.2268    35.1021 
    3.4358    37.5528 
    3.6448    41.0497 
    3.6866    41.9833 
    3.7284    42.8153 
    3.7702    43.5716 
    3.8120    44.3848 
    3.8538    45.2190 
    3.8956    45.8927 
    3.9374    46.5601 
    3.9792    47.2691 
    4.0210    48.1589 
    4.2300    52.1521 
    4.4390    56.4093 
    4.6480    59.6072 
    4.8570    61.4800 
    5.0660    62.6972 
    5.2750    63.9952 
    5.4840    65.7036 
    5.6930    67.2180 
    5.9020    69.6366 
    6.1110    73.0547 
    6.3200    79.6640 
    6.3618    80.9174 
    6.4036    81.6149 
    6.4454    82.1429 
    6.4872    82.6223 
    6.5290    83.1017 
    6.5708    83.6223 
    6.6126    84.1808 
    6.6544    84.5274 
    6.8216    86.1906 
    6.9888    88.4928 
    7.1560    92.5949 
    7.3232    98.2342 
    7.4904   102.1101 
    7.6576   105.5542 
    7.8248   109.5089 
    7.9920   116.0424 
    8.1592   122.4188 
    8.2010   123.5196 
    8.2428   124.7144 
    8.2846   126.4029 
    8.3264   128.1951 
    8.3682   129.3643 
    8.5772   133.5684 
    8.7862   136.9846 
    8.8280   137.2895 
    8.8698   137.5122 
    9.0370   140.3342 
    9.2042   143.5796 
    9.3296   145.5030 
    9.4550   148.2074 
    9.5804   152.1999 
