0.05	0.01
0.085	NAN
0.095	NAN
0.1	0.26
0.12	0.05
0.155	NAN
0.16	0.37
0.205	NAN
0.21	0.37
0.245	NAN
0.25	0.42
0.315	NAN
0.32	0.38
0.355	NAN
0.36	0.49
0.405	NAN
0.41	0.39
0.455	NAN
0.46	0.42
0.505	NAN
0.51	0.38
0.545	NAN
0.55	0.33
0.59	0.34
0.595	NAN
0.645	NAN
0.65	0.38
0.705	NAN
0.71	0.28
0.745	NAN
0.75	0.07
0.79	0.14
0.795	NAN
0.845	NAN
0.85	0.2
0.905	NAN
0.91	0.09
0.945	NAN
0.95	0.01
1.015	NAN
1.02	-0.07
1.045	NAN
1.05	-0.04
1.095	NAN
1.1	-0.03
1.145	NAN
1.15	0.09
1.205	NAN
1.21	0.02
1.245	NAN
1.25	0.06
1.295	NAN
1.3	0.2
1.345	NAN
1.35	0.2
1.395	NAN
1.4	0.18
1.455	NAN
1.46	0.18
1.495	NAN
1.5	0.2
1.555	NAN
1.56	0.25
1.605	NAN
1.61	0.22
1.655	NAN
1.66	0.17
1.705	NAN
1.71	0.2
1.745	NAN
1.75	0.2
1.805	NAN
1.81	0.16
1.855	NAN
1.86	0.1
1.905	NAN
1.91	0.07
1.955	NAN
1.96	0.12
2.005	NAN
2.01	0.06
2.045	NAN
2.05	0.1
2.095	NAN
2.1	0.09
2.155	NAN
2.16	0.1
2.21	0.26
2.215	NAN
2.255	NAN
2.26	0.36
2.305	NAN
2.31	0.25
2.35	0.26
2.355	NAN
2.415	NAN
2.42	0.24
2.465	NAN
2.47	0.08
2.505	NAN
2.51	0.28
2.555	NAN
2.56	0.24
2.615	NAN
2.62	0.11
2.645	NAN
2.65	0.08
2.695	NAN
2.7	0.27
2.745	NAN
2.75	0.18
2.795	NAN
2.8	0.14
2.855	NAN
2.86	0.14
2.905	NAN
2.945	NAN
3.005	NAN
3.01	0.16
3.045	NAN
3.05	0.29
3.095	NAN
3.1	0.09
3.145	NAN
3.15	0.04
3.205	NAN
3.21	-0.28
3.255	NAN
3.26	-0.29
3.295	NAN
3.3	-0.1
3.345	NAN
3.35	-0.04
3.405	NAN
3.41	-0.03
3.445	NAN
3.45	-0.1
3.505	NAN
3.51	-0.06
3.545	NAN
3.55	-0.17
3.605	NAN
3.61	-0.13
3.655	NAN
3.66	-0.12
3.705	NAN
3.71	-0.11
3.755	NAN
3.76	-0.13
3.795	NAN
3.8	-0.12
3.855	NAN
3.86	-0.11
3.905	NAN
3.91	-0.2
3.955	NAN
3.96	-0.17
4.015	NAN
4.02	-0.18
4.055	NAN
4.06	-0.19
4.105	NAN
4.11	-0.1
4.155	NAN
4.16	-0.19
4.205	NAN
4.21	-0.23
4.255	NAN
4.26	-0.13
4.305	NAN
4.31	-0.13
4.355	NAN
4.36	0.06
4.395	NAN
4.4	-0.02
4.455	NAN
4.46	0.24
4.505	NAN
4.51	0.12
4.545	NAN
4.55	0.1
4.605	NAN
4.61	0.1
4.645	NAN
4.65	0.15
4.705	NAN
4.71	0.03
4.745	NAN
4.75	0.07
4.8	-0.24
4.805	NAN
4.81	-0.04
4.845	NAN
4.85	-0.26
4.905	NAN
4.955	NAN
4.96	-0.37
5.005	NAN
5.01	-0.2
5.055	NAN
5.06	-0.08
5.105	NAN
5.11	-0.16
5.155	NAN
5.16	-0.11
5.195	NAN
5.2	-0.03
5.255	NAN
5.26	-0.14
5.305	NAN
5.31	-0.18
5.355	NAN
5.36	-0.22
5.405	NAN
5.41	-0.26
5.445	NAN
5.45	-0.23
5.495	NAN
5.5	-0.27
5.555	NAN
5.56	-0.26
5.605	NAN
5.61	-0.12
5.655	NAN
5.66	-0.19
5.705	NAN
5.71	-0.3
5.755	NAN
5.76	-0.21
5.805	NAN
5.81	-0.26
5.845	NAN
5.85	-0.18
5.905	NAN
5.91	-0.11
5.955	NAN
5.96	0.04
5.995	NAN
6	-0.05
6.005	NAN
6.055	NAN
6.06	0.01
6.105	NAN
6.11	0.06
6.145	NAN
6.15	-0.01
6.205	NAN
6.21	-0.21
6.255	NAN
6.26	-0.06
6.305	NAN
6.31	-0.2
6.355	NAN
6.36	-0.2
6.405	NAN
6.41	-0.22
6.455	NAN
6.46	-0.17
6.505	NAN
6.51	-0.17
6.555	NAN
6.56	-0.05
6.605	NAN
6.61	-0.11
6.655	NAN
6.66	-0.2
6.705	NAN
6.71	-0.16
6.755	NAN
6.76	-0.2
6.805	NAN
6.81	-0.16
6.855	NAN
6.86	-0.12
6.905	NAN
6.91	-0.08
6.955	NAN
6.96	-0.1
7.02	-0.25
7.025	NAN
7.055	NAN
7.06	-0.01
7.105	NAN
7.11	-0.11
7.155	NAN
7.16	-0.01
7.205	NAN
7.21	-0.07
7.255	NAN
7.26	0.03
7.305	NAN
7.31	0.15
7.355	NAN
7.36	0.05
7.405	NAN
7.41	0.08
7.455	NAN
7.46	-0.03
7.505	NAN
7.51	0.07
7.555	NAN
7.56	0.02
7.605	NAN
7.61	-0.1
7.655	NAN
7.66	-0.01
7.705	NAN
7.71	-0.16
7.755	NAN
7.76	-0.17
7.805	NAN
7.81	-0.26
7.855	NAN
7.86	-0.31
7.905	NAN
7.91	-0.43
7.955	NAN
7.96	-0.24
7.995	NAN
8.005	NAN
8.01	-0.22
8.055	NAN
8.06	-0.37
8.095	NAN
8.1	-0.26
8.155	NAN
8.16	-0.24
8.205	NAN
8.21	-0.34
8.255	NAN
8.26	-0.37
8.305	NAN
8.31	-0.39
8.355	NAN
8.36	-0.28
8.395	NAN
8.4	-0.39
8.455	NAN
8.46	-0.47
8.505	NAN
8.51	-0.42
8.555	NAN
8.56	-0.44
8.595	NAN
8.605	NAN
8.61	-0.25
8.655	NAN
8.66	-0.33
8.705	NAN
8.71	-0.24
8.755	NAN
8.76	-0.19
8.805	NAN
8.81	-0.18
8.855	NAN
8.86	-0.28
8.905	NAN
8.91	-0.36
8.955	NAN
8.96	-0.34
9.035	NAN
9.045	NAN
9.05	-0.13
9.09	-0.65
9.105	NAN
9.11	0
9.155	NAN
9.16	-0.08
9.205	NAN
9.21	-0.09
9.255	NAN
9.26	-0.01
9.305	NAN
9.31	0.04
9.365	NAN
9.37	-0.08
9.415	NAN
9.42	-0.06
9.46	-0.15
9.51	0.01