    0.0000     0.0000 
    0.0204     2.2065 
    0.0408     3.7677 
    0.0612     5.0646 
    0.0816     6.7878 
    0.1020     8.2531 
    0.1224     9.5378 
    0.1428    10.6042 
    0.1632    11.6820 
    0.2040    13.5940 
    0.2244    14.3998 
    0.2652    15.7892 
    0.3264    17.4085 
    0.3468    17.8157 
    0.4488    19.2073 
    0.5304    20.2896 
    0.5916    21.1594 
    0.6936    22.2359 
    0.7956    23.1658 
    0.8976    24.6440 
    0.9996    26.1220 
    1.1016    27.7850 
    1.1628    29.2122 
    1.2444    30.8919 
    1.3260    32.4404 
    1.4076    33.0359 
    1.4892    34.1375 
    1.5708    35.7468 
    1.6524    37.6025 
    1.7544    41.1011 
    1.8564    44.4322 
    1.8768    45.2636 
    1.8972    45.9315 
    1.9176    46.5993 
    1.9380    47.3220 
    1.9584    48.2123 
    1.9788    49.1985 
    1.9992    50.2002 
    2.0196    51.2019 
    2.0400    52.2216 
    2.0604    53.3346 
    2.0808    54.4476 
    2.1012    55.5173 
    2.1216    56.4672 
    2.1420    57.3533 
    2.1624    58.1880 
    2.1828    58.9844 
    2.2032    59.6523 
    2.2236    60.1794 
    2.2440    60.6802 
    2.2644    61.1258 
    2.2848    61.5034 
    2.3052    61.8373 
    2.3256    62.1711 
    2.3460    62.4494 
    2.3664    62.7165 
    2.3868    63.0185 
    2.4888    64.4459 
    2.5908    66.1356 
    2.6928    67.7273 
    2.7948    70.5406 
    2.8152    71.3749 
    2.8356    72.2378 
    2.8560    73.1398 
    2.8764    74.2043 
    2.8968    75.9713 
    2.9172    77.9712 
    2.9376    79.8039 
    2.9580    81.0133 
    2.9784    81.6622 
    3.0804    83.6709 
    3.1824    85.2183 
    3.2028    85.5533 
    3.2232    85.8878 
    3.2436    86.2227 
    3.2640    86.5363 
    3.3456    89.0801 
    3.4068    92.7089 
    3.4476    96.3559 
    3.5088   100.6895 
    3.5496   104.3733 
    3.5700   106.2588 
    3.5904   108.6668 
    3.6108   111.7988 
    3.6312   116.2529 
    3.6720   122.5492 
    3.6924   124.8607 
    3.7332   129.5019 
    3.7536   130.6154 
    3.8352   133.6948 
    3.8964   136.1062 
    3.9576   137.0276 
    4.0596   137.7634 
    4.1004   138.0547 
    4.2024   139.5621 
    4.3044   141.3433 
    4.3452   142.2183 
    4.4472   143.6402 
    4.5084   144.5552 
    4.5900   146.1118 
    4.6104   146.6841 
    4.6308   147.4907 
    4.6512   148.3253 
