    0.0200     0.0178 
    0.1073     2.8861 
    0.1946     5.3589 
    0.2528     6.9311 
    0.3401     8.8355 
    0.3692     9.2753 
    0.5147    10.9916 
    0.6020    11.9782 
    0.7475    13.5932 
    0.8348    14.8349 
    0.9221    16.0544 
    1.0385    17.2413 
    1.1258    18.2832 
    1.1840    18.8206 
    1.3295    19.8603 
    1.4750    21.1254 
    1.6205    22.4180 
    1.7660    23.5960 
    1.8242    24.1589 
    1.8824    24.6956 
    1.9406    25.2546 
    1.9988    25.7259 
    2.0570    26.2589 
    2.1152    26.8453 
    2.1734    27.4527 
    2.3189    28.9729 
    2.4644    30.2504 
    2.6099    31.1932 
    2.7554    32.0440 
    2.9009    32.7892 
    3.0464    33.6703 
    3.1046    34.1404 
    3.2501    35.3267 
    3.3665    36.6507 
    3.3956    37.1202 
    3.5120    39.6431 
    3.6284    42.1935 
    3.7448    44.7657 
    3.8612    47.3379 
    3.8903    47.8523 
    3.9194    48.3667 
    3.9485    48.8812 
    3.9776    49.3956 
    4.0067    49.9100 
    4.0358    50.4245 
    4.1231    52.4822 
    4.1813    54.0255 
    4.2686    56.5977 
    4.3559    59.1698 
    4.4432    61.7420 
    4.5305    64.3142 
    4.6178    66.8863 
    4.7051    69.4585 
    4.7924    72.0307 
    4.8215    73.0595 
    4.8797    75.6317 
    4.9379    78.5399 
    4.9961    81.6192 
    5.0543    84.6985 
    5.0834    85.4870 
    5.1416    86.4541 
    5.2289    87.9781 
    5.2580    88.4925 
    5.4035    90.5503 
    5.4326    91.0647 
    5.5490    93.6369 
    5.6363    95.6946 
    5.7236    98.2668 
    5.7527    99.2956 
    5.8109   101.5398 
    5.8400   102.4078 
    5.8982   103.7094 
    5.9855   105.4876 
    6.1019   107.8628 
    6.1310   108.3375 
    6.1601   108.8238 
    6.1892   109.3147 
    6.2183   109.8065 
    6.2474   110.3096 
    6.2765   110.8618 
    6.3056   111.4151 
    6.3347   111.9673 
    6.3638   112.5205 
    6.3929   113.0727 
    6.4220   113.6260 
    6.4511   114.1782 
    6.5675   116.9414 
    6.6548   119.1523 
    6.7130   120.8100 
    6.8003   123.5731 
    6.8294   124.6786 
    6.8876   127.4418 
    6.9458   130.1620 
    6.9749   131.1900 
    7.0331   132.7340 
    7.0622   133.2480 
    7.1786   134.7920 
    7.2659   135.8200 
    7.3241   136.3350 
    7.4696   137.3640 
    7.6151   138.3930 
    7.7606   139.4210 
    7.9061   140.4500 
    7.9643   140.9650 
    8.1098   142.5080 
    8.1971   143.5370 
    8.3426   145.5950 
    8.3717   146.1090 
    8.4008   146.6230 
    8.5172   149.1960 
    8.6336   151.7680 
