    0.0500     0.0136 
    0.0930     3.1440 
    0.1360     5.6985 
    0.1790     8.1787 
    0.2435    10.1048 
    0.2865    11.4144 
    0.3510    14.0270 
    0.3725    14.5061 
    0.4370    15.4251 
    0.5445    16.8632 
    0.6520    18.5914 
    0.7595    20.1323 
    0.8240    21.1594 
    0.9100    22.7209 
    0.9315    23.1469 
    0.9960    25.8855 
    1.0605    29.9593 
    1.1250    32.4195 
    1.1680    34.4699 
    1.2325    36.0077 
    1.2540    36.3632 
    1.3615    37.8614 
    1.4690    38.7388 
    1.5765    40.6502 
    1.6840    42.7080 
    1.7915    44.7657 
    1.8990    46.8234 
    1.9850    48.3667 
    2.0495    49.3956 
    2.1570    50.9389 
    2.2645    52.4822 
    2.3720    54.0255 
    2.4795    55.5688 
    2.5870    57.1121 
    2.6945    58.6554 
    2.8020    60.1987 
    2.9095    61.7420 
    3.0170    63.2853 
    3.0815    64.3142 
    3.1675    65.8575 
    3.2750    67.9152 
    3.2965    68.4296 
    3.3180    68.9441 
    3.4040    71.5162 
    3.4900    74.0884 
    3.5760    76.6923 
    3.6620    79.7715 
    3.7480    82.8509 
    3.8340    85.4870 
    3.8555    85.8093 
    3.9630    87.0988 
    4.0705    89.0070 
    4.1780    91.0647 
    4.2855    93.1224 
    4.3070    93.6369 
    4.3930    96.2090 
    4.4360    97.7523 
    4.4575    98.7812 
    4.5005   101.1053 
    4.5435   103.2758 
    4.5865   105.4876 
    4.6080   106.4379 
    4.6295   107.3872 
    4.6940   109.8065 
    4.7585   112.5205 
    4.8230   115.2837 
    4.8875   118.0468 
    4.9090   119.1523 
    4.9520   121.9155 
    4.9950   124.6786 
    5.0380   127.4418 
    5.0810   130.1620 
    5.1025   131.1900 
    5.1670   133.7630 
    5.2100   135.3060 
    5.2960   137.8780 
    5.3175   138.3930 
    5.3390   138.9070 
    5.3605   139.4210 
    5.3820   139.9360 
    5.4035   140.4500 
    5.5110   142.5080 
    5.5970   144.0510 
    5.6615   145.0800 
    5.7260   146.1090 
    5.7905   147.1380 
    5.8550   148.1670 
    5.9195   149.1960 
    5.9840   150.2250 
    6.0485   151.2530 
    6.1130   152.2820 
    6.1775   153.3110 
