    0.0465     0.0136 
    0.0620     1.0364 
    0.0775     2.0591 
    0.0930     2.9173 
    0.1085     3.4144 
    0.1240     4.2097 
    0.1395     5.0692 
    0.1550     5.7881 
    0.1705     6.5290 
    0.1860     7.2364 
    0.2015     7.9808 
    0.2170     8.6344 
    0.2325     9.2027 
    0.2480     9.7254 
    0.2635    10.2518 
    0.2790    10.8512 
    0.2945    11.5907 
    0.3100    12.5189 
    0.3875    15.6789 
    0.4495    18.1545 
    0.4960    19.5838 
    0.5270    20.2941 
    0.5580    21.0620 
    0.6355    22.6105 
    0.7130    23.9166 
    0.7905    26.3591 
    0.8680    28.7616 
    0.9455    30.7470 
    1.0230    32.0888 
    1.1005    34.1346 
    1.1315    34.7432 
    1.1780    35.8688 
    1.2400    37.4638 
    1.2555    38.0287 
    1.3175    40.5073 
    1.3640    43.5071 
    1.3950    45.7570 
    1.4415    49.5067 
    1.4880    53.2565 
    1.5190    55.5063 
    1.5655    58.5061 
    1.5810    59.2561 
    1.6430    61.5059 
    1.6895    63.0058 
    1.7205    63.7558 
    1.7980    65.2557 
    1.8755    66.7556 
    1.9065    67.5055 
    1.9530    69.0054 
    2.0150    71.2553 
    2.0305    72.0052 
    2.0925    75.7550 
    2.1545    80.0972 
    2.2165    84.5864 
    2.2320    85.2534 
    2.2475    85.7234 
    2.2630    86.1934 
    2.2785    86.6634 
    2.2940    87.1333 
    2.3095    87.7542 
    2.3250    88.5041 
    2.3405    89.2541 
    2.3560    90.0040 
    2.3715    90.7540 
    2.3870    91.5039 
    2.4490    95.2537 
    2.4955    98.2535 
    2.5265   100.3883 
    2.5730   103.5516 
    2.6195   106.8774 
    2.6350   108.2627 
    2.6505   109.6871 
    2.6660   111.2346 
    2.6815   112.8450 
    2.7125   116.8737 
    2.7435   120.9024 
    2.7745   124.9311 
    2.8055   128.9587 
    2.8365   132.7510 
    2.8520   134.2510 
    2.8675   135.0010 
    2.8985   135.7510 
    2.9760   137.2510 
    3.0225   138.7510 
    3.0380   139.5010 
    3.0535   141.0010 
    3.0690   143.2500 
    3.0845   145.5000 
    3.1000   147.7500 
