    0.0000     0.0178 
    0.0499     0.9542 
    0.0998     1.3963 
    0.1497     1.9852 
    0.1996     2.6299 
    0.2495     3.2726 
    0.2994     3.9009 
    0.3743     4.5528 
    0.4741     5.4699 
    0.4990     5.6511 
    0.6238     6.4275 
    0.7236     7.0943 
    0.8234     7.7236 
    0.9232     8.2376 
    1.0230     8.7074 
    1.1227     9.1843 
    1.2226     9.7198 
    1.3223    10.1930 
    1.4471    10.8059 
    1.5719    11.5427 
    1.5968    11.7313 
    1.6218    11.9168 
    1.6467    12.1022 
    1.6717    12.3022 
    1.6966    12.5032 
    1.7215    12.7095 
    1.7465    12.9249 
    1.8713    13.7502 
    1.9960    14.7021 
    2.0210    14.9543 
    2.0459    15.1996 
    2.0709    15.4451 
    2.0958    15.6723 
    2.1956    16.5824 
    2.2954    17.2924 
    2.3952    18.2839 
    2.4202    18.4873 
    2.5200    19.1019 
    2.5948    19.4959 
    2.7195    20.0775 
    2.8443    20.8129 
    2.9691    21.5796 
    3.0439    22.0760 
    3.1437    22.7478 
    3.2685    23.6539 
    3.3932    24.4584 
    3.4181    24.6900 
    3.4431    24.9246 
    3.5429    25.8522 
    3.6178    26.7203 
    3.6677    27.3998 
    3.7176    28.2274 
    3.7675    29.1216 
    3.8173    29.8504 
    3.8922    30.8813 
    3.9171    31.1859 
    3.9671    31.9922 
    4.0169    32.7041 
    4.0668    33.5350 
    4.1167    34.3947 
    4.1666    35.1287 
    4.2165    35.9397 
    4.2664    36.7666 
    4.3163    37.6043 
    4.3663    38.5261 
    4.3912    39.0045 
