    0.0500     3.0927 
    0.0800     3.5951 
    0.1100     4.3414 
    0.1400     5.1228 
    0.1500     5.4021 
    0.1700     6.0190 
    0.1900     6.7100 
    0.2100     7.3825 
    0.2300     8.0519 
    0.2500     8.6468 
    0.2700     9.1684 
    0.2900     9.6473 
    0.3100    10.1317 
    0.3300    10.6512 
    0.3400    10.8859 
    0.3700    11.5667 
    0.3900    12.0542 
    0.4200    12.7736 
    0.4600    13.7660 
    0.4700    13.9029 
    0.4800    14.0397 
    0.4900    14.1726 
    0.5000    14.2986 
    0.5500    14.7681 
    0.6000    15.2656 
    0.6500    15.7381 
    0.7000    16.1896 
    0.7500    16.8052 
    0.8000    17.5325 
    0.8500    18.1783 
    0.9000    18.6493 
    0.9500    19.2026 
    0.9900    19.6246 
    1.0300    20.0318 
    1.0700    20.3954 
    1.1100    20.8198 
    1.1500    21.2620 
    1.1900    21.6873 
    1.2300    22.0991 
    1.2700    22.5372 
    1.3100    22.8864 
    1.3400    23.1167 
    1.3900    23.4787 
    1.4400    23.8589 
    1.4900    24.4078 
    1.5400    25.1117 
    1.5700    25.6130 
    1.6100    26.2852 
    1.6500    26.9221 
    1.6900    27.5830 
    1.7300    28.2567 
    1.7700    28.9438 
    1.8100    29.6501 
    1.8500    30.1325 
    1.8900    30.5792 
    1.9300    30.9861 
    1.9700    31.3643 
    2.0100    31.7272 
    2.0500    32.0813 
