    0.0000     5.2770 
    0.0305     6.3291 
    0.0610     7.4702 
    0.1118     8.7638 
    0.1626     9.8854 
    0.1930    10.5749 
    0.2337    11.6144 
    0.2438    11.9519 
    0.2540    12.3815 
    0.2642    12.7728 
    0.3048    14.6353 
    0.3150    15.0849 
    0.3251    15.5373 
    0.3353    15.9529 
    0.3454    16.3412 
    0.3556    16.7153 
    0.4064    18.2585 
    0.4166    18.5235 
    0.4267    18.8453 
    0.4674    20.6669 
    0.4978    22.1627 
    0.5182    23.0362 
    0.5385    24.3884 
    0.5588    25.8680 
    0.5791    27.2157 
    0.5994    29.3116 
    0.6198    30.9611 
    0.6401    32.4281 
    0.6604    32.9865 
    0.6807    34.0373 
    0.7112    36.0340 
    0.7518    39.5699 
    0.7620    40.4830 
    0.7722    41.4166 
    0.7823    42.2822 
    0.7925    43.0531 
    0.8026    43.7821 
    0.8128    44.5855 
    0.8230    45.3613 
    0.8636    49.1572 
    0.9042    54.1932 
    0.9449    58.6755 
    0.9855    61.3020 
    1.0262    62.7724 
    1.0668    64.4557 
    1.1074    66.4315 
    1.1481    68.6025 
    1.1582    69.3790 
    1.1684    70.1830 
    1.1786    70.9870 
    1.2294    74.7907 
    1.2700    80.1504 
    1.3106    82.2627 
    1.3513    83.6962 
    1.3919    84.8615 
    1.4326    85.8285 
    1.4732    86.8543 
    1.5138    88.3306 
    1.5443    89.4388 
    1.5748    91.0684 
    1.6053    93.1232 
    1.6561    96.6451 
    1.7069    99.2983 
    1.7577   101.4672 
    1.8085   103.6045 
    1.8593   105.5064 
    1.9101   107.5672 
    1.9406   109.2514 
    1.9812   112.4096 
    1.9914   113.6078 
    2.0117   118.4137 
    2.0218   120.7048 
    2.0422   126.7995 
    2.0523   129.5283 
    2.0726   132.6733 
    2.0828   133.5684 
    2.1234   136.5118 
    2.1539   137.2483 
    2.1844   137.6771 
    2.2149   138.3115 
    2.2454   139.9726 
    2.2860   142.4505 
    2.2962   142.8889 
    2.3266   144.6366 
    2.3470   146.1379 
    2.3673   148.2731 
    2.3978   153.1938 
