    0.0000     0.0178 
    0.0460     2.8861 
    0.0920     5.3589 
    0.1227     6.9311 
    0.1687     8.8355 
    0.2300    10.9916 
    0.2453    11.4838 
    0.2607    11.9782 
    0.3373    14.1787 
    0.3833    15.4852 
    0.4293    16.5018 
    0.5060    17.7241 
    0.5827    19.3592 
    0.6593    21.1254 
    0.7053    22.4180 
    0.7667    24.1589 
    0.7820    24.6956 
    0.7973    25.2546 
    0.8127    25.7259 
    0.8280    26.2589 
    0.8433    26.8453 
    0.8587    27.4527 
    0.8740    28.1835 
    0.8893    28.9729 
    0.9047    29.6505 
    0.9200    30.2504 
    0.9353    30.7733 
    0.9507    31.1932 
    0.9660    31.6203 
    0.9813    32.0440 
    0.9967    32.4199 
    1.0120    32.7892 
    1.0733    34.9633 
    1.1347    37.1202 
    1.1960    39.6431 
    1.2573    42.1935 
    1.3187    44.7657 
    1.3800    47.3379 
    1.3953    47.8523 
    1.4107    48.3667 
    1.4260    48.8812 
    1.4413    49.3956 
    1.4567    49.9100 
    1.4720    50.4245 
    1.4873    50.9389 
    1.5027    51.4533 
    1.5180    51.9678 
    1.5333    52.4822 
    1.5487    52.9966 
    1.5640    53.5111 
    1.5793    54.0255 
    1.5947    54.5399 
    1.6100    55.0544 
    1.6253    55.5688 
    1.6407    56.0832 
    1.6560    56.5977 
    1.6713    57.1121 
    1.6867    57.6265 
    1.7020    58.1410 
    1.7633    60.7131 
    1.7787    61.2276 
    1.7940    61.7420 
    1.8707    63.7997 
    1.9473    65.8575 
    1.9627    66.3719 
    1.9780    66.8863 
    1.9933    67.4008 
    2.0087    67.9152 
    2.0240    68.4296 
    2.0853    71.0018 
    2.1313    73.0595 
    2.1620    74.6028 
    2.2080    77.3081 
    2.2540    80.3875 
    2.2693    81.6192 
    2.2847    82.8509 
    2.3000    84.0827 
    2.3460    86.1317 
    2.3920    87.4637 
    2.4073    87.9781 
    2.4840    90.0358 
    2.5607    92.0936 
    2.6373    94.1513 
    2.7140    96.2090 
    2.7907    98.2668 
    2.8673   100.2382 
    2.8827   100.6718 
    2.9440   102.8414 
    2.9900   104.5774 
    3.0360   106.4379 
    3.0820   108.3375 
    3.1127   109.8065 
    3.1587   112.5205 
    3.2047   115.2837 
    3.2507   118.0468 
    3.2660   119.1523 
    3.2967   121.9155 
    3.3273   124.6786 
    3.3580   127.4418 
    3.3887   130.1620 
    3.4040   131.1900 
    3.4347   132.7340 
    3.4500   133.2480 
    3.4653   133.7630 
    3.5267   135.3060 
    3.5727   136.3350 
    3.6187   137.3640 
    3.6647   138.3930 
    3.7260   139.9360 
    3.7413   140.4500 
    3.7567   140.9650 
    3.7720   141.4790 
    3.7873   141.9940 
    3.8027   142.5080 
    3.8180   143.0220 
    3.8333   143.5370 
    3.8487   144.0510 
    3.8640   144.5660 
    3.8793   145.0800 
    3.8947   145.5950 
    3.9100   146.1090 
    3.9253   146.6230 
    3.9867   149.1960 
    4.0480   151.7680 
