    0.0000     2.1836 
    0.0543     3.3656 
    0.0814     3.8302 
    0.1358     4.3790 
    0.1629     4.5614 
    0.2444     4.9586 
    0.2987     5.1701 
    0.4344     5.5722 
    0.5702     5.9844 
    0.7059     6.4224 
    0.8417     6.9020 
    0.9231     7.1607 
    1.0046     7.4009 
    1.1403     7.8360 
    1.2760     8.2037 
    1.3303     8.3795 
    1.4118     8.7228 
    1.4390     8.8872 
    1.4933     9.4608 
    1.5204     9.8443 
    1.5747    10.6743 
    1.6290    11.6840 
    1.6562    12.0930 
    1.7105    12.7651 
    1.7376    13.0026 
    1.8462    13.6775 
    1.9277    14.1759 
    1.9820    14.4431 
    2.0634    14.7220 
    2.1448    14.9987 
    2.2263    15.2694 
    2.3078    15.5399 
    2.3892    15.7760 
    2.4707    16.0097 
    2.5521    16.2123 
    2.6336    16.3950 
    2.7150    16.5687 
    2.7965    16.7195 
    2.8779    16.8704 
    2.9594    17.0266 
    3.0408    17.1831 
    3.1223    17.3675 
    3.2037    17.5683 
    3.2851    17.7792 
    3.4209    18.2476 
    3.4752    18.4722 
    3.6109    19.1499 
    3.7467    19.7860 
    3.8281    20.2267 
    3.9368    21.0910 
    4.0725    22.1911 
    4.0996    22.4393 
    4.1811    23.4211 
    4.2354    24.1405 
    4.3168    25.2787 
    4.3440    25.6722 
    4.3712    26.0922 
    4.4254    27.3317 
    4.4798    28.8962 
    4.5340    30.2446 
    4.5884    31.2243 
    4.6426    32.1143 
    4.6970    32.8931 
    4.7512    33.8272 
    4.8056    34.7572 
    4.8598    35.5808 
    4.9142    36.4703 
    4.9413    36.8641 
    4.9684    37.2427 
    5.0228    38.1653 
    5.0499    38.9014 
    5.0770    39.5785 
    5.1042    40.2292 
    5.1314    40.8505 
    5.1585    41.4953 
    5.2128    42.5701 
    5.2400    43.0000 
