V27-20,54,-46.2,3510,4.14,91,C. wuellerstorfi,,,2.76,1.43
V27-20,54,-46.2,3510,4.19,93.125,C. wuellerstorfi,,,2.87,1.19
V27-20,54,-46.2,3510,4.24,95.25,C. wuellerstorfi,,,2.94,1.21
V27-20,54,-46.2,3510,4.29,97.375,C. wuellerstorfi,,,2.97,0.94
V27-20,54,-46.2,3510,4.38,101.2,C. wuellerstorfi,,,3.1,0.69
V27-20,54,-46.2,3510,4.54,108,C. wuellerstorfi,,,3.45,1.23
V27-20,54,-46.2,3510,4.59,110.2307692,C. wuellerstorfi,,,3.32,1.25
V27-20,54,-46.2,3510,4.64,112.4615385,C. wuellerstorfi,,,2.44,1.2
V27-20,54,-46.2,3510,4.74,116.9230769,C. wuellerstorfi,,,2.94,0.89
V27-20,54,-46.2,3510,4.79,119.1538462,C. wuellerstorfi,,,2.49,0.96
V27-20,54,-46.2,3510,4.84,121.3846154,C. wuellerstorfi,,,2.67,1
V27-20,54,-46.2,3510,4.85,121.8307692,C. wuellerstorfi,,,2.61,0.7
V27-20,54,-46.2,3510,4.89,123.6153846,C. wuellerstorfi,,,2.39,0.69
V27-20,54,-46.2,3510,4.9,124.0615385,C. wuellerstorfi,,,2.58,0.8
V27-20,54,-46.2,3510,4.94,125.8461538,C. wuellerstorfi,,,2.33,0.9
V27-20,54,-46.2,3510,4.99,128.0769231,C. wuellerstorfi,,,2.21,0.83
V27-20,54,-46.2,3510,5.04,130.3076923,C. wuellerstorfi,,,2.68,0.96
V27-20,54,-46.2,3510,5.09,132.5384615,C. wuellerstorfi,,,2.58,0.19
V27-20,54,-46.2,3510,5.14,134.7692308,C. wuellerstorfi,,,3.07,0.34
V27-20,54,-46.2,3510,5.19,137,C. wuellerstorfi,,,4.06,0.56
V27-20,54,-46.2,3510,5.24,139.2,C. wuellerstorfi,,,3.39,0.72
V27-20,54,-46.2,3510,5.44,148,C. wuellerstorfi,,,3.89,0.07
