 0.0000     0.1100
 0.0450     0.3500
 0.1200     0.3700
 0.1600     0.2000
 0.1601     0.2800
 0.2000     0.2600
 0.4000    -0.1200
 0.4400    -0.0200
 0.4800    -0.1600
 0.7600    -0.1100
 0.9000     0.0600
 1.0000    -0.0100
 1.1000     0.1600
 1.3000     0.0500
 1.6000    -0.0800
 1.9000     0.1100
 2.3000     0.0300
 2.7000    -0.8200
 2.8000    -0.3200
 2.9000    -0.3900
 3.0000     0.0000
 3.1000     0.0800
 3.2600     0.3500
 3.3000     0.3300
 3.3500     0.2200
 3.4000    -0.4100
 3.6400     0.3900
 3.7000     0.0600
 3.7400     0.3700
 3.8000     0.1200
 3.8500     0.2900
 3.9000     0.1800
 3.9500     0.2700
 4.0500     0.3700
 4.1000     0.1800
 4.1500     0.1500
 4.2000     0.0200
 4.3000     0.1900
 4.4000     0.2500
 4.4300    -0.2200
 4.6000    -0.3400
 4.6600    -0.1600
 5.0100    -0.2800
 5.1100    -0.4100
 5.2100    -0.2600
 5.5100    -0.2700
 5.6100    -0.3400
 5.9100    -0.5700
 6.2100    -0.0300
 6.2600     0.1300
 6.3100     0.1100
 6.4200     0.0200
 6.5100     0.0500
 6.8100    -0.1800
 6.9100    -0.3100
 7.0100    -0.0900
 7.6100    -0.2600
 7.7100    -0.5900
 8.1100    -0.3800
 8.1700    -0.2900