    0.0660     4.4948 
    0.1320     6.9941 
    0.1980     9.2100 
    0.2200     9.9114 
    0.2640    11.6435 
    0.2860    12.4227 
    0.3300    13.4948 
    0.3960    15.1318 
    0.4180    15.5851 
    0.5060    16.7597 
    0.5940    17.9436 
    0.6600    18.5573 
    0.7260    19.2861 
    0.7920    20.0063 
    0.8800    21.1594 
    0.9680    22.2037 
    1.0780    23.4518 
    1.1880    25.5048 
    1.2100    25.9343 
    1.2320    26.3815 
    1.2540    26.8417 
    1.2760    27.2913 
    1.2980    28.1829 
    1.3200    28.8526 
    1.3420    29.3948 
    1.3640    29.8831 
    1.3860    30.3567 
    1.4080    31.1022 
    1.4300    31.6935 
    1.4520    32.0963 
    1.4740    32.5016 
    1.4960    32.9727 
    1.6060    33.7375 
    1.6940    35.0463 
    1.7600    36.1273 
    1.8700    38.2571 
    1.9800    40.6999 
    2.0900    43.2124 
    2.2000    45.5056 
    2.3100    47.5494 
    2.4200    50.3491 
    2.4860    52.3078 
    2.5520    54.4546 
    2.6180    56.4093 
    2.7060    58.8698 
    2.7280    59.5138 
    2.7720    60.9859 
    2.7940    61.7086 
    2.8380    63.1643 
    2.8600    63.8083 
    2.9260    65.8097 
    2.9700    66.8473 
    3.0140    68.2146 
    3.0800    71.2341 
    3.1680    77.2771 
    3.2560    82.4137 
    3.2780    82.8764 
    3.3000    83.3533 
    3.3220    83.8673 
    3.3440    84.3471 
    3.3660    84.6498 
    3.3880    84.9711 
    3.4100    85.2940 
    3.4320    85.6168 
    3.4540    85.9397 
    3.4760    86.2599 
    3.4980    86.5626 
    3.5200    87.0233 
    3.5420    87.5063 
    3.5640    87.9989 
    3.6520    91.4200 
    3.7400    97.0218 
    3.8280   101.0214 
    3.8500   101.7460 
    3.8720   102.4705 
    3.8940   103.1912 
    3.9160   103.8701 
    4.0260   106.3801 
    4.0480   107.1234 
    4.0700   107.8901 
    4.1580   112.8845 
    4.1800   114.2315 
    4.2900   120.0872 
    4.4000   124.3679 
    4.4220   125.8201 
    4.4440   127.5499 
    4.4660   128.9250 
    4.4880   129.9982 
    4.5100   131.0713 
    4.5320   132.1952 
    4.5540   133.0535 
    4.6420   137.0815 
    4.7080   138.0610 
    4.7520   140.3742 
    4.7960   142.6628 
    4.8620   144.3863 
    4.9280   146.3895 
    4.9940   149.5503 
