    0.1650    31.4811 
    0.2340    33.1217 
    0.2800    33.9216 
    0.3260    35.9033 
    0.3490    36.7292 
    0.3950    38.6525 
    0.4640    41.3806 
    0.5560    44.5725 
    0.5790    45.2190 
    0.6020    45.7426 
    0.6250    46.2597 
    0.7400    48.7874 
    0.8320    51.1149 
    0.9010    52.7361 
    0.9470    53.5981 
    1.0620    55.3027 
    1.1770    56.7653 
    1.2230    57.4445 
    1.2920    58.7376 
    1.3840    60.1703 
    1.4070    60.5582 
    1.4300    60.9169 
    1.5220    62.2900 
    1.5910    63.1860 
    1.6370    63.9618 
    1.7060    65.6135 
    1.7750    67.0623 
    1.8440    69.2403 
    1.9130    72.5181 
    1.9590    75.2988 
    2.0280    80.7077 
    2.0510    81.4019 
    2.1200    82.2148 
    2.1660    82.5863 
    2.2810    83.3427 
    2.3500    83.7555 
