    0.0200     0.0178 
    0.0617     2.8861 
    0.0826     3.9770 
    0.1452     6.3587 
    0.1869     8.0013 
    0.2495     9.7435 
    0.2704    10.1601 
    0.2913    10.5520 
    0.3121    10.9916 
    0.4165    13.0561 
    0.4373    13.5932 
    0.4582    14.1787 
    0.4791    14.8349 
    0.5625    17.2413 
    0.5834    17.7241 
    0.6460    18.8206 
    0.7086    19.8603 
    0.8129    21.7859 
    0.8547    22.4180 
    0.9590    23.5960 
    1.0633    24.6956 
    1.1677    25.7259 
    1.2720    26.8453 
    1.3763    28.1835 
    1.4181    28.9729 
    1.5224    30.7733 
    1.5850    31.6203 
    1.6476    32.4199 
    1.7102    33.2532 
    1.7728    34.1404 
    1.8563    35.3267 
    1.9606    37.1202 
    2.0649    39.1134 
    2.0858    39.6431 
    2.1067    40.1649 
    2.1901    42.7080 
    2.2736    45.2801 
    2.3571    47.8523 
    2.3779    48.3667 
    2.4823    50.4245 
    2.5866    52.4822 
    2.6701    54.0255 
    2.7327    55.0544 
    2.8370    56.5977 
    2.8787    57.1121 
    2.9831    58.1410 
    3.0248    58.6554 
    3.0665    59.1698 
    3.1709    60.7131 
    3.2335    61.7420 
    3.2961    62.7709 
    3.3795    64.3142 
    3.4839    66.3719 
    3.5047    66.8863 
    3.5256    67.4008 
    3.6091    69.9729 
    3.6925    72.5451 
    3.7551    74.6028 
    3.8177    76.6923 
    3.8803    79.1557 
    3.9429    81.6192 
    4.0055    84.0827 
    4.0681    85.8093 
    4.1307    87.0988 
    4.1933    89.0070 
    4.2351    90.5503 
    4.2768    92.0936 
    4.3185    93.6369 
    4.3811    96.2090 
    4.4437    98.7812 
    4.5063   101.1053 
    4.5689   103.2758 
    4.6315   105.4876 
    4.6733   106.9125 
    4.7359   108.8238 
    4.7567   109.3147 
    4.8611   111.4151 
    4.9654   113.6260 
    4.9863   114.1782 
    5.0489   116.3892 
    5.0906   118.0468 
    5.1323   119.7045 
    5.1741   121.3633 
    5.2158   123.0209 
    5.2575   124.6786 
    5.3201   127.4418 
    5.3827   130.1620 
    5.4453   132.7340 
    5.4871   134.2770 
    5.5497   136.3350 
    5.5705   136.8490 
    5.6749   138.9070 
    5.7792   140.9650 
    5.8835   143.0220 
    5.9879   145.0800 
    6.0087   145.5950 
    6.0296   146.1090 
    6.0505   146.6230 
    6.1339   149.1960 
    6.1965   151.2530 
    6.2383   152.7970 
