    0.5000     4.9094 
    0.5720     5.6653 
    0.6440     6.5379 
    0.7160     7.5730 
    0.7880     8.6420 
    0.8600     9.6435 
    0.9320    10.6328 
    1.0220    12.1071 
    1.1120    13.2062 
    1.1300    13.4701 
    1.1840    14.8411 
    1.2200    15.7867 
    1.2740    17.1755 
    1.3280    18.3026 
    1.3640    19.1615 
    1.4180    20.3743 
    1.4900    21.9632 
    1.5080    22.3070 
    1.5980    23.8091 
    1.6880    25.6114 
    1.7780    27.5381 
    1.8680    29.2537 
    1.9580    30.2127 
    1.9760    30.3903 
    1.9940    30.5627 
    2.0120    30.7344 
    2.0840    31.7244 
    2.1560    32.9000 
    2.2280    34.4500 
    2.3000    36.0000 
