    0.0400     0.2235 
    0.0629     1.0280 
    0.0857     1.4907 
    0.1086     2.0896 
    0.1238     2.4718 
    0.1467     2.9807 
    0.1695     3.4860 
    0.2000     4.0578 
    0.2076     4.1535 
    0.2457     4.5423 
    0.2762     4.8546 
    0.3067     5.1957 
    0.3372     5.5192 
    0.3677     5.8484 
    0.3981     6.1865 
    0.4286     6.5527 
    0.4591     6.9504 
    0.4896     7.3569 
    0.5201     7.7124 
    0.5505     8.0247 
    0.5810     8.3167 
    0.6115     8.5976 
    0.6496     8.9535 
    0.6572     9.0462 
    0.6725     9.3710 
    0.6801     9.5826 
    0.6953    10.0715 
    0.7106    10.5104 
    0.7258    11.0000 
    0.7410    11.5552 
    0.7563    12.1077 
    0.7715    12.7082 
    0.7791    12.9637 
    0.7868    13.2166 
    0.8020    13.8253 
    0.8172    14.5237 
    0.8249    14.8235 
    0.8477    15.5541 
    0.8630    15.9316 
    0.8858    16.3615 
    0.9163    16.7957 
    0.9239    16.8768 
    0.9315    16.9609 
    0.9392    17.0451 
    0.9468    17.1292 
    0.9544    17.2134 
    0.9620    17.3136 
    0.9696    17.4215 
    1.0001    18.0034 
    1.0230    18.4965 
    1.0458    18.9816 
    1.0687    19.4559 
    1.0916    19.9095 
    1.1144    20.4140 
    1.1297    20.8968 
    1.1449    21.3506 
    1.1601    21.7952 
    1.1754    22.2360 
    1.1982    22.7513 
    1.2287    23.4219 
    1.2363    23.5569 
    1.2744    24.0776 
    1.2973    24.2974 
    1.3354    24.6689 
    1.3735    25.0822 
    1.4116    25.3972 
    1.4497    25.7159 
    1.4878    26.0502 
    1.5259    26.4555 
    1.5640    26.8460 
    1.6021    27.2436 
    1.6250    27.5330 
    1.6478    27.8398 
    1.6783    28.3833 
    1.7164    29.0867 
    1.7545    29.6780 
    1.7926    30.2170 
    1.8002    30.3506 
    1.8307    30.9146 
    1.8612    31.3613 
    1.8917    31.8518 
    1.8993    31.9454 
    1.9069    32.0390 
    1.9145    32.1326 
    1.9221    32.2157 
    1.9298    32.2973 
    1.9374    32.3788 
    1.9450    32.4604 
    1.9831    32.7930 
    2.0212    33.2089 
    2.0593    33.5925 
    2.0974    33.9994 
    2.1355    34.4147 
    2.1736    34.7819 
    2.2117    35.1096 
    2.2193    35.1912 
    2.2269    35.2728 
    2.2346    35.3618 
    2.2422    35.4713 
    2.2498    35.5808 
    2.2574    35.6904 
    2.2650    35.7999 
    2.2727    35.8843 
    2.2803    35.9672 
    2.2879    36.0500 
    2.2955    36.1329 
    2.3031    36.2293 
    2.3108    36.3341 
    2.3184    36.4390 
    2.3260    36.5439 
    2.3336    36.6493 
    2.3412    36.7558 
    2.3489    36.8622 
    2.3565    36.9687 
    2.3641    37.0752 
    2.3717    37.1718 
    2.4022    37.6476 
    2.4327    38.1612 
    2.4403    38.2752 
    2.4479    38.3891 
    2.4784    38.8142 
    2.5013    39.0819 
    2.5165    39.1996 
    2.5546    39.4352 
    2.5927    39.6777 
    2.6308    39.9238 
    2.6689    40.1469 
    2.7070    40.3596 
    2.7451    40.5786 
    2.7832    40.8097 
    2.8213    41.0409 
    2.8594    41.2721 
    2.8746    41.3876 
    2.9127    41.7344 
    2.9508    42.0811 
    2.9737    42.3123 
    3.0042    42.6590 
    3.0423    43.1213 
    3.0499    43.2369 
    3.0575    43.3525 
    3.0651    43.4681 
    3.0728    43.5837 
    3.0804    43.6992 
    3.0880    43.8148 
    3.0956    43.9304 
    3.1032    44.0460 
    3.1109    44.1616 
    3.1185    44.2771 
    3.1261    44.3927 
    3.1337    44.5083 
    3.1413    44.6239 
    3.1718    45.2018 
    3.1947    45.6641 
    3.2175    46.1264 
    3.2404    46.5887 
    3.2633    47.0511 
    3.2937    47.6290 
    3.3014    47.7445 
    3.3395    48.2069 
    3.3776    48.6692 
    3.4157    49.1315 
    3.4233    49.2471 
    3.4309    49.3627 
    3.4385    49.4782 
    3.4461    49.5938 
    3.4538    49.7094 
    3.4614    49.8250 
    3.4919    50.4029 
    3.5147    50.8652 
    3.5300    51.2119 
    3.5528    51.7898 
    3.5742    52.1735 
    3.5902    52.4822 
    3.6061    52.7909 
    3.6220    53.0995 
    3.6379    53.4082 
    3.6538    53.7168 
    3.6698    54.0255 
    3.6857    54.3342 
    3.7016    54.6428 
    3.7175    54.9515 
    3.7334    55.2601 
    3.7494    55.5688 
    3.7653    55.8775 
    3.7812    56.1861 
    3.7971    56.4948 
    3.8130    56.8034 
    3.8290    57.1121 
    3.8449    57.4208 
    3.8608    57.7294 
    3.8767    58.0381 
    3.9404    59.5814 
    4.0041    61.1247 
    4.0200    61.4333 
    4.0359    61.7420 
    4.1155    62.9766 
    4.1792    63.9026 
    4.2270    64.5199 
    4.3066    65.4459 
    4.3862    66.3719 
    4.4658    67.2979 
    4.5135    67.9152 
    4.5772    68.8412 
    4.6568    70.0758 
    4.6727    70.3845 
    4.7205    71.6191 
    4.7523    72.5451 
    4.8001    74.0884 
    4.8160    74.7057 
    4.8478    76.2490 
    4.8797    78.0471 
    4.9115    79.8947 
    4.9434    81.7423 
    4.9752    83.5900 
    5.0070    85.2290 
    5.0389    86.1962 
    5.0548    86.5830 
    5.0866    87.1633 
    5.1344    88.2868 
    5.1981    89.8301 
    5.2618    91.3734 
    5.3254    92.9167 
    5.3732    94.1513 
    5.4050    95.0773 
    5.4528    96.6206 
    5.4687    97.2379 
    5.5006    98.7812 
    5.5324   100.2382 
    5.5642   101.5398 
    5.5961   102.8414 
    5.6279   104.1430 
    5.6598   105.4876 
    5.6916   106.9125 
    5.7234   108.3375 
    5.7553   109.8065 
    5.7871   111.4151 
    5.8190   113.0727 
    5.8349   113.7367 
    5.8826   115.3943 
    5.9145   116.3892 
    5.9622   117.7149 
    6.0259   119.3736 
    6.0418   119.7045 
    6.0578   120.0365 
    6.0737   120.3684 
    6.0896   120.6993 
    6.1055   121.0313 
    6.1214   121.3633 
    6.1374   121.6942 
    6.1533   122.0261 
    6.1692   122.3581 
    6.1851   122.6890 
    6.2010   123.0209 
    6.2170   123.3529 
    6.2329   123.6838 
    6.2488   124.0158 
    6.2647   124.3477 
    6.2806   124.6786 
    6.2966   125.0106 
    6.3602   126.6683 
    6.4080   127.9950 
    6.4398   128.9899 
    6.4717   129.9560 
    6.5035   130.8820 
    6.5354   131.8080 
    6.5672   132.7340 
    6.5990   133.6600 
    6.6468   134.8940 
    6.6946   136.1290 
    6.7423   137.3640 
    6.8060   138.9070 
    6.8219   139.2160 
    6.8378   139.5240 
    6.9174   140.7590 
    6.9811   141.6850 
    7.0289   142.3020 
    7.1085   143.2280 
    7.1881   144.1540 
    7.2677   145.0800 
    7.3473   146.0060 
    7.4269   146.9320 
    7.5065   147.8580 
    7.5861   148.7840 
    7.6657   149.7100 
    7.7134   150.3270 
    7.7612   150.9450 
    7.8090   151.5620 
    7.8726   152.4880 
    7.9363   153.4140 
