    0.1540     0.0136 
    0.1760     1.4451 
    0.1980     2.8074 
    0.2200     3.5662 
    0.2420     4.7244 
    0.2640     5.7871 
    0.2860     6.7953 
    0.3190     8.1616 
    0.3630     9.5108 
    0.3740     9.7595 
    0.3850    10.0063 
    0.3960    10.2501 
    0.4070    10.5197 
    0.4180    10.8064 
    0.4290    11.1159 
    0.4400    11.4820 
    0.4510    11.8840 
    0.4620    12.3149 
    0.4730    12.7820 
    0.4840    13.3234 
    0.4950    13.7845 
    0.5500    15.0279 
    0.6050    16.2471 
    0.6600    17.9737 
    0.7150    19.3229 
    0.7260    19.6783 
    0.7370    20.0237 
    0.7480    20.3337 
    0.7590    20.6734 
    0.7700    21.0572 
    0.7810    21.4228 
    0.7920    21.7780 
    0.8030    22.1296 
    0.8140    22.5012 
    0.8250    22.8084 
    0.8690    24.6042 
    0.9130    27.5259 
    0.9460    29.7987 
    0.9790    31.2552 
    1.0120    32.5035 
    1.0340    34.1287 
    1.0670    35.4990 
    1.1000    36.7271 
