    0.0839     0.0136 
    0.1767     3.1440 
    0.2696     5.6985 
    0.3624     8.1787 
    0.4552    10.1048 
    0.4785    10.4859 
    0.5945    12.6679 
    0.6873    14.5061 
    0.7802    15.8285 
    0.8730    17.5501 
    0.9890    19.6330 
    1.1051    21.6909 
    1.2211    23.6044 
    1.3372    26.7021 
    1.4532    29.9593 
    1.4764    30.5299 
    1.4996    31.0386 
    1.5925    33.8802 
    1.6853    36.0077 
    1.7781    37.8614 
    1.8710    38.9710 
    1.9638    41.6791 
    1.9870    42.1935 
    2.0102    42.7080 
    2.0334    43.2224 
    2.0566    43.7368 
    2.1727    45.7946 
    2.2887    47.8523 
    2.3815    49.3956 
    2.4512    50.4245 
    2.5672    51.9678 
    2.6833    53.5111 
    2.7529    54.5399 
    2.8457    56.0832 
    2.9617    58.1410 
    2.9850    58.6554 
    3.0082    59.1698 
    3.0314    59.6843 
    3.0546    60.1987 
    3.0778    60.7131 
    3.1010    61.2276 
    3.1242    61.7420 
    3.1474    62.2564 
    3.2635    64.3142 
    3.2867    64.8286 
    3.3795    67.4008 
    3.4491    69.4585 
    3.4955    71.0018 
    3.5652    73.5740 
    3.6116    75.1173 
    3.6812    77.3081 
    3.7044    77.9239 
    3.8205    80.3875 
    3.9365    82.8509 
    3.9597    83.4668 
    3.9829    84.0827 
    4.0061    84.6985 
    4.0293    85.1646 
    4.0525    85.4870 
    4.0758    85.8093 
    4.1918    87.0988 
    4.3078    89.0070 
    4.4239    91.0647 
    4.4471    91.5791 
    4.5399    94.1513 
    4.6095    96.2090 
    4.6560    97.7523 
    4.7024    99.2956 
    4.7488   100.6718 
    4.7952   101.9733 
    4.8648   103.7094 
    4.8880   104.1430 
    4.9112   104.5774 
    5.0273   106.4379 
    5.1201   107.8628 
    5.2130   109.3147 
    5.3058   110.8618 
    5.4218   113.0727 
    5.4450   113.6260 
    5.4915   115.2837 
    5.5147   116.3892 
    5.5611   119.1523 
    5.5843   120.8100 
    5.6075   122.4687 
    5.6307   124.1264 
    5.6539   125.7841 
    5.6771   127.4418 
    5.7003   129.1005 
    5.7235   130.6760 
    5.7700   133.2480 
    5.7932   134.2770 
    5.8396   135.8200 
    5.8628   136.3350 
    5.9788   138.3930 
    6.0949   140.4500 
    6.2109   142.5080 
    6.2341   143.0220 
    6.2573   143.5370 
    6.2805   144.0510 
    6.3038   144.5660 
    6.3270   145.0800 
    6.3502   145.5950 
    6.3734   146.1090 
    6.3966   146.6230 
    6.4198   147.1380 
    6.4430   147.6520 
    6.4662   148.1670 
    6.5823   150.2250 
    6.6983   152.2820 
