    0.0500     0.0212 
    0.1628     1.3822 
    0.2756     2.2413 
    0.3038     2.4457 
    0.3320     2.6490 
    0.3602     2.8499 
    0.3884     3.0507 
    0.4166     3.2652 
    0.4448     3.4800 
    0.4730     3.6896 
    0.5012     3.8963 
    0.5294     4.0975 
    0.5576     4.2852 
    0.5858     4.4730 
    0.6140     4.6555 
    0.6422     4.8376 
    0.6704     5.0163 
    0.6986     5.1927 
    0.7268     5.3674 
    0.8678     6.0854 
    1.0088     6.9778 
    1.1498     7.9469 
    1.1780     8.1998 
    1.2908     9.3676 
    1.4036    10.4968 
    1.4882    11.5511 
    1.5728    12.4325 
    1.6574    13.1732 
    1.7138    13.7580 
    1.7984    14.9608 
    1.8266    15.3948 
    1.8830    16.4473 
    1.9394    17.3161 
    1.9958    18.0715 
    2.0522    19.0175 
    2.0804    19.4265 
    2.1650    20.4776 
    2.2496    21.5652 
    2.3342    22.7453 
    2.3906    23.5266 
    2.4752    24.7026 
    2.5880    26.3092 
    2.6162    26.6584 
    2.7008    27.3224 
    2.8418    27.9883 
    2.9828    28.6515 
    3.1238    29.1629 
    3.2648    29.5344 
    3.4058    29.8914 
    3.5468    30.1743 
    3.6878    30.4193 
    3.8288    30.6562 
    3.8852    30.7743 
    4.0262    31.1624 
    4.1672    31.5859 
    4.2518    31.8956 
    4.3364    32.1900 
    4.4492    32.6449 
    4.5620    33.2848 
    4.7030    34.1380 
    4.8440    34.9912 
    4.8722    35.2045 
    4.9004    35.4178 
    4.9286    35.6311 
    4.9568    35.8444 
    4.9850    36.0577 
    5.0132    36.2710 
    5.0414    36.4843 
    5.0696    36.6976 
    5.2106    37.5508 
    5.3516    38.4040 
    5.4926    39.2572 
    5.6336    40.1104 
    5.7746    40.9636 
    5.8028    41.1769 
    5.8310    41.3902 
    5.9438    42.4567 
    6.0566    43.5232 
    6.1694    44.5897 
    6.2822    45.6562 
    6.3950    46.7227 
    6.5078    47.7892 
    6.6206    48.8557 
    6.6488    49.0690 
    6.7898    49.9222 
    6.9308    50.7754 
    7.0718    51.6286 
    7.2128    52.4818 
    7.3538    53.3350 
    7.4948    54.1882 
    7.5230    54.4015 
    7.5512    54.6148 
    7.5794    54.8281 
    7.6076    55.0414 
    7.6358    55.2547 
    7.6640    55.4680 
    7.6922    55.6813 
    7.7204    55.8946 
    7.7486    56.1079 
    7.7768    56.3212 
    7.8050    56.5345 
    7.8332    56.7478 
    7.8614    56.9611 
    7.8896    57.1744 
    7.9178    57.3877 
    8.0306    58.4542 
    8.1152    59.3074 
    8.1998    60.1606 
    8.2562    60.8005 
    8.3408    61.8670 
    8.4254    62.9335 
    8.5100    64.0000 
