    0.0167     0.0178 
    0.0833     2.8861 
    0.1500     5.3589 
    0.2167     8.0013 
    0.2833    10.1601 
    0.3000    10.5520 
    0.3167    10.9916 
    0.3333    11.4838 
    0.3500    11.9782 
    0.3667    12.4971 
    0.4500    14.8349 
    0.5167    16.5018 
    0.5667    17.2413 
    0.6500    18.8206 
    0.6833    19.3592 
    0.7167    19.8603 
    0.8000    21.7859 
    0.8500    22.9953 
    0.9167    24.6956 
    0.9333    25.2546 
    0.9500    25.7259 
    0.9667    26.2589 
    0.9833    26.8453 
    1.0000    27.4527 
    1.0167    28.1835 
    1.0333    28.9729 
    1.0500    29.6505 
    1.0667    30.2504 
    1.0833    30.7733 
    1.1000    31.1932 
    1.1167    31.6203 
    1.1333    32.0440 
    1.1500    32.4199 
    1.1667    32.7892 
    1.1833    33.2532 
    1.2000    33.6703 
    1.2167    34.1404 
    1.2333    34.5917 
    1.2500    34.9633 
    1.2667    35.3267 
    1.2833    35.8107 
    1.3000    36.1833 
    1.3833    37.9749 
    1.4000    38.5045 
    1.4167    39.1134 
    1.4333    39.6431 
    1.4500    40.1649 
    1.4667    40.6502 
    1.5500    42.7080 
    1.6167    44.2513 
    1.6833    45.7946 
    1.7667    47.8523 
    1.8500    49.9100 
    1.8667    50.4245 
    1.8833    50.9389 
    1.9000    51.4533 
    1.9167    51.9678 
    1.9333    52.4822 
    1.9500    52.9966 
    2.0167    55.5688 
    2.0833    58.1410 
    2.1000    58.6554 
    2.1167    59.1698 
    2.1333    59.6843 
    2.1500    60.1987 
    2.1667    60.7131 
    2.1833    61.2276 
    2.2000    61.7420 
    2.2167    62.2564 
    2.2333    62.7709 
    2.2500    63.2853 
    2.2667    63.7997 
    2.2833    64.3142 
    2.3000    64.8286 
    2.3167    65.3430 
    2.3333    65.8575 
    2.3500    66.3719 
    2.3667    66.8863 
    2.3833    67.4008 
    2.4000    67.9152 
    2.4167    68.4296 
    2.4333    68.9441 
    2.4500    69.4585 
    2.4667    69.9729 
    2.4833    70.4874 
    2.5000    71.0018 
    2.5167    71.5162 
    2.5333    72.0307 
    2.5500    72.5451 
    2.6333    74.6028 
    2.6500    75.1173 
    2.7167    77.9239 
    2.7667    80.3875 
    2.8000    82.2351 
    2.8500    85.1646 
    2.8667    85.8093 
    2.9000    87.4637 
    2.9167    88.4925 
    2.9667    91.0647 
    3.0167    93.1224 
    3.0333    93.6369 
    3.1000    95.1802 
    3.1667    96.7235 
    3.2500    98.7812 
    3.2667    99.2956 
    3.3167   101.1053 
    3.3500   102.4078 
    3.3833   103.7094 
    3.4167   105.0120 
    3.4500   106.4379 
    3.4833   107.8628 
    3.5333   109.8065 
    3.6000   112.5205 
    3.6500   114.7304 
    3.6833   116.3892 
    3.7333   119.1523 
    3.7500   120.2578 
    3.7833   123.0209 
    3.8167   125.7841 
    3.8500   128.5472 
    3.8833   131.1900 
    3.9000   132.2190 
    3.9333   133.7630 
    3.9500   134.2770 
    4.0000   135.3060 
    4.0833   136.8490 
    4.1167   137.3640 
    4.2000   138.3930 
    4.2833   139.4210 
    4.3667   140.4500 
    4.4500   141.4790 
    4.5333   142.5080 
    4.6167   144.0510 
    4.6667   145.0800 
    4.7333   146.6230 
    4.8167   148.6810 
    4.8333   149.1960 
    4.8500   149.7100 
    4.8667   150.2250 
    4.8833   150.7390 
    4.9000   151.2530 
    4.9167   151.7680 
    4.9333   152.2820 
    4.9500   152.7970 
    4.9667   153.3110 
    4.9833   153.8260 
