    0.0233     0.0178 
    0.1167     2.8861 
    0.2100     5.3589 
    0.3033     8.0013 
    0.3967    10.1601 
    0.4200    10.5520 
    0.5367    12.4971 
    0.6300    14.1787 
    0.7000    15.4852 
    0.8167    16.8670 
    0.8633    17.2413 
    0.9800    18.2832 
    1.0967    19.3592 
    1.2133    20.4197 
    1.3300    21.7859 
    1.4467    22.9953 
    1.5633    24.1589 
    1.6100    24.6956 
    1.7267    26.2589 
    1.8433    28.1835 
    1.9600    30.2504 
    2.0767    31.1932 
    2.1933    32.0440 
    2.3100    32.7892 
    2.4267    33.6703 
    2.5433    34.5917 
    2.5900    34.9633 
    2.6367    35.3267 
    2.7533    36.6507 
    2.8233    37.5465 
    2.8467    37.9749 
    2.9400    40.6502 
    3.0333    43.2224 
    3.1033    45.2801 
    3.1500    46.8234 
    3.2200    49.3956 
    3.2900    51.9678 
    3.3133    52.9966 
    3.3367    54.0255 
    3.3833    56.5977 
    3.4067    57.6265 
    3.4767    60.1987 
    3.5233    61.7420 
    3.5933    63.7997 
    3.6867    66.3719 
    3.7800    68.9441 
    3.8733    71.5162 
    3.9667    74.0884 
    4.0600    76.6923 
    4.1533    79.7715 
    4.2467    82.8509 
    4.3400    85.4870 
    4.3633    85.8093 
    4.3867    86.1317 
    4.5033    87.4637 
    4.5967    89.0070 
    4.6900    90.5503 
    4.8067    92.6080 
    4.8300    93.1224 
    4.8533    93.6369 
    4.9467    96.2090 
    4.9933    97.7523 
    5.0167    98.7812 
    5.0633   101.1053 
    5.0867   101.9733 
    5.1567   104.1430 
    5.2267   106.4379 
    5.2733   107.8628 
    5.3200   109.3147 
    5.3667   110.8618 
    5.4133   112.5205 
    5.4600   114.1782 
    5.5067   115.8359 
    5.5767   118.6001 
    5.6000   119.7045 
    5.6467   122.4687 
    5.6700   124.1264 
    5.6933   125.7841 
    5.7167   127.4418 
    5.7400   129.1005 
    5.7633   130.6760 
    5.7867   132.2190 
    5.8100   133.7630 
    5.8567   136.3350 
    5.9267   138.9070 
    5.9967   141.4790 
    6.0667   144.0510 
    6.1367   146.6230 
    6.2067   149.1960 
    6.2767   151.7680 
