V32-128,36.467,177.167,3623,0,0,C. wuellerstorfi,,,2.63,0.31
V32-128,36.467,177.167,3623,0.02,2,C. wuellerstorfi,,,3.04,0.05
V32-128,36.467,177.167,3623,0.11,11,C. wuellerstorfi,,,3,0.05
V32-128,36.467,177.167,3623,0.21,14,C. wuellerstorfi,,,4.04,-0.24
V32-128,36.467,177.167,3623,0.25,15.867,C. wuellerstorfi,,,4.17,-0.59
V32-128,36.467,177.167,3623,0.33,18.667,C. wuellerstorfi,,,4.13,-0.09
V32-128,36.467,177.167,3623,0.35,19.6,C. wuellerstorfi,,,4.18,-0.18
V32-128,36.467,177.167,3623,0.41,20.533,C. wuellerstorfi,,,4.34,-0.39
V32-128,36.467,177.167,3623,0.51,23.333,C. wuellerstorfi,,,4.11,-0.12
V32-128,36.467,177.167,3623,0.61,28,C. wuellerstorfi,,,3.78,-0.12
V32-128,36.467,177.167,3623,0.7,31.407,C. wuellerstorfi,,,3.77,-0.23
V32-128,36.467,177.167,3623,0.79,34.473,C. wuellerstorfi,,,3.75,-0.11
V32-128,36.467,177.167,3623,0.79,37.538,C. wuellerstorfi,,,3.81,-0.1
V32-128,36.467,177.167,3623,1.08,41.626,C. wuellerstorfi,,,3.66,-0.04
V32-128,36.467,177.167,3623,1.23,47.418,C. wuellerstorfi,,,3.93,-0.18
V32-128,36.467,177.167,3623,1.33,52.527,C. wuellerstorfi,,,3.82,-0.1
V32-128,36.467,177.167,3623,1.33,55.934,C. wuellerstorfi,,,3.56,-0.3
V32-128,36.467,177.167,3623,1.52,59,C. wuellerstorfi,,,3.43,-0.49
V32-128,36.467,177.167,3623,1.62,61.911,C. wuellerstorfi,,,3.72,-0.46
V32-128,36.467,177.167,3623,1.91,70.063,C. wuellerstorfi,,,3.73,-0.51
V32-128,36.467,177.167,3623,2.01,73.266,C. wuellerstorfi,,,3.65,-0.33
V32-128,36.467,177.167,3623,2.12,76.177,C. wuellerstorfi,,,3.66,-0.27
V32-128,36.467,177.167,3623,2.21,79.38,C. wuellerstorfi,,,3.75,-0.27
V32-128,36.467,177.167,3623,2.32,82,C. wuellerstorfi,,,3.3,-0.05
V32-128,36.467,177.167,3623,2.41,88.6,C. wuellerstorfi,,,3.65,-0.13
V32-128,36.467,177.167,3623,2.51,94,C. wuellerstorfi,,,3.14,0.08
V32-128,36.467,177.167,3623,2.62,97.902,C. wuellerstorfi,,,3.48,0.08
V32-128,36.467,177.167,3623,2.71,102.195,C. wuellerstorfi,,,3.32,-0.08
V32-128,36.467,177.167,3623,2.82,105.707,C. wuellerstorfi,,,3.42,0.06
V32-128,36.467,177.167,3623,2.91,110,C. wuellerstorfi,,,3.46,-0.12
V32-128,36.467,177.167,3623,3,124,C. wuellerstorfi,,,2.8,0.02
V32-128,36.467,177.167,3623,3.1,127.3,C. wuellerstorfi,,,3.34,-0.37
V32-128,36.467,177.167,3623,3.21,130.967,C. wuellerstorfi,,,3.85,-0.39
V32-128,36.467,177.167,3623,3.8,135,C. wuellerstorfi,,,4.2,-0.46
V32-128,36.467,177.167,3623,4.01,151.726,C. wuellerstorfi,,,3.85,-0.33
V32-128,36.467,177.167,3623,4.1,154.115,C. wuellerstorfi,,,3.95,-0.38
V32-128,36.467,177.167,3623,4.21,156.265,C. wuellerstorfi,,,3.97,-0.49
V32-128,36.467,177.167,3623,4.31,158.894,C. wuellerstorfi,,,3.94,-0.4
