    0.0200     1.7536 
    0.1267     3.2958 
    0.1978     4.2432 
    0.3044     5.3713 
    0.4111     6.2332 
    0.5533     7.4859 
    0.5888     7.7329 
    0.7665     8.7690 
    0.9443     9.8868 
    1.1221    10.8932 
    1.1576    11.1424 
    1.2998    12.1276 
    1.4420    12.9967 
    1.5842    14.0741 
    1.6198    14.2752 
    1.7975    15.0921 
    1.9397    15.7211 
    2.0463    16.1652 
    2.2241    16.9489 
    2.4019    17.7957 
    2.5796    18.4831 
    2.6862    18.9086 
    2.8285    19.5475 
    3.0062    20.2206 
    3.0418    20.3862 
    3.0773    20.5658 
    3.1128    20.7562 
    3.1484    20.9726 
    3.2906    22.3632 
    3.4328    23.4730 
    3.5750    24.7826 
