    0.4000     7.6184 
    0.6000     8.5140 
    0.8000     9.4032 
    1.0000    10.1209 
    1.2000    10.8541 
    1.4000    11.5979 
    1.6000    12.4179 
    1.6400    12.6484 
    1.6800    12.8190 
    1.7200    12.9897 
    1.7600    13.1755 
    1.8000    13.3669 
    1.8400    13.5536 
    1.8800    13.7290 
    1.9200    13.9045 
    1.9600    14.1317 
    2.0000    14.3678 
    2.0400    14.6052 
    2.0800    14.8445 
    2.1200    15.0837 
    2.1600    15.3244 
    2.2000    15.5652 
    2.2400    15.7907 
    2.2800    16.0032 
    2.3200    16.2142 
    2.3600    16.4119 
    2.4000    16.6095 
    2.4400    16.8165 
    2.4800    17.0284 
    2.5200    17.2399 
    2.5600    17.4500 
    2.6000    17.6601 
    2.6400    17.8658 
    2.6800    18.0702 
    2.7200    18.2530 
    2.7600    18.3940 
    2.8000    18.5350 
    2.8400    18.7062 
    2.8800    18.8806 
    2.9200    19.0792 
    2.9600    19.3060 
    3.0000    19.5316 
    3.0400    19.7105 
    3.0800    19.8894 
    3.1200    20.0586 
    3.1600    20.2210 
    3.2000    20.3932 
    3.2400    20.6225 
    3.2800    20.8517 
    3.3200    21.0834 
    3.3600    21.3160 
    3.4000    21.5345 
    3.4400    21.7141 
    3.4800    21.8938 
    3.5200    22.0528 
    3.5600    22.2075 
    3.6000    22.3620 
    3.6400    22.5164 
    3.6800    22.6707 
    3.7200    22.8263 
    3.7600    22.9819 
    3.8000    23.1577 
    3.8400    23.3528 
    3.8800    23.5541 
    3.9200    23.8332 
    3.9600    24.1123 
    4.0000    24.3921 
    4.0400    24.6724 
    4.0800    24.9509 
    4.1200    25.2226 
    4.1600    25.4942 
    4.2000    25.7289 
    4.2400    25.9517 
    4.2800    26.1823 
    4.3200    26.4297 
    4.3600    26.6771 
    4.4000    26.9159 
