    0.6454     0.0000 
    0.6958     1.5807 
    0.7463     2.4836 
    0.8472     4.6217 
    0.9481     6.9454 
    1.0490     8.9855 
    1.1499    10.5994 
    1.2508    12.2048 
    1.3517    13.8446 
    1.4022    14.6228 
    1.5535    16.5324 
    1.7049    18.2736 
    1.8562    19.8327 
    2.0076    21.5739 
    2.1589    22.9440 
    2.2598    24.0783 
    2.3607    25.4942 
    2.4616    26.7073 
    2.5625    28.5166 
    2.7138    30.3788 
    2.9156    32.7732 
    2.9661    33.1217 
    3.2184    33.7776 
    3.4202    34.9470 
    3.5715    35.9635 
    3.8238    37.6726 
    4.0760    39.7598 
    4.3282    42.3024 
    4.5805    44.3848 
    4.8327    46.3098 
    5.0850    48.3870 
    5.3373    51.0148 
    5.5895    53.8206 
    5.8418    56.5206 
    5.9931    58.0285 
    6.1445    59.3569 
    6.3463    60.7612 
    6.3967    61.1505 
    6.5985    62.5637 
    6.7499    63.6615 
    6.8507    64.6903 
    7.0021    66.1541 
    7.2039    67.9368 
    7.2543    68.3748 
    7.3048    69.0109 
    7.3552    69.7408 
    7.4057    70.4708 
    7.4562    71.2007 
    7.5066    71.9397 
    7.7588    76.2984 
    8.0111    81.4818 
    8.2634    83.2228 
    8.5156    84.7687 
    8.7678    85.9397 
    8.8183    86.2317 
    9.0201    88.2258 
    9.2219    91.3950 
    9.4237    96.5185 
    9.4741    97.4222 
    9.5246    98.2342 
    9.7768   100.9839 
   10.0291   103.5817 
