    0.0000     6.0583 
    0.0240     7.6059 
    0.0480     8.8022 
    0.0720     9.8480 
    0.1080    11.4581 
    0.1320    12.5482 
    0.1680    13.8275 
    0.2040    15.4653 
    0.2400    16.9457 
    0.2760    18.3424 
    0.3120    19.6494 
    0.3480    21.0096 
    0.3840    22.3168 
    0.4200    23.4956 
    0.4560    25.4279 
    0.4800    26.6832 
    0.5160    29.5472 
    0.5520    32.0858 
    0.5880    33.2631 
    0.6240    35.2263 
    0.6600    38.2235 
    0.6960    42.1535 
    0.7320    45.6925 
    0.7680    49.3380 
    0.8040    54.0430 
    0.8400    58.2996 
    0.8640    60.0952 
    0.9000    61.6468 
    0.9480    62.9941 
    0.9600    63.2944 
    0.9720    63.5947 
    0.9840    63.8950 
    0.9960    64.2343 
    1.0080    64.6347 
    1.0200    65.0351 
    1.0320    65.4233 
    1.0440    65.7837 
    1.0560    66.1441 
    1.0680    66.4603 
    1.0800    66.7606 
    1.0920    67.1290 
    1.1040    67.5365 
    1.1160    67.9869 
    1.1760    70.6376 
    1.2360    73.8556 
    1.2960    80.1984 
    1.3560    82.6223 
    1.4160    84.4020 
    1.4640    85.2873 
    1.5000    85.8895 
    1.5600    86.8506 
    1.6200    88.2258 
    1.6800    89.9205 
    1.7160    91.5201 
    1.7520    93.5014 
    1.8000    96.7966 
    1.8600    99.9336 
    1.8720   100.6088 
    1.8840   101.2842 
    1.8960   101.9600 
    1.9080   102.6357 
    1.9200   103.3002 
    1.9320   103.9334 
    1.9440   104.5679 
    1.9560   105.1223 
    1.9680   105.6773 
    2.0280   108.4001 
    2.0760   111.1221 
    2.1240   114.6080 
    2.1600   117.7268 
    2.1960   120.0274 
    2.2320   121.9886 
    2.2680   123.9975 
    2.3160   128.3295 
    2.3520   130.3651 
    2.4120   133.1735 
    2.4720   136.2215 
    2.4960   136.6496 
    2.5560   137.2895 
    2.6160   137.6898 
    2.6760   138.2656 
    2.7360   139.8001 
    2.7960   141.4023 
    2.8560   142.6896 
    2.8800   143.0904 
    2.9400   144.2911 
    3.0000   145.6632 
