    0.0400     0.0000 
    0.1592     2.9249 
    0.2784     4.9177 
    0.3977     7.4191 
    0.5169     9.3596 
    0.6361    10.9057 
    0.7553    12.6192 
    0.8745    14.2181 
    0.9540    15.4418 
    1.0732    16.8837 
    1.2322    18.5144 
    1.2719    18.8040 
    1.3117    19.1401 
    1.3514    19.5273 
    1.3912    19.8327 
    1.4309    20.1220 
    1.4706    20.4156 
    1.5104    20.8070 
    1.5501    21.2026 
    1.5899    21.5739 
    1.6296    21.8807 
    1.6693    22.1509 
    1.7091    22.4147 
    1.7488    22.6783 
    1.7886    22.9440 
    1.8283    23.2481 
    1.8680    23.6017 
    1.9078    24.0783 
    1.9475    24.5562 
    1.9873    25.0304 
    2.0270    25.4942 
    2.0667    25.8865 
    2.1065    26.2849 
    2.1462    26.7073 
    2.1860    27.1128 
    2.2257    27.7486 
    2.2654    28.5166 
    2.3052    29.0416 
    2.3449    29.5091 
    2.3847    29.9494 
    2.4244    30.3788 
    2.4641    31.0647 
    2.5039    31.6373 
    2.5436    32.0018 
    2.7423    32.9748 
    2.9013    33.7776 
    3.0205    34.5049 
    3.2192    35.9635 
    3.4179    37.6726 
    3.6166    39.7598 
    3.8153    42.3024 
    4.0140    44.3848 
    4.1332    45.7259 
    4.2524    46.8937 
    4.3717    48.3870 
    4.4909    50.1388 
    4.6101    51.8907 
    4.7293    53.8206 
    4.8485    55.7031 
    4.9678    57.2985 
    5.0870    58.7584 
    5.2459    60.3330 
    5.4446    61.7720 
    5.4844    62.0640 
    5.6433    63.3695 
    5.8023    65.0796 
    5.9613    66.7522 
    6.1202    69.0109 
    6.1997    71.2007 
    6.3189    76.2984 
    6.4381    81.9478 
    6.5574    84.1808 
    6.6766    85.6469 
    6.7561    86.5061 
    6.8355    87.7641 
    6.9548    89.8579 
    7.0740    93.2901 
    7.1932    97.4222 
    7.3124   100.3275 
    7.4316   102.9548 
    7.5906   105.8618 
    7.7496   109.3829 
    7.9085   114.6977 
    8.0675   120.9400 
    8.1072   121.8811 
    8.1470   122.8221 
    8.1867   123.8183 
    8.2264   124.8637 
    8.3854   131.0324 
    8.5841   134.7119 
    8.7828   137.1517 
    8.9815   138.0109 
    9.1405   140.0004 
    9.2597   141.5581 
    9.3789   142.7452 
    9.5379   143.9131 
