    0.0050     0.0000 
    0.0206     2.9249 
    0.0361     4.9177 
    0.0517     7.4191 
    0.0672     9.3596 
    0.0828    10.9057 
    0.0984    12.6192 
    0.1139    14.2181 
    0.1217    15.0312 
    0.1373    16.1949 
    0.1684    17.9555 
    0.1762    18.2736 
    0.1839    18.5144 
    0.1917    18.8040 
    0.2306    20.1220 
    0.2695    21.5739 
    0.3084    22.6783 
    0.3473    24.0783 
    0.3862    25.8865 
    0.4251    27.7486 
    0.4640    29.9494 
    0.5029    32.0018 
    0.5418    32.9748 
    0.5807    34.1185 
    0.6196    35.9635 
    0.6507    37.6726 
    0.6819    39.7598 
    0.7052    41.5224 
    0.7441    43.6662 
    0.7830    45.7259 
    0.8219    47.6028 
    0.8608    50.1388 
    0.8997    52.8473 
    0.9386    55.7031 
    0.9619    57.2985 
    0.9931    59.3569 
    1.0320    61.1505 
    1.0397    61.4800 
    1.0709    62.7973 
    1.1020    64.3011 
    1.1331    66.1541 
    1.1642    67.9368 
    1.1953    71.2007 
    1.2265    76.2984 
    1.2576    81.9478 
    1.2654    82.3826 
    1.2731    82.8020 
    1.2809    83.2228 
    1.2887    83.6889 
    1.2965    84.1808 
    1.3043    84.4882 
    1.3120    84.7687 
    1.3432    86.2317 
    1.3665    87.7641 
    1.3821    89.1802 
    1.3976    91.3950 
    1.4210    96.5185 
    1.4443   100.3275 
    1.4676   103.5817 
    1.4910   106.4610 
    1.5143   110.3155 
    1.5299   113.3026 
    1.5532   118.9223 
    1.5843   123.8183 
    1.5921   124.8637 
    1.6155   127.9711 
    1.6544   130.0593 
    1.6777   131.0324 
    1.7010   132.0841 
    1.7244   132.8623 
    1.7477   133.6935 
    1.7711   134.7119 
    1.8100   136.4495 
    1.8489   137.1517 
    1.8644   137.3730 
    1.9033   138.0109 
    1.9267   139.2220 
    1.9500   140.7792 
