    0.0000    11.0073 
    0.0200    11.9343 
    0.0400    12.9689 
    0.0600    13.8840 
    0.1000    15.8384 
    0.1400    17.5689 
    0.1800    19.0582 
    0.2200    20.6795 
    0.2600    22.2988 
    0.3000    23.8141 
    0.3400    26.0126 
    0.3800    28.6306 
    0.4000    29.5854 
    0.4600    32.0228 
    0.5200    33.1328 
    0.5600    34.0752 
    0.6200    35.8720 
    0.6400    36.2839 
    0.7200    38.2523 
    0.7800    39.5555 
    0.8200    40.3120 
    0.9200    41.9876 
    1.0200    43.3561 
    1.0600    44.0261 
    1.1600    45.9828 
    1.2200    47.1312 
    1.3000    49.5482 
    1.3800    52.1243 
    1.4600    54.9773 
    1.5600    58.0994 
    1.5800    58.8126 
    1.6000    59.3870 
    1.6200    59.9075 
    1.7000    61.7470 
    1.7800    63.0192 
    1.8600    64.5680 
    1.9200    66.0120 
    1.9800    67.3026 
    2.0400    69.3112 
    2.1000    72.1888 
    2.1600    76.6979 
    2.2400    82.0011 
    2.2600    82.4209 
    2.3400    83.6995 
    2.4000    84.4819 
    2.5000    85.3274 
    2.6000    86.1856 
    2.6600    86.7980 
    2.7400    88.0977 
    2.8200    89.6077 
    2.9000    91.9164 
    2.9800    95.0431 
    3.0600    97.8070 
    3.1400    99.9223 
    3.2200   101.8473 
    3.3000   103.7329 
    3.3800   105.4184 
    3.4800   107.8901 
    3.5000   108.6169 
    3.5800   113.2489 
    3.6600   119.7945 
    3.7400   124.5710 
    3.7600   125.9277 
    3.7800   127.4603 
    3.8800   131.6466 
    3.9600   134.1440 
    4.0200   136.2115 
    4.0600   136.6229 
    4.1600   137.2561 
    4.2600   137.6366 
    4.3600   138.1010 
    4.4600   139.4265 
    4.5600   140.9484 
    4.6000   141.7094 
    4.6600   142.8031 
    4.7400   143.9442 
    4.7600   144.3244 
    4.8400   146.5576 
    4.9200   150.2527 
