    0.0100     1.0798 
    0.0339     3.7657 
    0.0578     6.1639 
    0.0698     7.3568 
    0.1057     9.5339 
    0.1296    10.5994 
    0.1535    11.6768 
    0.1894    13.2222 
    0.2372    15.3244 
    0.2492    15.7804 
    0.3090    17.3988 
    0.3568    18.4800 
    0.4047    19.6145 
    0.4525    20.6952 
    0.5004    21.9245 
    0.5482    22.8301 
    0.6080    24.6245 
    0.6678    26.5866 
    0.6798    27.0549 
    0.7276    30.1947 
    0.7635    32.4218 
    0.7874    33.0198 
    0.8233    35.1021 
    0.8592    38.4620 
    0.8950    42.8153 
    0.9190    45.2190 
    0.9429    47.2691 
    0.9668    50.1388 
    0.9907    53.2644 
    1.0146    56.4093 
    1.0386    58.9398 
    1.0744    61.0949 
    1.1103    62.4302 
    1.1462    63.6615 
    1.1940    65.7036 
    1.2060    66.1041 
    1.2658    67.6866 
    1.3136    69.6366 
    1.3495    71.3050 
    1.3854    73.0547 
    1.4213    75.7991 
    1.4572    79.6640 
    1.5050    82.1429 
    1.5170    82.6223 
    1.5289    83.1017 
    1.5409    83.6223 
    1.5528    84.1808 
    1.6007    85.8561 
    1.6485    87.9589 
    1.6964    91.5201 
    1.7442    97.2971 
    1.7920   101.3593 
    1.8040   102.1101 
    1.8160   102.8610 
    1.8279   103.5817 
    1.8877   106.1722 
    1.9356   108.5701 
    1.9714   110.5844 
    1.9954   111.6599 
    2.0552   114.2494 
    2.0791   116.0424 
    2.1389   120.2664 
    2.1987   123.5196 
    2.2585   128.1951 
    2.2944   130.4763 
    2.3422   133.5684 
    2.4020   136.9846 
    2.4140   137.2895 
    2.4618   139.4443 
    2.4977   142.6896 
    2.5336   144.4864 
    2.5694   146.5909 
    2.6173   151.0872 
    2.6292   152.1999 
