"Lat" "Lon" "Ocean_depth" "d13C" "count" "X_merge" "edgecolor" "weights" "run.no"
60.4 -23.64 1984 0.97 1 "(1, 0, 0, 0.5)" "(1, 0, 0, 0.5)" 4.3 "1"
53.18 -19.15 2472 1.02 1 "(1, 0, 0, 0.5)" "(1, 0, 0, 0.5)" 4.3 "1"
53.54 -20.29 2196 1.13 1 "(1, 0, 0, 0.5)" "(1, 0, 0, 0.5)" 4.3 "1"
54.63 -16.35 2209 0.91 1 "(1, 0, 0, 0.5)" "(1, 0, 0, 0.5)" 4.3 "1"
60.4 -23.64 1984 0.5 1 "(1, 0, 0, 0.5)" "(1, 0, 0, 0.5)" 4.3 "1"
60.4 -23.64 1984 0.74 1 "(1, 0, 0, 0.5)" "(1, 0, 0, 0.5)" 4.3 "1"
57.51 -15.85 1134 0.49 1 "(1, 0, 0, 0.5)" "(1, 0, 0, 0.5)" 4.3 "1"
60.4 -23.64 1984 0.94 1 "(1, 0, 0, 0.5)" "(1, 0, 0, 0.5)" 4.3 "1"
53.18 -19.15 2472 0.98 1 "(1, 0, 0, 0.5)" "(1, 0, 0, 0.5)" 4.3 "1"
60.4 -23.64 1984 0.61 1 "(1, 0, 0, 0.5)" "(1, 0, 0, 0.5)" 4.3 "1"
53.54 -20.29 2196 1 1 "(1, 0, 0, 0.5)" "(1, 0, 0, 0.5)" 4.3 "1"
60.4 -23.64 1984 0.83 2 "(1, 0, 0, 0.5)" "(1, 0, 0, 0.5)" 4.3 "1"
53.18 -19.15 2472 1.05 1 "(1, 0, 0, 0.5)" "(1, 0, 0, 0.5)" 4.3 "1"
61 -24 1650 0.51 1 "(1, 0, 0, 0.5)" "(1, 0, 0, 0.5)" 4.3 "1"
68.033 -6.117 2941 0.91 1 "(0, 0, 1, 0.5)" "(0, 0, 1, 0.5)" 4.3 "1"
-44.15 -14.23 3783 0.47 1 "(0, 0, 1, 0.5)" "(0, 0, 1, 0.5)" 0.7 "1"
-44.15 -14.23 3783 0.26 1 "(0, 0, 1, 0.5)" "(0, 0, 1, 0.5)" 0.7 "1"
-29.51 -8.31 4546 0.38 1 "(0, 0, 1, 0.5)" "(0, 0, 1, 0.5)" 3.5 "1"
-1.34 -11.9733 3911 0.48 1 "(0, 0, 1, 0.5)" "(0, 0, 1, 0.5)" 3.5 "1"
41.75 -47.35 4100 0.52 2 "(0, 0, 1, 0.5)" "(0, 0, 1, 0.5)" 4.9 "1"
33.683333 -57.616667 4584 -0.552 1 "(0, 0, 1, 0.5)" "(0, 0, 1, 0.5)" 4.9 "1"
41.75 -47.35 4100 0.56 1 "(0, 0, 1, 0.5)" "(0, 0, 1, 0.5)" 4.9 "1"
-21.59 5.03 4453 0.15 1 "(0, 0, 1, 0.5)" "(0, 0, 1, 0.5)" 3.5 "1"
-3.82 -14.9 3984 0.62 1 "(0, 0, 1, 0.5)" "(0, 0, 1, 0.5)" 5 "1"
-3.48 -7.6 4033 0.73 1 "(0, 0, 1, 0.5)" "(0, 0, 1, 0.5)" 3.5 "1"
5.91 -44.2 4056 0.84 1 "(0, 0, 1, 0.5)" "(0, 0, 1, 0.5)" 4.9 "1"
41.75 -47.35 4100 0.61 1 "(0, 0, 1, 0.5)" "(0, 0, 1, 0.5)" 4.9 "1"
-40.94 9.89 4621 -0.105 2 "(0, 0, 1, 0.5)" "(0, 0, 1, 0.5)" 0.7 "1"
5.46 -43.75 4012 0.115 2 "(0, 0, 1, 0.5)" "(0, 0, 1, 0.5)" 4.9 "1"
33.683333 -57.616667 4584 0.91 1 "(0, 0, 1, 0.5)" "(0, 0, 1, 0.5)" 4.9 "1"
41.75 -47.35 4100 0.66 2 "(0, 0, 1, 0.5)" "(0, 0, 1, 0.5)" 4.9 "1"
-40.94 9.89 4621 -0.18 1 "(0, 0, 1, 0.5)" "(0, 0, 1, 0.5)" 0.7 "1"
1.66 -10.98 4588 0.69 1 "(0, 0, 1, 0.5)" "(0, 0, 1, 0.5)" 4.3 "1"
5.91 -44.2 4056 0.75 1 "(0, 0, 1, 0.5)" "(0, 0, 1, 0.5)" 4.9 "1"
41.75 -47.35 4100 0.54 2 "(0, 0, 1, 0.5)" "(0, 0, 1, 0.5)" 4.9 "1"
-40.94 9.89 4621 -0.02 1 "(0, 0, 1, 0.5)" "(0, 0, 1, 0.5)" 0.7 "1"
-1.34 -11.9733 3911 0.81 1 "(0, 0, 1, 0.5)" "(0, 0, 1, 0.5)" 3.5 "1"
6.13 -43.44 4503 0.74 1 "(0, 0, 1, 0.5)" "(0, 0, 1, 0.5)" 4.9 "1"
14.42 -20.54 4202 0.89 1 "(0, 0, 1, 0.5)" "(0, 0, 1, 0.5)" 4.3 "1"
33.683333 -57.616667 4584 0.751 1 "(0, 0, 1, 0.5)" "(0, 0, 1, 0.5)" 4.9 "1"
41.75 -47.35 4100 0.8 1 "(0, 0, 1, 0.5)" "(0, 0, 1, 0.5)" 4.9 "1"
-40.94 9.89 4621 0.07 1 "(0, 0, 1, 0.5)" "(0, 0, 1, 0.5)" 0.7 "1"
-3.56 -16.43 4675 0.33 1 "(0, 0, 1, 0.5)" "(0, 0, 1, 0.5)" 5 "1"
41.75 -47.35 4100 0.73 1 "(0, 0, 1, 0.5)" "(0, 0, 1, 0.5)" 4.9 "1"
-40.94 9.89 4621 0 1 "(0, 0, 1, 0.5)" "(0, 0, 1, 0.5)" 0.7 "1"
-3.82 -14.9 3984 0.74 1 "(0, 0, 1, 0.5)" "(0, 0, 1, 0.5)" 5 "1"
33.683333 -57.616667 4584 0.58 1 "(0, 0, 1, 0.5)" "(0, 0, 1, 0.5)" 4.9 "1"
-40.94 9.89 4621 -0.26 1 "(0, 0, 1, 0.5)" "(0, 0, 1, 0.5)" 0.7 "1"
-24.48 7.53 4084 0.39 1 "(0, 0, 1, 0.5)" "(0, 0, 1, 0.5)" 3.5 "1"
5.91 -44.2 4056 1 1 "(0, 0, 1, 0.5)" "(0, 0, 1, 0.5)" 4.9 "1"
41.75 -47.35 4100 0.625 2 "(0, 0, 1, 0.5)" "(0, 0, 1, 0.5)" 4.9 "1"
-29.51 -8.31 4546 0.35 1 "(0, 0, 1, 0.5)" "(0, 0, 1, 0.5)" 3.5 "1"
-3.48 -7.6 4033 0.6 1 "(0, 0, 1, 0.5)" "(0, 0, 1, 0.5)" 3.5 "1"
-1.34 -11.9733 3911 0.35 1 "(0, 0, 1, 0.5)" "(0, 0, 1, 0.5)" 3.5 "1"
41.75 -47.35 4100 0.49 1 "(0, 0, 1, 0.5)" "(0, 0, 1, 0.5)" 4.9 "1"
-31.46 15.31 1372 0.18 1 "(1, 0, 0, 0.5)" "(1, 0, 0, 0.5)" 3.5 "1"
-36.2667 19.475 2488 0.65 1 "(1, 0, 0, 0.5)" "(1, 0, 0, 0.5)" 3.5 "1"
40.05 -32 2475 0.96 2 "(1, 0, 0, 0.5)" "(1, 0, 0, 0.5)" 4.3 "1"
-20.1 9.19 2209 0.64 1 "(1, 0, 0, 0.5)" "(1, 0, 0, 0.5)" 3.5 "1"
29.98 -10.65 1512 0.94 1 "(1, 0, 0, 0.5)" "(1, 0, 0, 0.5)" 4.3 "1"
30.63 -12.4 2324 0.69 1 "(1, 0, 0, 0.5)" "(1, 0, 0, 0.5)" 4.3 "1"
-31.46 15.31 1372 0.24 1 "(1, 0, 0, 0.5)" "(1, 0, 0, 0.5)" 3.5 "1"
34.89 -7.82 2022 1.01 1 "(1, 0, 0, 0.5)" "(1, 0, 0, 0.5)" 4.3 "1"
40.05 -32 2475 0.9 1 "(1, 0, 0, 0.5)" "(1, 0, 0, 0.5)" 4.3 "1"
-20.1 9.19 2209 0.53 1 "(1, 0, 0, 0.5)" "(1, 0, 0, 0.5)" 3.5 "1"
-36.2667 19.475 2488 0.57 1 "(1, 0, 0, 0.5)" "(1, 0, 0, 0.5)" 3.5 "1"
40.05 -32 2475 0.89 2 "(1, 0, 0, 0.5)" "(1, 0, 0, 0.5)" 4.3 "1"
30.63 -12.4 2324 0.84 1 "(1, 0, 0, 0.5)" "(1, 0, 0, 0.5)" 4.3 "1"
40.05 -32 2475 1.02 1 "(1, 0, 0, 0.5)" "(1, 0, 0, 0.5)" 4.3 "1"
-31.46 15.31 1372 0.08 1 "(1, 0, 0, 0.5)" "(1, 0, 0, 0.5)" 3.5 "1"
40.05 -32 2475 0.995 2 "(1, 0, 0, 0.5)" "(1, 0, 0, 0.5)" 4.3 "1"
-10.07 -12.82 2630 0.69 1 "(0, 0, 1, 0.5)" "(0, 0, 1, 0.5)" 3.5 "1"
-1.67 -12.43 3225 0.69 1 "(0, 0, 1, 0.5)" "(0, 0, 1, 0.5)" 3.5 "1"
25.17 -16.85 2573 0.82 1 "(0, 0, 1, 0.5)" "(0, 0, 1, 0.5)" 4.3 "1"
37.799833 -10.1665 3146 0.78 1 "(0, 0, 1, 0.5)" "(0, 0, 1, 0.5)" 4.3 "1"
49.87776 -24.23811 3871 0.865 2 "(0, 0, 1, 0.5)" "(0, 0, 1, 0.5)" 4.3 "1"
49.88 -24.24 3883 0.915 2 "(0, 0, 1, 0.5)" "(0, 0, 1, 0.5)" 4.3 "1"
-27.91 -45.88 2504 0.84 1 "(0, 0, 1, 0.5)" "(0, 0, 1, 0.5)" 5 "1"
-22.33 11.2 3204 0.43 1 "(0, 0, 1, 0.5)" "(0, 0, 1, 0.5)" 3.5 "1"
25.17 -16.85 2573 0.86 1 "(0, 0, 1, 0.5)" "(0, 0, 1, 0.5)" 4.3 "1"
31.41415 -75.25807 3000 0.38 1 "(0, 0, 1, 0.5)" "(0, 0, 1, 0.5)" 4.9 "1"
37.799833 -10.1665 3146 0.8 1 "(0, 0, 1, 0.5)" "(0, 0, 1, 0.5)" 4.3 "1"
44.36 -26.54 3050 1 1 "(0, 0, 1, 0.5)" "(0, 0, 1, 0.5)" 4.3 "1"
49.87776 -24.23811 3871 0.82 1 "(0, 0, 1, 0.5)" "(0, 0, 1, 0.5)" 4.3 "1"
49.88 -24.24 3883 0.83 1 "(0, 0, 1, 0.5)" "(0, 0, 1, 0.5)" 4.3 "1"
-23.43 11.7 2987 0.46 1 "(0, 0, 1, 0.5)" "(0, 0, 1, 0.5)" 3.5 "1"
3.72 -42.91 3598 0.55 1 "(0, 0, 1, 0.5)" "(0, 0, 1, 0.5)" 4.9 "1"
37.799833 -10.1665 3146 0.85 1 "(0, 0, 1, 0.5)" "(0, 0, 1, 0.5)" 4.3 "1"
45.63 -22.75 3625 0.67 1 "(0, 0, 1, 0.5)" "(0, 0, 1, 0.5)" 4.3 "1"
49.87776 -24.23811 3871 0.92 2 "(0, 0, 1, 0.5)" "(0, 0, 1, 0.5)" 4.3 "1"
49.88 -24.24 3883 0.94 1 "(0, 0, 1, 0.5)" "(0, 0, 1, 0.5)" 4.3 "1"
31.41415 -75.25807 3000 0.86 1 "(0, 0, 1, 0.5)" "(0, 0, 1, 0.5)" 4.9 "1"
37.799833 -10.1665 3146 0.73 1 "(0, 0, 1, 0.5)" "(0, 0, 1, 0.5)" 4.3 "1"
44.07 -40.02 3645 1.07 1 "(0, 0, 1, 0.5)" "(0, 0, 1, 0.5)" 4.9 "1"
49.87776 -24.23811 3871 0.88 2 "(0, 0, 1, 0.5)" "(0, 0, 1, 0.5)" 4.3 "1"
49.88 -24.24 3883 0.82 1 "(0, 0, 1, 0.5)" "(0, 0, 1, 0.5)" 4.3 "1"
-22.33 11.2 3204 0.44 1 "(0, 0, 1, 0.5)" "(0, 0, 1, 0.5)" 3.5 "1"
-9.55 -34.25 3797 0.28 1 "(0, 0, 1, 0.5)" "(0, 0, 1, 0.5)" 5 "1"
4.2 -43.49 3040 0.45 1 "(0, 0, 1, 0.5)" "(0, 0, 1, 0.5)" 4.9 "1"
11.65 -80.13 3237 0.702 1 "(0, 0, 1, 0.5)" "(0, 0, 1, 0.5)" 4.9 "1"
37.799833 -10.1665 3146 0.8 1 "(0, 0, 1, 0.5)" "(0, 0, 1, 0.5)" 4.3 "1"
49.87776 -24.23811 3871 0.92 1 "(0, 0, 1, 0.5)" "(0, 0, 1, 0.5)" 4.3 "1"
49.88 -24.24 3883 0.92 1 "(0, 0, 1, 0.5)" "(0, 0, 1, 0.5)" 4.3 "1"
-24.69 7.24 3210 0.42 1 "(0, 0, 1, 0.5)" "(0, 0, 1, 0.5)" 3.5 "1"
-5.78 -10.75 3125 0.88 1 "(0, 0, 1, 0.5)" "(0, 0, 1, 0.5)" 3.5 "1"
-2.2 5.1 3891 0.73 1 "(0, 0, 1, 0.5)" "(0, 0, 1, 0.5)" 3.5 "1"
-1.67 -12.43 3225 0.77 1 "(0, 0, 1, 0.5)" "(0, 0, 1, 0.5)" 3.5 "1"
0.11 -23.23 3806 0.94 1 "(0, 0, 1, 0.5)" "(0, 0, 1, 0.5)" 4.3 "1"
5.67 -19.85 2862 0.93 1 "(0, 0, 1, 0.5)" "(0, 0, 1, 0.5)" 4.3 "1"
31.41415 -75.25807 3000 0.7 1 "(0, 0, 1, 0.5)" "(0, 0, 1, 0.5)" 4.9 "1"
37.799833 -10.1665 3146 0.82 1 "(0, 0, 1, 0.5)" "(0, 0, 1, 0.5)" 4.3 "1"
49.88 -24.24 3883 0.715 2 "(0, 0, 1, 0.5)" "(0, 0, 1, 0.5)" 4.3 "1"
-23.43 11.7 2987 0.2 1 "(0, 0, 1, 0.5)" "(0, 0, 1, 0.5)" 3.5 "1"
-21.74 5.42 3772 0.51 1 "(0, 0, 1, 0.5)" "(0, 0, 1, 0.5)" 3.5 "1"
-10.07 -12.82 2630 0.97 1 "(0, 0, 1, 0.5)" "(0, 0, 1, 0.5)" 3.5 "1"
31.41415 -75.25807 3000 0.41 1 "(0, 0, 1, 0.5)" "(0, 0, 1, 0.5)" 4.9 "1"
37.799833 -10.1665 3146 0.77 1 "(0, 0, 1, 0.5)" "(0, 0, 1, 0.5)" 4.3 "1"
44.07 -40.02 3645 1.05 1 "(0, 0, 1, 0.5)" "(0, 0, 1, 0.5)" 4.9 "1"
49.88 -24.24 3883 0.9 2 "(0, 0, 1, 0.5)" "(0, 0, 1, 0.5)" 4.3 "1"
11.65 -80.13 3237 0.705 1 "(0, 0, 1, 0.5)" "(0, 0, 1, 0.5)" 4.9 "1"
37.799833 -10.1665 3146 0.67 1 "(0, 0, 1, 0.5)" "(0, 0, 1, 0.5)" 4.3 "1"
49.88 -24.24 3883 0.9 2 "(0, 0, 1, 0.5)" "(0, 0, 1, 0.5)" 4.3 "1"
-27.91 -45.88 2504 0.5 1 "(0, 0, 1, 0.5)" "(0, 0, 1, 0.5)" 5 "1"
-22.33 11.2 3204 0.48 1 "(0, 0, 1, 0.5)" "(0, 0, 1, 0.5)" 3.5 "1"
-9.55 -34.25 3797 0.09 1 "(0, 0, 1, 0.5)" "(0, 0, 1, 0.5)" 5 "1"
31.41415 -75.25807 3000 0.64 1 "(0, 0, 1, 0.5)" "(0, 0, 1, 0.5)" 4.9 "1"
37.799833 -10.1665 3146 0.55 1 "(0, 0, 1, 0.5)" "(0, 0, 1, 0.5)" 4.3 "1"
49.88 -24.24 3883 0.84 2 "(0, 0, 1, 0.5)" "(0, 0, 1, 0.5)" 4.3 "1"
25.17 -16.85 2573 0.83 3 "(0, 0, 1, 0.5)" "(0, 0, 1, 0.5)" 4.3 "1"
49.88 -24.24 3883 0.755 2 "(0, 0, 1, 0.5)" "(0, 0, 1, 0.5)" 4.3 "1"
60.4 -23.64 1984 0.97 1 "(1, 0, 0, 0.5)" "(1, 0, 0, 0.5)" 4.3 "2"
53.18 -19.15 2472 1.02 1 "(1, 0, 0, 0.5)" "(1, 0, 0, 0.5)" 4.3 "2"
53.54 -20.29 2196 1.13 1 "(1, 0, 0, 0.5)" "(1, 0, 0, 0.5)" 4.3 "2"
54.63 -16.35 2209 0.91 1 "(1, 0, 0, 0.5)" "(1, 0, 0, 0.5)" 4.3 "2"
60.4 -23.64 1984 0.5 1 "(1, 0, 0, 0.5)" "(1, 0, 0, 0.5)" 4.3 "2"
60.4 -23.64 1984 0.74 1 "(1, 0, 0, 0.5)" "(1, 0, 0, 0.5)" 4.3 "2"
57.51 -15.85 1134 0.49 1 "(1, 0, 0, 0.5)" "(1, 0, 0, 0.5)" 4.3 "2"
60.4 -23.64 1984 0.94 1 "(1, 0, 0, 0.5)" "(1, 0, 0, 0.5)" 4.3 "2"
53.18 -19.15 2472 0.98 1 "(1, 0, 0, 0.5)" "(1, 0, 0, 0.5)" 4.3 "2"
60.4 -23.64 1984 0.61 1 "(1, 0, 0, 0.5)" "(1, 0, 0, 0.5)" 4.3 "2"
53.54 -20.29 2196 1 1 "(1, 0, 0, 0.5)" "(1, 0, 0, 0.5)" 4.3 "2"
60.4 -23.64 1984 0.83 2 "(1, 0, 0, 0.5)" "(1, 0, 0, 0.5)" 4.3 "2"
53.18 -19.15 2472 1.05 1 "(1, 0, 0, 0.5)" "(1, 0, 0, 0.5)" 4.3 "2"
61 -24 1650 0.51 1 "(1, 0, 0, 0.5)" "(1, 0, 0, 0.5)" 4.3 "2"
68.033 -6.117 2941 0.91 1 "(0, 0, 1, 0.5)" "(0, 0, 1, 0.5)" 4.3 "2"
-44.15 -14.23 3783 0.47 1 "(0, 0, 1, 0.5)" "(0, 0, 1, 0.5)" 0.7 "2"
-44.15 -14.23 3783 0.26 1 "(0, 0, 1, 0.5)" "(0, 0, 1, 0.5)" 0.7 "2"
-31.46 15.31 1372 0.18 1 "(1, 0, 0, 0.5)" "(1, 0, 0, 0.5)" 3.5 "2"
-36.2667 19.475 2488 0.65 1 "(1, 0, 0, 0.5)" "(1, 0, 0, 0.5)" 3.5 "2"
40.05 -32 2475 0.96 2 "(1, 0, 0, 0.5)" "(1, 0, 0, 0.5)" 4.3 "2"
-20.1 9.19 2209 0.64 1 "(1, 0, 0, 0.5)" "(1, 0, 0, 0.5)" 3.5 "2"
29.98 -10.65 1512 0.94 1 "(1, 0, 0, 0.5)" "(1, 0, 0, 0.5)" 4.3 "2"
30.63 -12.4 2324 0.69 1 "(1, 0, 0, 0.5)" "(1, 0, 0, 0.5)" 4.3 "2"
-31.46 15.31 1372 0.24 1 "(1, 0, 0, 0.5)" "(1, 0, 0, 0.5)" 3.5 "2"
34.89 -7.82 2022 1.01 1 "(1, 0, 0, 0.5)" "(1, 0, 0, 0.5)" 4.3 "2"
40.05 -32 2475 0.9 1 "(1, 0, 0, 0.5)" "(1, 0, 0, 0.5)" 4.3 "2"
-20.1 9.19 2209 0.53 1 "(1, 0, 0, 0.5)" "(1, 0, 0, 0.5)" 3.5 "2"
-36.2667 19.475 2488 0.57 1 "(1, 0, 0, 0.5)" "(1, 0, 0, 0.5)" 3.5 "2"
40.05 -32 2475 0.89 2 "(1, 0, 0, 0.5)" "(1, 0, 0, 0.5)" 4.3 "2"
30.63 -12.4 2324 0.84 1 "(1, 0, 0, 0.5)" "(1, 0, 0, 0.5)" 4.3 "2"
40.05 -32 2475 1.02 1 "(1, 0, 0, 0.5)" "(1, 0, 0, 0.5)" 4.3 "2"
-31.46 15.31 1372 0.08 1 "(1, 0, 0, 0.5)" "(1, 0, 0, 0.5)" 3.5 "2"
40.05 -32 2475 0.995 2 "(1, 0, 0, 0.5)" "(1, 0, 0, 0.5)" 4.3 "2"
-29.51 -8.31 4546 0.38 1 "(0, 0, 1, 0.5)" "(0, 0, 1, 0.5)" 3.5 "2"
-10.07 -12.82 2630 0.69 1 "(0, 0, 1, 0.5)" "(0, 0, 1, 0.5)" 3.5 "2"
-1.67 -12.43 3225 0.69 1 "(0, 0, 1, 0.5)" "(0, 0, 1, 0.5)" 3.5 "2"
-1.34 -11.9733 3911 0.48 1 "(0, 0, 1, 0.5)" "(0, 0, 1, 0.5)" 3.5 "2"
25.17 -16.85 2573 0.82 1 "(0, 0, 1, 0.5)" "(0, 0, 1, 0.5)" 4.3 "2"
37.799833 -10.1665 3146 0.78 1 "(0, 0, 1, 0.5)" "(0, 0, 1, 0.5)" 4.3 "2"
41.75 -47.35 4100 0.52 2 "(0, 0, 1, 0.5)" "(0, 0, 1, 0.5)" 4.9 "2"
49.87776 -24.23811 3871 0.865 2 "(0, 0, 1, 0.5)" "(0, 0, 1, 0.5)" 4.3 "2"
49.88 -24.24 3883 0.915 2 "(0, 0, 1, 0.5)" "(0, 0, 1, 0.5)" 4.3 "2"
-27.91 -45.88 2504 0.84 1 "(0, 0, 1, 0.5)" "(0, 0, 1, 0.5)" 5 "2"
-22.33 11.2 3204 0.43 1 "(0, 0, 1, 0.5)" "(0, 0, 1, 0.5)" 3.5 "2"
25.17 -16.85 2573 0.86 1 "(0, 0, 1, 0.5)" "(0, 0, 1, 0.5)" 4.3 "2"
31.41415 -75.25807 3000 0.38 1 "(0, 0, 1, 0.5)" "(0, 0, 1, 0.5)" 4.9 "2"
33.683333 -57.616667 4584 -0.552 1 "(0, 0, 1, 0.5)" "(0, 0, 1, 0.5)" 4.9 "2"
37.799833 -10.1665 3146 0.8 1 "(0, 0, 1, 0.5)" "(0, 0, 1, 0.5)" 4.3 "2"
41.75 -47.35 4100 0.56 1 "(0, 0, 1, 0.5)" "(0, 0, 1, 0.5)" 4.9 "2"
44.36 -26.54 3050 1 1 "(0, 0, 1, 0.5)" "(0, 0, 1, 0.5)" 4.3 "2"
49.87776 -24.23811 3871 0.82 1 "(0, 0, 1, 0.5)" "(0, 0, 1, 0.5)" 4.3 "2"
49.88 -24.24 3883 0.83 1 "(0, 0, 1, 0.5)" "(0, 0, 1, 0.5)" 4.3 "2"
-23.43 11.7 2987 0.46 1 "(0, 0, 1, 0.5)" "(0, 0, 1, 0.5)" 3.5 "2"
-21.59 5.03 4453 0.15 1 "(0, 0, 1, 0.5)" "(0, 0, 1, 0.5)" 3.5 "2"
-3.82 -14.9 3984 0.62 1 "(0, 0, 1, 0.5)" "(0, 0, 1, 0.5)" 5 "2"
-3.48 -7.6 4033 0.73 1 "(0, 0, 1, 0.5)" "(0, 0, 1, 0.5)" 3.5 "2"
3.72 -42.91 3598 0.55 1 "(0, 0, 1, 0.5)" "(0, 0, 1, 0.5)" 4.9 "2"
5.91 -44.2 4056 0.84 1 "(0, 0, 1, 0.5)" "(0, 0, 1, 0.5)" 4.9 "2"
37.799833 -10.1665 3146 0.85 1 "(0, 0, 1, 0.5)" "(0, 0, 1, 0.5)" 4.3 "2"
41.75 -47.35 4100 0.61 1 "(0, 0, 1, 0.5)" "(0, 0, 1, 0.5)" 4.9 "2"
45.63 -22.75 3625 0.67 1 "(0, 0, 1, 0.5)" "(0, 0, 1, 0.5)" 4.3 "2"
49.87776 -24.23811 3871 0.92 2 "(0, 0, 1, 0.5)" "(0, 0, 1, 0.5)" 4.3 "2"
49.88 -24.24 3883 0.94 1 "(0, 0, 1, 0.5)" "(0, 0, 1, 0.5)" 4.3 "2"
-40.94 9.89 4621 -0.105 2 "(0, 0, 1, 0.5)" "(0, 0, 1, 0.5)" 0.7 "2"
5.46 -43.75 4012 0.115 2 "(0, 0, 1, 0.5)" "(0, 0, 1, 0.5)" 4.9 "2"
31.41415 -75.25807 3000 0.86 1 "(0, 0, 1, 0.5)" "(0, 0, 1, 0.5)" 4.9 "2"
33.683333 -57.616667 4584 0.91 1 "(0, 0, 1, 0.5)" "(0, 0, 1, 0.5)" 4.9 "2"
37.799833 -10.1665 3146 0.73 1 "(0, 0, 1, 0.5)" "(0, 0, 1, 0.5)" 4.3 "2"
41.75 -47.35 4100 0.66 2 "(0, 0, 1, 0.5)" "(0, 0, 1, 0.5)" 4.9 "2"
44.07 -40.02 3645 1.07 1 "(0, 0, 1, 0.5)" "(0, 0, 1, 0.5)" 4.9 "2"
49.87776 -24.23811 3871 0.88 2 "(0, 0, 1, 0.5)" "(0, 0, 1, 0.5)" 4.3 "2"
49.88 -24.24 3883 0.82 1 "(0, 0, 1, 0.5)" "(0, 0, 1, 0.5)" 4.3 "2"
-40.94 9.89 4621 -0.18 1 "(0, 0, 1, 0.5)" "(0, 0, 1, 0.5)" 0.7 "2"
-22.33 11.2 3204 0.44 1 "(0, 0, 1, 0.5)" "(0, 0, 1, 0.5)" 3.5 "2"
-9.55 -34.25 3797 0.28 1 "(0, 0, 1, 0.5)" "(0, 0, 1, 0.5)" 5 "2"
1.66 -10.98 4588 0.69 1 "(0, 0, 1, 0.5)" "(0, 0, 1, 0.5)" 4.3 "2"
4.2 -43.49 3040 0.45 1 "(0, 0, 1, 0.5)" "(0, 0, 1, 0.5)" 4.9 "2"
5.91 -44.2 4056 0.75 1 "(0, 0, 1, 0.5)" "(0, 0, 1, 0.5)" 4.9 "2"
11.65 -80.13 3237 0.702 1 "(0, 0, 1, 0.5)" "(0, 0, 1, 0.5)" 4.9 "2"
37.799833 -10.1665 3146 0.8 1 "(0, 0, 1, 0.5)" "(0, 0, 1, 0.5)" 4.3 "2"
41.75 -47.35 4100 0.54 2 "(0, 0, 1, 0.5)" "(0, 0, 1, 0.5)" 4.9 "2"
49.87776 -24.23811 3871 0.92 1 "(0, 0, 1, 0.5)" "(0, 0, 1, 0.5)" 4.3 "2"
49.88 -24.24 3883 0.92 1 "(0, 0, 1, 0.5)" "(0, 0, 1, 0.5)" 4.3 "2"
-40.94 9.89 4621 -0.02 1 "(0, 0, 1, 0.5)" "(0, 0, 1, 0.5)" 0.7 "2"
-24.69 7.24 3210 0.42 1 "(0, 0, 1, 0.5)" "(0, 0, 1, 0.5)" 3.5 "2"
-5.78 -10.75 3125 0.88 1 "(0, 0, 1, 0.5)" "(0, 0, 1, 0.5)" 3.5 "2"
-2.2 5.1 3891 0.73 1 "(0, 0, 1, 0.5)" "(0, 0, 1, 0.5)" 3.5 "2"
-1.67 -12.43 3225 0.77 1 "(0, 0, 1, 0.5)" "(0, 0, 1, 0.5)" 3.5 "2"
-1.34 -11.9733 3911 0.81 1 "(0, 0, 1, 0.5)" "(0, 0, 1, 0.5)" 3.5 "2"
0.11 -23.23 3806 0.94 1 "(0, 0, 1, 0.5)" "(0, 0, 1, 0.5)" 4.3 "2"
5.67 -19.85 2862 0.93 1 "(0, 0, 1, 0.5)" "(0, 0, 1, 0.5)" 4.3 "2"
6.13 -43.44 4503 0.74 1 "(0, 0, 1, 0.5)" "(0, 0, 1, 0.5)" 4.9 "2"
14.42 -20.54 4202 0.89 1 "(0, 0, 1, 0.5)" "(0, 0, 1, 0.5)" 4.3 "2"
31.41415 -75.25807 3000 0.7 1 "(0, 0, 1, 0.5)" "(0, 0, 1, 0.5)" 4.9 "2"
33.683333 -57.616667 4584 0.751 1 "(0, 0, 1, 0.5)" "(0, 0, 1, 0.5)" 4.9 "2"
37.799833 -10.1665 3146 0.82 1 "(0, 0, 1, 0.5)" "(0, 0, 1, 0.5)" 4.3 "2"
41.75 -47.35 4100 0.8 1 "(0, 0, 1, 0.5)" "(0, 0, 1, 0.5)" 4.9 "2"
49.88 -24.24 3883 0.715 2 "(0, 0, 1, 0.5)" "(0, 0, 1, 0.5)" 4.3 "2"
-40.94 9.89 4621 0.07 1 "(0, 0, 1, 0.5)" "(0, 0, 1, 0.5)" 0.7 "2"
-23.43 11.7 2987 0.2 1 "(0, 0, 1, 0.5)" "(0, 0, 1, 0.5)" 3.5 "2"
-21.74 5.42 3772 0.51 1 "(0, 0, 1, 0.5)" "(0, 0, 1, 0.5)" 3.5 "2"
-10.07 -12.82 2630 0.97 1 "(0, 0, 1, 0.5)" "(0, 0, 1, 0.5)" 3.5 "2"
-3.56 -16.43 4675 0.33 1 "(0, 0, 1, 0.5)" "(0, 0, 1, 0.5)" 5 "2"
31.41415 -75.25807 3000 0.41 1 "(0, 0, 1, 0.5)" "(0, 0, 1, 0.5)" 4.9 "2"
37.799833 -10.1665 3146 0.77 1 "(0, 0, 1, 0.5)" "(0, 0, 1, 0.5)" 4.3 "2"
41.75 -47.35 4100 0.73 1 "(0, 0, 1, 0.5)" "(0, 0, 1, 0.5)" 4.9 "2"
44.07 -40.02 3645 1.05 1 "(0, 0, 1, 0.5)" "(0, 0, 1, 0.5)" 4.9 "2"
49.88 -24.24 3883 0.9 2 "(0, 0, 1, 0.5)" "(0, 0, 1, 0.5)" 4.3 "2"
-40.94 9.89 4621 0 1 "(0, 0, 1, 0.5)" "(0, 0, 1, 0.5)" 0.7 "2"
-3.82 -14.9 3984 0.74 1 "(0, 0, 1, 0.5)" "(0, 0, 1, 0.5)" 5 "2"
11.65 -80.13 3237 0.705 1 "(0, 0, 1, 0.5)" "(0, 0, 1, 0.5)" 4.9 "2"
33.683333 -57.616667 4584 0.58 1 "(0, 0, 1, 0.5)" "(0, 0, 1, 0.5)" 4.9 "2"
37.799833 -10.1665 3146 0.67 1 "(0, 0, 1, 0.5)" "(0, 0, 1, 0.5)" 4.3 "2"
49.88 -24.24 3883 0.9 2 "(0, 0, 1, 0.5)" "(0, 0, 1, 0.5)" 4.3 "2"
-40.94 9.89 4621 -0.26 1 "(0, 0, 1, 0.5)" "(0, 0, 1, 0.5)" 0.7 "2"
-27.91 -45.88 2504 0.5 1 "(0, 0, 1, 0.5)" "(0, 0, 1, 0.5)" 5 "2"
-24.48 7.53 4084 0.39 1 "(0, 0, 1, 0.5)" "(0, 0, 1, 0.5)" 3.5 "2"
-22.33 11.2 3204 0.48 1 "(0, 0, 1, 0.5)" "(0, 0, 1, 0.5)" 3.5 "2"
-9.55 -34.25 3797 0.09 1 "(0, 0, 1, 0.5)" "(0, 0, 1, 0.5)" 5 "2"
5.91 -44.2 4056 1 1 "(0, 0, 1, 0.5)" "(0, 0, 1, 0.5)" 4.9 "2"
31.41415 -75.25807 3000 0.64 1 "(0, 0, 1, 0.5)" "(0, 0, 1, 0.5)" 4.9 "2"
37.799833 -10.1665 3146 0.55 1 "(0, 0, 1, 0.5)" "(0, 0, 1, 0.5)" 4.3 "2"
41.75 -47.35 4100 0.625 2 "(0, 0, 1, 0.5)" "(0, 0, 1, 0.5)" 4.9 "2"
49.88 -24.24 3883 0.84 2 "(0, 0, 1, 0.5)" "(0, 0, 1, 0.5)" 4.3 "2"
-29.51 -8.31 4546 0.35 1 "(0, 0, 1, 0.5)" "(0, 0, 1, 0.5)" 3.5 "2"
-3.48 -7.6 4033 0.6 1 "(0, 0, 1, 0.5)" "(0, 0, 1, 0.5)" 3.5 "2"
-1.34 -11.9733 3911 0.35 1 "(0, 0, 1, 0.5)" "(0, 0, 1, 0.5)" 3.5 "2"
25.17 -16.85 2573 0.83 3 "(0, 0, 1, 0.5)" "(0, 0, 1, 0.5)" 4.3 "2"
41.75 -47.35 4100 0.49 1 "(0, 0, 1, 0.5)" "(0, 0, 1, 0.5)" 4.9 "2"
49.88 -24.24 3883 0.755 2 "(0, 0, 1, 0.5)" "(0, 0, 1, 0.5)" 4.3 "2"
