"Lat" "Lon" "Ocean_depth" "d13C" "count" "stdev" "run.no"
56.16 -31.99 2295 0.9 1 NA "1"
53.54 -20.29 2196 0.88 1 NA "1"
53.18 -19.15 2472 0.8 1 NA "1"
57.51 -15.85 1134 0.3 1 NA "1"
60.4 -23.64 1984 0.91 1 NA "1"
61 -24 1650 -1.17 1 NA "1"
61 -21 2658 0.93 1 NA "1"
-40.94 9.89 4621 -0.4025 4 0.185180092522568 "1"
-44.15 -14.23 3783 0.31 1 NA "1"
5.91 -44.2 4056 1.1 1 NA "1"
-3.48 -7.6 4033 0.71 1 NA "1"
1.66 -10.98 4588 0.78 1 NA "1"
-5.78 -10.75 3125 0.68 1 NA "1"
-3.56 -16.43 4675 0.03 1 NA "1"
-23.43 11.7 2987 0.39 1 NA "1"
30.63 -12.4 2324 0.72 1 NA "1"
25.17 -16.85 2573 0.703333333333333 3 0.0351188458428424 "1"
5.67 -19.85 2862 0.84 1 NA "1"
49.88 -24.24 3883 0.594 5 0.224899977767896 "1"
-31.46 15.31 1372 0.23 1 NA "1"
-22.33 11.2 3204 0.51 1 NA "1"
40.05 -32 2475 0.870443333333333 3 0.185707516361975 "1"
44.07 -40.02 3645 0.94 1 NA "1"
41.75 -47.35 4100 0.386 5 0.272635287517959 "1"
-20.1 9.19 2209 0.45 1 NA "1"
-27.91 -45.88 2504 0.44 1 NA "1"
-29.51 -8.31 4546 0.14 1 NA "1"
6.13 -43.44 4503 -0.34 1 NA "1"
-1.34 -11.9733 3911 0.23 1 NA "1"
31.41415 -75.25807 3000 0.75 2 0.197989898732233 "1"
37.799833 -10.1665 3146 0.28 4 0.122474487139159 "1"
33.683333 -57.616667 4584 0.5835 2 0.311834090503267 "1"
49.87776 -24.23811 3871 0.592 10 0.311334047108389 "1"
56.16 -31.99 2295 0.9 1 NA "2"
53.54 -20.29 2196 0.88 1 NA "2"
53.18 -19.15 2472 0.8 1 NA "2"
57.51 -15.85 1134 0.3 1 NA "2"
60.4 -23.64 1984 0.91 1 NA "2"
61 -24 1650 -1.17 1 NA "2"
61 -21 2658 0.93 1 NA "2"
-40.94 9.89 4621 -0.4025 4 0.185180092522568 "2"
-44.15 -14.23 3783 0.31 1 NA "2"
5.91 -44.2 4056 1.1 1 NA "2"
-3.48 -7.6 4033 0.71 1 NA "2"
1.66 -10.98 4588 0.78 1 NA "2"
-5.78 -10.75 3125 0.68 1 NA "2"
-3.56 -16.43 4675 0.03 1 NA "2"
-23.43 11.7 2987 0.39 1 NA "2"
30.63 -12.4 2324 0.72 1 NA "2"
25.17 -16.85 2573 0.703333333333333 3 0.0351188458428424 "2"
5.67 -19.85 2862 0.84 1 NA "2"
49.88 -24.24 3883 0.594 5 0.224899977767896 "2"
-31.46 15.31 1372 0.23 1 NA "2"
-22.33 11.2 3204 0.51 1 NA "2"
40.05 -32 2475 0.870443333333333 3 0.185707516361975 "2"
44.07 -40.02 3645 0.94 1 NA "2"
41.75 -47.35 4100 0.386 5 0.272635287517959 "2"
-20.1 9.19 2209 0.45 1 NA "2"
-27.91 -45.88 2504 0.44 1 NA "2"
-29.51 -8.31 4546 0.14 1 NA "2"
6.13 -43.44 4503 -0.34 1 NA "2"
-1.34 -11.9733 3911 0.23 1 NA "2"
31.41415 -75.25807 3000 0.75 2 0.197989898732233 "2"
37.799833 -10.1665 3146 0.28 4 0.122474487139159 "2"
33.683333 -57.616667 4584 0.5835 2 0.311834090503267 "2"
49.87776 -24.23811 3871 0.592 10 0.311334047108389 "2"
56.16 -31.99 2295 0.9 1 NA "3"
53.54 -20.29 2196 0.88 1 NA "3"
53.18 -19.15 2472 0.8 1 NA "3"
57.51 -15.85 1134 0.3 1 NA "3"
60.4 -23.64 1984 0.91 1 NA "3"
61 -24 1650 -1.17 1 NA "3"
61 -21 2658 0.93 1 NA "3"
-40.94 9.89 4621 -0.4025 4 0.185180092522568 "3"
-44.15 -14.23 3783 0.31 1 NA "3"
5.91 -44.2 4056 1.1 1 NA "3"
-3.48 -7.6 4033 0.71 1 NA "3"
1.66 -10.98 4588 0.78 1 NA "3"
-5.78 -10.75 3125 0.68 1 NA "3"
-3.56 -16.43 4675 0.03 1 NA "3"
-23.43 11.7 2987 0.39 1 NA "3"
30.63 -12.4 2324 0.72 1 NA "3"
25.17 -16.85 2573 0.703333333333333 3 0.0351188458428424 "3"
5.67 -19.85 2862 0.84 1 NA "3"
49.88 -24.24 3883 0.594 5 0.224899977767896 "3"
-31.46 15.31 1372 0.23 1 NA "3"
-22.33 11.2 3204 0.51 1 NA "3"
40.05 -32 2475 0.870443333333333 3 0.185707516361975 "3"
44.07 -40.02 3645 0.94 1 NA "3"
41.75 -47.35 4100 0.386 5 0.272635287517959 "3"
-20.1 9.19 2209 0.45 1 NA "3"
-27.91 -45.88 2504 0.44 1 NA "3"
-29.51 -8.31 4546 0.14 1 NA "3"
6.13 -43.44 4503 -0.34 1 NA "3"
-1.34 -11.9733 3911 0.23 1 NA "3"
31.41415 -75.25807 3000 0.75 2 0.197989898732233 "3"
37.799833 -10.1665 3146 0.28 4 0.122474487139159 "3"
33.683333 -57.616667 4584 0.5835 2 0.311834090503267 "3"
49.87776 -24.23811 3871 0.592 10 0.311334047108389 "3"
56.16 -31.99 2295 0.9 1 NA "4"
53.54 -20.29 2196 0.88 1 NA "4"
53.18 -19.15 2472 0.8 1 NA "4"
57.51 -15.85 1134 0.3 1 NA "4"
60.4 -23.64 1984 0.91 1 NA "4"
61 -24 1650 -1.17 1 NA "4"
61 -21 2658 0.93 1 NA "4"
-40.94 9.89 4621 -0.4025 4 0.185180092522568 "4"
-44.15 -14.23 3783 0.31 1 NA "4"
5.91 -44.2 4056 1.1 1 NA "4"
-3.48 -7.6 4033 0.71 1 NA "4"
1.66 -10.98 4588 0.78 1 NA "4"
-5.78 -10.75 3125 0.68 1 NA "4"
-3.56 -16.43 4675 0.03 1 NA "4"
-23.43 11.7 2987 0.39 1 NA "4"
30.63 -12.4 2324 0.72 1 NA "4"
25.17 -16.85 2573 0.703333333333333 3 0.0351188458428424 "4"
5.67 -19.85 2862 0.84 1 NA "4"
49.88 -24.24 3883 0.594 5 0.224899977767896 "4"
-31.46 15.31 1372 0.23 1 NA "4"
-22.33 11.2 3204 0.51 1 NA "4"
40.05 -32 2475 0.870443333333333 3 0.185707516361975 "4"
44.07 -40.02 3645 0.94 1 NA "4"
41.75 -47.35 4100 0.386 5 0.272635287517959 "4"
-20.1 9.19 2209 0.45 1 NA "4"
-27.91 -45.88 2504 0.44 1 NA "4"
-29.51 -8.31 4546 0.14 1 NA "4"
6.13 -43.44 4503 -0.34 1 NA "4"
-1.34 -11.9733 3911 0.23 1 NA "4"
31.41415 -75.25807 3000 0.75 2 0.197989898732233 "4"
37.799833 -10.1665 3146 0.28 4 0.122474487139159 "4"
33.683333 -57.616667 4584 0.5835 2 0.311834090503267 "4"
49.87776 -24.23811 3871 0.592 10 0.311334047108389 "4"
56.16 -31.99 2295 0.9 1 NA "5"
53.54 -20.29 2196 0.88 1 NA "5"
53.18 -19.15 2472 0.8 1 NA "5"
57.51 -15.85 1134 0.3 1 NA "5"
60.4 -23.64 1984 0.91 1 NA "5"
61 -24 1650 -1.17 1 NA "5"
61 -21 2658 0.93 1 NA "5"
-40.94 9.89 4621 -0.4025 4 0.185180092522568 "5"
-44.15 -14.23 3783 0.31 1 NA "5"
5.91 -44.2 4056 1.1 1 NA "5"
-3.48 -7.6 4033 0.71 1 NA "5"
1.66 -10.98 4588 0.78 1 NA "5"
-5.78 -10.75 3125 0.68 1 NA "5"
-3.56 -16.43 4675 0.03 1 NA "5"
-23.43 11.7 2987 0.39 1 NA "5"
30.63 -12.4 2324 0.72 1 NA "5"
25.17 -16.85 2573 0.703333333333333 3 0.0351188458428424 "5"
5.67 -19.85 2862 0.84 1 NA "5"
49.88 -24.24 3883 0.594 5 0.224899977767896 "5"
-31.46 15.31 1372 0.23 1 NA "5"
-22.33 11.2 3204 0.51 1 NA "5"
40.05 -32 2475 0.870443333333333 3 0.185707516361975 "5"
44.07 -40.02 3645 0.94 1 NA "5"
41.75 -47.35 4100 0.386 5 0.272635287517959 "5"
-20.1 9.19 2209 0.45 1 NA "5"
-27.91 -45.88 2504 0.44 1 NA "5"
-29.51 -8.31 4546 0.14 1 NA "5"
6.13 -43.44 4503 -0.34 1 NA "5"
-1.34 -11.9733 3911 0.23 1 NA "5"
31.41415 -75.25807 3000 0.75 2 0.197989898732233 "5"
37.799833 -10.1665 3146 0.28 4 0.122474487139159 "5"
33.683333 -57.616667 4584 0.5835 2 0.311834090503267 "5"
49.87776 -24.23811 3871 0.592 10 0.311334047108389 "5"
56.16 -31.99 2295 0.9 1 NA "6"
53.54 -20.29 2196 0.88 1 NA "6"
53.18 -19.15 2472 0.8 1 NA "6"
57.51 -15.85 1134 0.3 1 NA "6"
60.4 -23.64 1984 0.91 1 NA "6"
61 -24 1650 -1.17 1 NA "6"
61 -21 2658 0.93 1 NA "6"
-40.94 9.89 4621 -0.4025 4 0.185180092522568 "6"
-44.15 -14.23 3783 0.31 1 NA "6"
5.91 -44.2 4056 1.1 1 NA "6"
-3.48 -7.6 4033 0.71 1 NA "6"
1.66 -10.98 4588 0.78 1 NA "6"
-5.78 -10.75 3125 0.68 1 NA "6"
-3.56 -16.43 4675 0.03 1 NA "6"
-23.43 11.7 2987 0.39 1 NA "6"
30.63 -12.4 2324 0.72 1 NA "6"
25.17 -16.85 2573 0.703333333333333 3 0.0351188458428424 "6"
5.67 -19.85 2862 0.84 1 NA "6"
49.88 -24.24 3883 0.594 5 0.224899977767896 "6"
-31.46 15.31 1372 0.23 1 NA "6"
-22.33 11.2 3204 0.51 1 NA "6"
40.05 -32 2475 0.870443333333333 3 0.185707516361975 "6"
44.07 -40.02 3645 0.94 1 NA "6"
41.75 -47.35 4100 0.386 5 0.272635287517959 "6"
-20.1 9.19 2209 0.45 1 NA "6"
-27.91 -45.88 2504 0.44 1 NA "6"
-29.51 -8.31 4546 0.14 1 NA "6"
6.13 -43.44 4503 -0.34 1 NA "6"
-1.34 -11.9733 3911 0.23 1 NA "6"
31.41415 -75.25807 3000 0.75 2 0.197989898732233 "6"
37.799833 -10.1665 3146 0.28 4 0.122474487139159 "6"
33.683333 -57.616667 4584 0.5835 2 0.311834090503267 "6"
49.87776 -24.23811 3871 0.592 10 0.311334047108389 "6"
56.16 -31.99 2295 0.9 1 NA "7"
53.54 -20.29 2196 0.88 1 NA "7"
53.18 -19.15 2472 0.8 1 NA "7"
57.51 -15.85 1134 0.3 1 NA "7"
60.4 -23.64 1984 0.91 1 NA "7"
61 -24 1650 -1.17 1 NA "7"
61 -21 2658 0.93 1 NA "7"
-40.94 9.89 4621 -0.4025 4 0.185180092522568 "7"
-44.15 -14.23 3783 0.31 1 NA "7"
5.91 -44.2 4056 1.1 1 NA "7"
-3.48 -7.6 4033 0.71 1 NA "7"
1.66 -10.98 4588 0.78 1 NA "7"
-5.78 -10.75 3125 0.68 1 NA "7"
-3.56 -16.43 4675 0.03 1 NA "7"
-23.43 11.7 2987 0.39 1 NA "7"
30.63 -12.4 2324 0.72 1 NA "7"
25.17 -16.85 2573 0.703333333333333 3 0.0351188458428424 "7"
5.67 -19.85 2862 0.84 1 NA "7"
49.88 -24.24 3883 0.594 5 0.224899977767896 "7"
-31.46 15.31 1372 0.23 1 NA "7"
-22.33 11.2 3204 0.51 1 NA "7"
40.05 -32 2475 0.870443333333333 3 0.185707516361975 "7"
44.07 -40.02 3645 0.94 1 NA "7"
41.75 -47.35 4100 0.386 5 0.272635287517959 "7"
-20.1 9.19 2209 0.45 1 NA "7"
-27.91 -45.88 2504 0.44 1 NA "7"
-29.51 -8.31 4546 0.14 1 NA "7"
6.13 -43.44 4503 -0.34 1 NA "7"
-1.34 -11.9733 3911 0.23 1 NA "7"
31.41415 -75.25807 3000 0.75 2 0.197989898732233 "7"
37.799833 -10.1665 3146 0.28 4 0.122474487139159 "7"
33.683333 -57.616667 4584 0.5835 2 0.311834090503267 "7"
49.87776 -24.23811 3871 0.592 10 0.311334047108389 "7"
56.16 -31.99 2295 0.9 1 NA "8"
53.54 -20.29 2196 0.88 1 NA "8"
53.18 -19.15 2472 0.8 1 NA "8"
57.51 -15.85 1134 0.3 1 NA "8"
60.4 -23.64 1984 0.91 1 NA "8"
61 -24 1650 -1.17 1 NA "8"
61 -21 2658 0.93 1 NA "8"
-40.94 9.89 4621 -0.4025 4 0.185180092522568 "8"
-44.15 -14.23 3783 0.31 1 NA "8"
5.91 -44.2 4056 1.1 1 NA "8"
-3.48 -7.6 4033 0.71 1 NA "8"
1.66 -10.98 4588 0.78 1 NA "8"
-5.78 -10.75 3125 0.68 1 NA "8"
-3.56 -16.43 4675 0.03 1 NA "8"
-23.43 11.7 2987 0.39 1 NA "8"
30.63 -12.4 2324 0.72 1 NA "8"
25.17 -16.85 2573 0.703333333333333 3 0.0351188458428424 "8"
5.67 -19.85 2862 0.84 1 NA "8"
49.88 -24.24 3883 0.594 5 0.224899977767896 "8"
-31.46 15.31 1372 0.23 1 NA "8"
-22.33 11.2 3204 0.51 1 NA "8"
40.05 -32 2475 0.870443333333333 3 0.185707516361975 "8"
44.07 -40.02 3645 0.94 1 NA "8"
41.75 -47.35 4100 0.386 5 0.272635287517959 "8"
-20.1 9.19 2209 0.45 1 NA "8"
-27.91 -45.88 2504 0.44 1 NA "8"
-29.51 -8.31 4546 0.14 1 NA "8"
6.13 -43.44 4503 -0.34 1 NA "8"
-1.34 -11.9733 3911 0.23 1 NA "8"
31.41415 -75.25807 3000 0.75 2 0.197989898732233 "8"
37.799833 -10.1665 3146 0.28 4 0.122474487139159 "8"
33.683333 -57.616667 4584 0.5835 2 0.311834090503267 "8"
49.87776 -24.23811 3871 0.592 10 0.311334047108389 "8"
56.16 -31.99 2295 0.9 1 NA "9"
53.54 -20.29 2196 0.88 1 NA "9"
53.18 -19.15 2472 0.8 1 NA "9"
57.51 -15.85 1134 0.3 1 NA "9"
60.4 -23.64 1984 0.91 1 NA "9"
61 -24 1650 -1.17 1 NA "9"
61 -21 2658 0.93 1 NA "9"
-40.94 9.89 4621 -0.4025 4 0.185180092522568 "9"
-44.15 -14.23 3783 0.31 1 NA "9"
5.91 -44.2 4056 1.1 1 NA "9"
-3.48 -7.6 4033 0.71 1 NA "9"
1.66 -10.98 4588 0.78 1 NA "9"
-5.78 -10.75 3125 0.68 1 NA "9"
-3.56 -16.43 4675 0.03 1 NA "9"
-23.43 11.7 2987 0.39 1 NA "9"
30.63 -12.4 2324 0.72 1 NA "9"
25.17 -16.85 2573 0.703333333333333 3 0.0351188458428424 "9"
5.67 -19.85 2862 0.84 1 NA "9"
49.88 -24.24 3883 0.594 5 0.224899977767896 "9"
-31.46 15.31 1372 0.23 1 NA "9"
-22.33 11.2 3204 0.51 1 NA "9"
40.05 -32 2475 0.870443333333333 3 0.185707516361975 "9"
44.07 -40.02 3645 0.94 1 NA "9"
41.75 -47.35 4100 0.386 5 0.272635287517959 "9"
-20.1 9.19 2209 0.45 1 NA "9"
-27.91 -45.88 2504 0.44 1 NA "9"
-29.51 -8.31 4546 0.14 1 NA "9"
6.13 -43.44 4503 -0.34 1 NA "9"
-1.34 -11.9733 3911 0.23 1 NA "9"
31.41415 -75.25807 3000 0.75 2 0.197989898732233 "9"
37.799833 -10.1665 3146 0.28 4 0.122474487139159 "9"
33.683333 -57.616667 4584 0.5835 2 0.311834090503267 "9"
49.87776 -24.23811 3871 0.592 10 0.311334047108389 "9"
56.16 -31.99 2295 0.9 1 NA "10"
53.54 -20.29 2196 0.88 1 NA "10"
53.18 -19.15 2472 0.8 1 NA "10"
57.51 -15.85 1134 0.3 1 NA "10"
60.4 -23.64 1984 0.91 1 NA "10"
61 -24 1650 -1.17 1 NA "10"
61 -21 2658 0.93 1 NA "10"
-40.94 9.89 4621 -0.4025 4 0.185180092522568 "10"
-44.15 -14.23 3783 0.31 1 NA "10"
5.91 -44.2 4056 1.1 1 NA "10"
-3.48 -7.6 4033 0.71 1 NA "10"
1.66 -10.98 4588 0.78 1 NA "10"
-5.78 -10.75 3125 0.68 1 NA "10"
-3.56 -16.43 4675 0.03 1 NA "10"
-23.43 11.7 2987 0.39 1 NA "10"
30.63 -12.4 2324 0.72 1 NA "10"
25.17 -16.85 2573 0.703333333333333 3 0.0351188458428424 "10"
5.67 -19.85 2862 0.84 1 NA "10"
49.88 -24.24 3883 0.594 5 0.224899977767896 "10"
-31.46 15.31 1372 0.23 1 NA "10"
-22.33 11.2 3204 0.51 1 NA "10"
40.05 -32 2475 0.870443333333333 3 0.185707516361975 "10"
44.07 -40.02 3645 0.94 1 NA "10"
41.75 -47.35 4100 0.386 5 0.272635287517959 "10"
-20.1 9.19 2209 0.45 1 NA "10"
-27.91 -45.88 2504 0.44 1 NA "10"
-29.51 -8.31 4546 0.14 1 NA "10"
6.13 -43.44 4503 -0.34 1 NA "10"
-1.34 -11.9733 3911 0.23 1 NA "10"
31.41415 -75.25807 3000 0.75 2 0.197989898732233 "10"
37.799833 -10.1665 3146 0.28 4 0.122474487139159 "10"
33.683333 -57.616667 4584 0.5835 2 0.311834090503267 "10"
49.87776 -24.23811 3871 0.592 10 0.311334047108389 "10"
56.16 -31.99 2295 0.9 1 NA "11"
53.54 -20.29 2196 0.88 1 NA "11"
53.18 -19.15 2472 0.8 1 NA "11"
57.51 -15.85 1134 0.3 1 NA "11"
60.4 -23.64 1984 0.91 1 NA "11"
61 -24 1650 -1.17 1 NA "11"
61 -21 2658 0.93 1 NA "11"
-40.94 9.89 4621 -0.4025 4 0.185180092522568 "11"
-44.15 -14.23 3783 0.31 1 NA "11"
5.91 -44.2 4056 1.1 1 NA "11"
-3.48 -7.6 4033 0.71 1 NA "11"
1.66 -10.98 4588 0.78 1 NA "11"
-5.78 -10.75 3125 0.68 1 NA "11"
-3.56 -16.43 4675 0.03 1 NA "11"
-23.43 11.7 2987 0.39 1 NA "11"
30.63 -12.4 2324 0.72 1 NA "11"
25.17 -16.85 2573 0.703333333333333 3 0.0351188458428424 "11"
5.67 -19.85 2862 0.84 1 NA "11"
49.88 -24.24 3883 0.594 5 0.224899977767896 "11"
-31.46 15.31 1372 0.23 1 NA "11"
-22.33 11.2 3204 0.51 1 NA "11"
40.05 -32 2475 0.870443333333333 3 0.185707516361975 "11"
44.07 -40.02 3645 0.94 1 NA "11"
41.75 -47.35 4100 0.386 5 0.272635287517959 "11"
-20.1 9.19 2209 0.45 1 NA "11"
-27.91 -45.88 2504 0.44 1 NA "11"
-29.51 -8.31 4546 0.14 1 NA "11"
6.13 -43.44 4503 -0.34 1 NA "11"
-1.34 -11.9733 3911 0.23 1 NA "11"
31.41415 -75.25807 3000 0.75 2 0.197989898732233 "11"
37.799833 -10.1665 3146 0.28 4 0.122474487139159 "11"
33.683333 -57.616667 4584 0.5835 2 0.311834090503267 "11"
49.87776 -24.23811 3871 0.592 10 0.311334047108389 "11"
56.16 -31.99 2295 0.9 1 NA "12"
53.54 -20.29 2196 0.88 1 NA "12"
53.18 -19.15 2472 0.8 1 NA "12"
57.51 -15.85 1134 0.3 1 NA "12"
60.4 -23.64 1984 0.91 1 NA "12"
61 -24 1650 -1.17 1 NA "12"
61 -21 2658 0.93 1 NA "12"
-40.94 9.89 4621 -0.4025 4 0.185180092522568 "12"
-44.15 -14.23 3783 0.31 1 NA "12"
5.91 -44.2 4056 1.1 1 NA "12"
-3.48 -7.6 4033 0.71 1 NA "12"
1.66 -10.98 4588 0.78 1 NA "12"
-5.78 -10.75 3125 0.68 1 NA "12"
-3.56 -16.43 4675 0.03 1 NA "12"
-23.43 11.7 2987 0.39 1 NA "12"
30.63 -12.4 2324 0.72 1 NA "12"
25.17 -16.85 2573 0.703333333333333 3 0.0351188458428424 "12"
5.67 -19.85 2862 0.84 1 NA "12"
49.88 -24.24 3883 0.594 5 0.224899977767896 "12"
-31.46 15.31 1372 0.23 1 NA "12"
-22.33 11.2 3204 0.51 1 NA "12"
40.05 -32 2475 0.870443333333333 3 0.185707516361975 "12"
44.07 -40.02 3645 0.94 1 NA "12"
41.75 -47.35 4100 0.386 5 0.272635287517959 "12"
-20.1 9.19 2209 0.45 1 NA "12"
-27.91 -45.88 2504 0.44 1 NA "12"
-29.51 -8.31 4546 0.14 1 NA "12"
6.13 -43.44 4503 -0.34 1 NA "12"
-1.34 -11.9733 3911 0.23 1 NA "12"
31.41415 -75.25807 3000 0.75 2 0.197989898732233 "12"
37.799833 -10.1665 3146 0.28 4 0.122474487139159 "12"
33.683333 -57.616667 4584 0.5835 2 0.311834090503267 "12"
49.87776 -24.23811 3871 0.592 10 0.311334047108389 "12"
56.16 -31.99 2295 0.9 1 NA "13"
53.54 -20.29 2196 0.88 1 NA "13"
53.18 -19.15 2472 0.8 1 NA "13"
57.51 -15.85 1134 0.3 1 NA "13"
60.4 -23.64 1984 0.91 1 NA "13"
61 -24 1650 -1.17 1 NA "13"
61 -21 2658 0.93 1 NA "13"
-40.94 9.89 4621 -0.4025 4 0.185180092522568 "13"
-44.15 -14.23 3783 0.31 1 NA "13"
5.91 -44.2 4056 1.1 1 NA "13"
-3.48 -7.6 4033 0.71 1 NA "13"
1.66 -10.98 4588 0.78 1 NA "13"
-5.78 -10.75 3125 0.68 1 NA "13"
-3.56 -16.43 4675 0.03 1 NA "13"
-23.43 11.7 2987 0.39 1 NA "13"
30.63 -12.4 2324 0.72 1 NA "13"
25.17 -16.85 2573 0.703333333333333 3 0.0351188458428424 "13"
5.67 -19.85 2862 0.84 1 NA "13"
49.88 -24.24 3883 0.594 5 0.224899977767896 "13"
-31.46 15.31 1372 0.23 1 NA "13"
-22.33 11.2 3204 0.51 1 NA "13"
40.05 -32 2475 0.870443333333333 3 0.185707516361975 "13"
44.07 -40.02 3645 0.94 1 NA "13"
41.75 -47.35 4100 0.386 5 0.272635287517959 "13"
-20.1 9.19 2209 0.45 1 NA "13"
-27.91 -45.88 2504 0.44 1 NA "13"
-29.51 -8.31 4546 0.14 1 NA "13"
6.13 -43.44 4503 -0.34 1 NA "13"
-1.34 -11.9733 3911 0.23 1 NA "13"
31.41415 -75.25807 3000 0.75 2 0.197989898732233 "13"
37.799833 -10.1665 3146 0.28 4 0.122474487139159 "13"
33.683333 -57.616667 4584 0.5835 2 0.311834090503267 "13"
49.87776 -24.23811 3871 0.592 10 0.311334047108389 "13"
56.16 -31.99 2295 0.9 1 NA "14"
53.54 -20.29 2196 0.88 1 NA "14"
53.18 -19.15 2472 0.8 1 NA "14"
57.51 -15.85 1134 0.3 1 NA "14"
60.4 -23.64 1984 0.91 1 NA "14"
61 -24 1650 -1.17 1 NA "14"
61 -21 2658 0.93 1 NA "14"
-40.94 9.89 4621 -0.4025 4 0.185180092522568 "14"
-44.15 -14.23 3783 0.31 1 NA "14"
5.91 -44.2 4056 1.1 1 NA "14"
-3.48 -7.6 4033 0.71 1 NA "14"
1.66 -10.98 4588 0.78 1 NA "14"
-5.78 -10.75 3125 0.68 1 NA "14"
-3.56 -16.43 4675 0.03 1 NA "14"
-23.43 11.7 2987 0.39 1 NA "14"
30.63 -12.4 2324 0.72 1 NA "14"
25.17 -16.85 2573 0.703333333333333 3 0.0351188458428424 "14"
5.67 -19.85 2862 0.84 1 NA "14"
49.88 -24.24 3883 0.594 5 0.224899977767896 "14"
-31.46 15.31 1372 0.23 1 NA "14"
-22.33 11.2 3204 0.51 1 NA "14"
40.05 -32 2475 0.870443333333333 3 0.185707516361975 "14"
44.07 -40.02 3645 0.94 1 NA "14"
41.75 -47.35 4100 0.386 5 0.272635287517959 "14"
-20.1 9.19 2209 0.45 1 NA "14"
-27.91 -45.88 2504 0.44 1 NA "14"
-29.51 -8.31 4546 0.14 1 NA "14"
6.13 -43.44 4503 -0.34 1 NA "14"
-1.34 -11.9733 3911 0.23 1 NA "14"
31.41415 -75.25807 3000 0.75 2 0.197989898732233 "14"
37.799833 -10.1665 3146 0.28 4 0.122474487139159 "14"
33.683333 -57.616667 4584 0.5835 2 0.311834090503267 "14"
49.87776 -24.23811 3871 0.592 10 0.311334047108389 "14"
56.16 -31.99 2295 0.9 1 NA "15"
53.54 -20.29 2196 0.88 1 NA "15"
53.18 -19.15 2472 0.8 1 NA "15"
57.51 -15.85 1134 0.3 1 NA "15"
60.4 -23.64 1984 0.91 1 NA "15"
61 -24 1650 -1.17 1 NA "15"
61 -21 2658 0.93 1 NA "15"
-40.94 9.89 4621 -0.4025 4 0.185180092522568 "15"
-44.15 -14.23 3783 0.31 1 NA "15"
5.91 -44.2 4056 1.1 1 NA "15"
-3.48 -7.6 4033 0.71 1 NA "15"
1.66 -10.98 4588 0.78 1 NA "15"
-5.78 -10.75 3125 0.68 1 NA "15"
-3.56 -16.43 4675 0.03 1 NA "15"
-23.43 11.7 2987 0.39 1 NA "15"
30.63 -12.4 2324 0.72 1 NA "15"
25.17 -16.85 2573 0.703333333333333 3 0.0351188458428424 "15"
5.67 -19.85 2862 0.84 1 NA "15"
49.88 -24.24 3883 0.594 5 0.224899977767896 "15"
-31.46 15.31 1372 0.23 1 NA "15"
-22.33 11.2 3204 0.51 1 NA "15"
40.05 -32 2475 0.870443333333333 3 0.185707516361975 "15"
44.07 -40.02 3645 0.94 1 NA "15"
41.75 -47.35 4100 0.386 5 0.272635287517959 "15"
-20.1 9.19 2209 0.45 1 NA "15"
-27.91 -45.88 2504 0.44 1 NA "15"
-29.51 -8.31 4546 0.14 1 NA "15"
6.13 -43.44 4503 -0.34 1 NA "15"
-1.34 -11.9733 3911 0.23 1 NA "15"
31.41415 -75.25807 3000 0.75 2 0.197989898732233 "15"
37.799833 -10.1665 3146 0.28 4 0.122474487139159 "15"
33.683333 -57.616667 4584 0.5835 2 0.311834090503267 "15"
49.87776 -24.23811 3871 0.592 10 0.311334047108389 "15"
56.16 -31.99 2295 0.9 1 NA "16"
53.54 -20.29 2196 0.88 1 NA "16"
53.18 -19.15 2472 0.8 1 NA "16"
57.51 -15.85 1134 0.3 1 NA "16"
60.4 -23.64 1984 0.91 1 NA "16"
61 -24 1650 -1.17 1 NA "16"
61 -21 2658 0.93 1 NA "16"
-40.94 9.89 4621 -0.4025 4 0.185180092522568 "16"
-44.15 -14.23 3783 0.31 1 NA "16"
5.91 -44.2 4056 1.1 1 NA "16"
-3.48 -7.6 4033 0.71 1 NA "16"
1.66 -10.98 4588 0.78 1 NA "16"
-5.78 -10.75 3125 0.68 1 NA "16"
-3.56 -16.43 4675 0.03 1 NA "16"
-23.43 11.7 2987 0.39 1 NA "16"
30.63 -12.4 2324 0.72 1 NA "16"
25.17 -16.85 2573 0.703333333333333 3 0.0351188458428424 "16"
5.67 -19.85 2862 0.84 1 NA "16"
49.88 -24.24 3883 0.594 5 0.224899977767896 "16"
-31.46 15.31 1372 0.23 1 NA "16"
-22.33 11.2 3204 0.51 1 NA "16"
40.05 -32 2475 0.870443333333333 3 0.185707516361975 "16"
44.07 -40.02 3645 0.94 1 NA "16"
41.75 -47.35 4100 0.386 5 0.272635287517959 "16"
-20.1 9.19 2209 0.45 1 NA "16"
-27.91 -45.88 2504 0.44 1 NA "16"
-29.51 -8.31 4546 0.14 1 NA "16"
6.13 -43.44 4503 -0.34 1 NA "16"
-1.34 -11.9733 3911 0.23 1 NA "16"
31.41415 -75.25807 3000 0.75 2 0.197989898732233 "16"
37.799833 -10.1665 3146 0.28 4 0.122474487139159 "16"
33.683333 -57.616667 4584 0.5835 2 0.311834090503267 "16"
49.87776 -24.23811 3871 0.592 10 0.311334047108389 "16"
56.16 -31.99 2295 0.9 1 NA "17"
53.54 -20.29 2196 0.88 1 NA "17"
53.18 -19.15 2472 0.8 1 NA "17"
57.51 -15.85 1134 0.3 1 NA "17"
60.4 -23.64 1984 0.91 1 NA "17"
61 -24 1650 -1.17 1 NA "17"
61 -21 2658 0.93 1 NA "17"
-40.94 9.89 4621 -0.4025 4 0.185180092522568 "17"
-44.15 -14.23 3783 0.31 1 NA "17"
5.91 -44.2 4056 1.1 1 NA "17"
-3.48 -7.6 4033 0.71 1 NA "17"
1.66 -10.98 4588 0.78 1 NA "17"
-5.78 -10.75 3125 0.68 1 NA "17"
-3.56 -16.43 4675 0.03 1 NA "17"
-23.43 11.7 2987 0.39 1 NA "17"
30.63 -12.4 2324 0.72 1 NA "17"
25.17 -16.85 2573 0.703333333333333 3 0.0351188458428424 "17"
5.67 -19.85 2862 0.84 1 NA "17"
49.88 -24.24 3883 0.594 5 0.224899977767896 "17"
-31.46 15.31 1372 0.23 1 NA "17"
-22.33 11.2 3204 0.51 1 NA "17"
40.05 -32 2475 0.870443333333333 3 0.185707516361975 "17"
44.07 -40.02 3645 0.94 1 NA "17"
41.75 -47.35 4100 0.386 5 0.272635287517959 "17"
-20.1 9.19 2209 0.45 1 NA "17"
-27.91 -45.88 2504 0.44 1 NA "17"
-29.51 -8.31 4546 0.14 1 NA "17"
6.13 -43.44 4503 -0.34 1 NA "17"
-1.34 -11.9733 3911 0.23 1 NA "17"
31.41415 -75.25807 3000 0.75 2 0.197989898732233 "17"
37.799833 -10.1665 3146 0.28 4 0.122474487139159 "17"
33.683333 -57.616667 4584 0.5835 2 0.311834090503267 "17"
49.87776 -24.23811 3871 0.592 10 0.311334047108389 "17"
56.16 -31.99 2295 0.9 1 NA "18"
53.54 -20.29 2196 0.88 1 NA "18"
53.18 -19.15 2472 0.8 1 NA "18"
57.51 -15.85 1134 0.3 1 NA "18"
60.4 -23.64 1984 0.91 1 NA "18"
61 -24 1650 -1.17 1 NA "18"
61 -21 2658 0.93 1 NA "18"
-40.94 9.89 4621 -0.4025 4 0.185180092522568 "18"
-44.15 -14.23 3783 0.31 1 NA "18"
5.91 -44.2 4056 1.1 1 NA "18"
-3.48 -7.6 4033 0.71 1 NA "18"
1.66 -10.98 4588 0.78 1 NA "18"
-5.78 -10.75 3125 0.68 1 NA "18"
-3.56 -16.43 4675 0.03 1 NA "18"
-23.43 11.7 2987 0.39 1 NA "18"
30.63 -12.4 2324 0.72 1 NA "18"
25.17 -16.85 2573 0.703333333333333 3 0.0351188458428424 "18"
5.67 -19.85 2862 0.84 1 NA "18"
49.88 -24.24 3883 0.594 5 0.224899977767896 "18"
-31.46 15.31 1372 0.23 1 NA "18"
-22.33 11.2 3204 0.51 1 NA "18"
40.05 -32 2475 0.870443333333333 3 0.185707516361975 "18"
44.07 -40.02 3645 0.94 1 NA "18"
41.75 -47.35 4100 0.386 5 0.272635287517959 "18"
-20.1 9.19 2209 0.45 1 NA "18"
-27.91 -45.88 2504 0.44 1 NA "18"
-29.51 -8.31 4546 0.14 1 NA "18"
6.13 -43.44 4503 -0.34 1 NA "18"
-1.34 -11.9733 3911 0.23 1 NA "18"
31.41415 -75.25807 3000 0.75 2 0.197989898732233 "18"
37.799833 -10.1665 3146 0.28 4 0.122474487139159 "18"
33.683333 -57.616667 4584 0.5835 2 0.311834090503267 "18"
49.87776 -24.23811 3871 0.592 10 0.311334047108389 "18"
56.16 -31.99 2295 0.9 1 NA "19"
53.54 -20.29 2196 0.88 1 NA "19"
53.18 -19.15 2472 0.8 1 NA "19"
57.51 -15.85 1134 0.3 1 NA "19"
60.4 -23.64 1984 0.91 1 NA "19"
61 -24 1650 -1.17 1 NA "19"
61 -21 2658 0.93 1 NA "19"
-40.94 9.89 4621 -0.4025 4 0.185180092522568 "19"
-44.15 -14.23 3783 0.31 1 NA "19"
5.91 -44.2 4056 1.1 1 NA "19"
-3.48 -7.6 4033 0.71 1 NA "19"
1.66 -10.98 4588 0.78 1 NA "19"
-5.78 -10.75 3125 0.68 1 NA "19"
-3.56 -16.43 4675 0.03 1 NA "19"
-23.43 11.7 2987 0.39 1 NA "19"
30.63 -12.4 2324 0.72 1 NA "19"
25.17 -16.85 2573 0.703333333333333 3 0.0351188458428424 "19"
5.67 -19.85 2862 0.84 1 NA "19"
49.88 -24.24 3883 0.594 5 0.224899977767896 "19"
-31.46 15.31 1372 0.23 1 NA "19"
-22.33 11.2 3204 0.51 1 NA "19"
40.05 -32 2475 0.870443333333333 3 0.185707516361975 "19"
44.07 -40.02 3645 0.94 1 NA "19"
41.75 -47.35 4100 0.386 5 0.272635287517959 "19"
-20.1 9.19 2209 0.45 1 NA "19"
-27.91 -45.88 2504 0.44 1 NA "19"
-29.51 -8.31 4546 0.14 1 NA "19"
6.13 -43.44 4503 -0.34 1 NA "19"
-1.34 -11.9733 3911 0.23 1 NA "19"
31.41415 -75.25807 3000 0.75 2 0.197989898732233 "19"
37.799833 -10.1665 3146 0.28 4 0.122474487139159 "19"
33.683333 -57.616667 4584 0.5835 2 0.311834090503267 "19"
49.87776 -24.23811 3871 0.592 10 0.311334047108389 "19"
56.16 -31.99 2295 0.9 1 NA "20"
53.54 -20.29 2196 0.88 1 NA "20"
53.18 -19.15 2472 0.8 1 NA "20"
57.51 -15.85 1134 0.3 1 NA "20"
60.4 -23.64 1984 0.91 1 NA "20"
61 -24 1650 -1.17 1 NA "20"
61 -21 2658 0.93 1 NA "20"
-40.94 9.89 4621 -0.4025 4 0.185180092522568 "20"
-44.15 -14.23 3783 0.31 1 NA "20"
5.91 -44.2 4056 1.1 1 NA "20"
-3.48 -7.6 4033 0.71 1 NA "20"
1.66 -10.98 4588 0.78 1 NA "20"
-5.78 -10.75 3125 0.68 1 NA "20"
-3.56 -16.43 4675 0.03 1 NA "20"
-23.43 11.7 2987 0.39 1 NA "20"
30.63 -12.4 2324 0.72 1 NA "20"
25.17 -16.85 2573 0.703333333333333 3 0.0351188458428424 "20"
5.67 -19.85 2862 0.84 1 NA "20"
49.88 -24.24 3883 0.594 5 0.224899977767896 "20"
-31.46 15.31 1372 0.23 1 NA "20"
-22.33 11.2 3204 0.51 1 NA "20"
40.05 -32 2475 0.870443333333333 3 0.185707516361975 "20"
44.07 -40.02 3645 0.94 1 NA "20"
41.75 -47.35 4100 0.386 5 0.272635287517959 "20"
-20.1 9.19 2209 0.45 1 NA "20"
-27.91 -45.88 2504 0.44 1 NA "20"
-29.51 -8.31 4546 0.14 1 NA "20"
6.13 -43.44 4503 -0.34 1 NA "20"
-1.34 -11.9733 3911 0.23 1 NA "20"
31.41415 -75.25807 3000 0.75 2 0.197989898732233 "20"
37.799833 -10.1665 3146 0.28 4 0.122474487139159 "20"
33.683333 -57.616667 4584 0.5835 2 0.311834090503267 "20"
49.87776 -24.23811 3871 0.592 10 0.311334047108389 "20"
56.16 -31.99 2295 0.9 1 NA "21"
53.54 -20.29 2196 0.88 1 NA "21"
53.18 -19.15 2472 0.8 1 NA "21"
57.51 -15.85 1134 0.3 1 NA "21"
60.4 -23.64 1984 0.91 1 NA "21"
61 -24 1650 -1.17 1 NA "21"
61 -21 2658 0.93 1 NA "21"
-40.94 9.89 4621 -0.4025 4 0.185180092522568 "21"
-44.15 -14.23 3783 0.31 1 NA "21"
5.91 -44.2 4056 1.1 1 NA "21"
-3.48 -7.6 4033 0.71 1 NA "21"
1.66 -10.98 4588 0.78 1 NA "21"
-5.78 -10.75 3125 0.68 1 NA "21"
-3.56 -16.43 4675 0.03 1 NA "21"
-23.43 11.7 2987 0.39 1 NA "21"
30.63 -12.4 2324 0.72 1 NA "21"
25.17 -16.85 2573 0.703333333333333 3 0.0351188458428424 "21"
5.67 -19.85 2862 0.84 1 NA "21"
49.88 -24.24 3883 0.594 5 0.224899977767896 "21"
-31.46 15.31 1372 0.23 1 NA "21"
-22.33 11.2 3204 0.51 1 NA "21"
40.05 -32 2475 0.870443333333333 3 0.185707516361975 "21"
44.07 -40.02 3645 0.94 1 NA "21"
41.75 -47.35 4100 0.386 5 0.272635287517959 "21"
-20.1 9.19 2209 0.45 1 NA "21"
-27.91 -45.88 2504 0.44 1 NA "21"
-29.51 -8.31 4546 0.14 1 NA "21"
6.13 -43.44 4503 -0.34 1 NA "21"
-1.34 -11.9733 3911 0.23 1 NA "21"
31.41415 -75.25807 3000 0.75 2 0.197989898732233 "21"
37.799833 -10.1665 3146 0.28 4 0.122474487139159 "21"
33.683333 -57.616667 4584 0.5835 2 0.311834090503267 "21"
49.87776 -24.23811 3871 0.592 10 0.311334047108389 "21"
56.16 -31.99 2295 0.9 1 NA "22"
53.54 -20.29 2196 0.88 1 NA "22"
53.18 -19.15 2472 0.8 1 NA "22"
57.51 -15.85 1134 0.3 1 NA "22"
60.4 -23.64 1984 0.91 1 NA "22"
61 -24 1650 -1.17 1 NA "22"
61 -21 2658 0.93 1 NA "22"
-40.94 9.89 4621 -0.4025 4 0.185180092522568 "22"
-44.15 -14.23 3783 0.31 1 NA "22"
5.91 -44.2 4056 1.1 1 NA "22"
-3.48 -7.6 4033 0.71 1 NA "22"
1.66 -10.98 4588 0.78 1 NA "22"
-5.78 -10.75 3125 0.68 1 NA "22"
-3.56 -16.43 4675 0.03 1 NA "22"
-23.43 11.7 2987 0.39 1 NA "22"
30.63 -12.4 2324 0.72 1 NA "22"
25.17 -16.85 2573 0.703333333333333 3 0.0351188458428424 "22"
5.67 -19.85 2862 0.84 1 NA "22"
49.88 -24.24 3883 0.594 5 0.224899977767896 "22"
-31.46 15.31 1372 0.23 1 NA "22"
-22.33 11.2 3204 0.51 1 NA "22"
40.05 -32 2475 0.870443333333333 3 0.185707516361975 "22"
44.07 -40.02 3645 0.94 1 NA "22"
41.75 -47.35 4100 0.386 5 0.272635287517959 "22"
-20.1 9.19 2209 0.45 1 NA "22"
-27.91 -45.88 2504 0.44 1 NA "22"
-29.51 -8.31 4546 0.14 1 NA "22"
6.13 -43.44 4503 -0.34 1 NA "22"
-1.34 -11.9733 3911 0.23 1 NA "22"
31.41415 -75.25807 3000 0.75 2 0.197989898732233 "22"
37.799833 -10.1665 3146 0.28 4 0.122474487139159 "22"
33.683333 -57.616667 4584 0.5835 2 0.311834090503267 "22"
49.87776 -24.23811 3871 0.592 10 0.311334047108389 "22"
56.16 -31.99 2295 0.9 1 NA "23"
53.54 -20.29 2196 0.88 1 NA "23"
53.18 -19.15 2472 0.8 1 NA "23"
57.51 -15.85 1134 0.3 1 NA "23"
60.4 -23.64 1984 0.91 1 NA "23"
61 -24 1650 -1.17 1 NA "23"
61 -21 2658 0.93 1 NA "23"
-40.94 9.89 4621 -0.4025 4 0.185180092522568 "23"
-44.15 -14.23 3783 0.31 1 NA "23"
5.91 -44.2 4056 1.1 1 NA "23"
-3.48 -7.6 4033 0.71 1 NA "23"
1.66 -10.98 4588 0.78 1 NA "23"
-5.78 -10.75 3125 0.68 1 NA "23"
-3.56 -16.43 4675 0.03 1 NA "23"
-23.43 11.7 2987 0.39 1 NA "23"
30.63 -12.4 2324 0.72 1 NA "23"
25.17 -16.85 2573 0.703333333333333 3 0.0351188458428424 "23"
5.67 -19.85 2862 0.84 1 NA "23"
49.88 -24.24 3883 0.594 5 0.224899977767896 "23"
-31.46 15.31 1372 0.23 1 NA "23"
-22.33 11.2 3204 0.51 1 NA "23"
40.05 -32 2475 0.870443333333333 3 0.185707516361975 "23"
44.07 -40.02 3645 0.94 1 NA "23"
41.75 -47.35 4100 0.386 5 0.272635287517959 "23"
-20.1 9.19 2209 0.45 1 NA "23"
-27.91 -45.88 2504 0.44 1 NA "23"
-29.51 -8.31 4546 0.14 1 NA "23"
6.13 -43.44 4503 -0.34 1 NA "23"
-1.34 -11.9733 3911 0.23 1 NA "23"
31.41415 -75.25807 3000 0.75 2 0.197989898732233 "23"
37.799833 -10.1665 3146 0.28 4 0.122474487139159 "23"
33.683333 -57.616667 4584 0.5835 2 0.311834090503267 "23"
49.87776 -24.23811 3871 0.592 10 0.311334047108389 "23"
56.16 -31.99 2295 0.9 1 NA "24"
53.54 -20.29 2196 0.88 1 NA "24"
53.18 -19.15 2472 0.8 1 NA "24"
57.51 -15.85 1134 0.3 1 NA "24"
60.4 -23.64 1984 0.91 1 NA "24"
61 -24 1650 -1.17 1 NA "24"
61 -21 2658 0.93 1 NA "24"
-40.94 9.89 4621 -0.4025 4 0.185180092522568 "24"
-44.15 -14.23 3783 0.31 1 NA "24"
5.91 -44.2 4056 1.1 1 NA "24"
-3.48 -7.6 4033 0.71 1 NA "24"
1.66 -10.98 4588 0.78 1 NA "24"
-5.78 -10.75 3125 0.68 1 NA "24"
-3.56 -16.43 4675 0.03 1 NA "24"
-23.43 11.7 2987 0.39 1 NA "24"
30.63 -12.4 2324 0.72 1 NA "24"
25.17 -16.85 2573 0.703333333333333 3 0.0351188458428424 "24"
5.67 -19.85 2862 0.84 1 NA "24"
49.88 -24.24 3883 0.594 5 0.224899977767896 "24"
-31.46 15.31 1372 0.23 1 NA "24"
-22.33 11.2 3204 0.51 1 NA "24"
40.05 -32 2475 0.870443333333333 3 0.185707516361975 "24"
44.07 -40.02 3645 0.94 1 NA "24"
41.75 -47.35 4100 0.386 5 0.272635287517959 "24"
-20.1 9.19 2209 0.45 1 NA "24"
-27.91 -45.88 2504 0.44 1 NA "24"
-29.51 -8.31 4546 0.14 1 NA "24"
6.13 -43.44 4503 -0.34 1 NA "24"
-1.34 -11.9733 3911 0.23 1 NA "24"
31.41415 -75.25807 3000 0.75 2 0.197989898732233 "24"
37.799833 -10.1665 3146 0.28 4 0.122474487139159 "24"
33.683333 -57.616667 4584 0.5835 2 0.311834090503267 "24"
49.87776 -24.23811 3871 0.592 10 0.311334047108389 "24"
56.16 -31.99 2295 0.9 1 NA "25"
53.54 -20.29 2196 0.88 1 NA "25"
53.18 -19.15 2472 0.8 1 NA "25"
57.51 -15.85 1134 0.3 1 NA "25"
60.4 -23.64 1984 0.91 1 NA "25"
61 -24 1650 -1.17 1 NA "25"
61 -21 2658 0.93 1 NA "25"
-40.94 9.89 4621 -0.4025 4 0.185180092522568 "25"
-44.15 -14.23 3783 0.31 1 NA "25"
5.91 -44.2 4056 1.1 1 NA "25"
-3.48 -7.6 4033 0.71 1 NA "25"
1.66 -10.98 4588 0.78 1 NA "25"
-5.78 -10.75 3125 0.68 1 NA "25"
-3.56 -16.43 4675 0.03 1 NA "25"
-23.43 11.7 2987 0.39 1 NA "25"
30.63 -12.4 2324 0.72 1 NA "25"
25.17 -16.85 2573 0.703333333333333 3 0.0351188458428424 "25"
5.67 -19.85 2862 0.84 1 NA "25"
49.88 -24.24 3883 0.594 5 0.224899977767896 "25"
-31.46 15.31 1372 0.23 1 NA "25"
-22.33 11.2 3204 0.51 1 NA "25"
40.05 -32 2475 0.870443333333333 3 0.185707516361975 "25"
44.07 -40.02 3645 0.94 1 NA "25"
41.75 -47.35 4100 0.386 5 0.272635287517959 "25"
-20.1 9.19 2209 0.45 1 NA "25"
-27.91 -45.88 2504 0.44 1 NA "25"
-29.51 -8.31 4546 0.14 1 NA "25"
6.13 -43.44 4503 -0.34 1 NA "25"
-1.34 -11.9733 3911 0.23 1 NA "25"
31.41415 -75.25807 3000 0.75 2 0.197989898732233 "25"
37.799833 -10.1665 3146 0.28 4 0.122474487139159 "25"
33.683333 -57.616667 4584 0.5835 2 0.311834090503267 "25"
49.87776 -24.23811 3871 0.592 10 0.311334047108389 "25"
56.16 -31.99 2295 0.9 1 NA "26"
53.54 -20.29 2196 0.88 1 NA "26"
53.18 -19.15 2472 0.8 1 NA "26"
57.51 -15.85 1134 0.3 1 NA "26"
60.4 -23.64 1984 0.91 1 NA "26"
61 -24 1650 -1.17 1 NA "26"
61 -21 2658 0.93 1 NA "26"
-40.94 9.89 4621 -0.4025 4 0.185180092522568 "26"
-44.15 -14.23 3783 0.31 1 NA "26"
5.91 -44.2 4056 1.1 1 NA "26"
-3.48 -7.6 4033 0.71 1 NA "26"
1.66 -10.98 4588 0.78 1 NA "26"
-5.78 -10.75 3125 0.68 1 NA "26"
-3.56 -16.43 4675 0.03 1 NA "26"
-23.43 11.7 2987 0.39 1 NA "26"
30.63 -12.4 2324 0.72 1 NA "26"
25.17 -16.85 2573 0.703333333333333 3 0.0351188458428424 "26"
5.67 -19.85 2862 0.84 1 NA "26"
49.88 -24.24 3883 0.594 5 0.224899977767896 "26"
-31.46 15.31 1372 0.23 1 NA "26"
-22.33 11.2 3204 0.51 1 NA "26"
40.05 -32 2475 0.870443333333333 3 0.185707516361975 "26"
44.07 -40.02 3645 0.94 1 NA "26"
41.75 -47.35 4100 0.386 5 0.272635287517959 "26"
-20.1 9.19 2209 0.45 1 NA "26"
-27.91 -45.88 2504 0.44 1 NA "26"
-29.51 -8.31 4546 0.14 1 NA "26"
6.13 -43.44 4503 -0.34 1 NA "26"
-1.34 -11.9733 3911 0.23 1 NA "26"
31.41415 -75.25807 3000 0.75 2 0.197989898732233 "26"
37.799833 -10.1665 3146 0.28 4 0.122474487139159 "26"
33.683333 -57.616667 4584 0.5835 2 0.311834090503267 "26"
49.87776 -24.23811 3871 0.592 10 0.311334047108389 "26"
56.16 -31.99 2295 0.9 1 NA "27"
53.54 -20.29 2196 0.88 1 NA "27"
53.18 -19.15 2472 0.8 1 NA "27"
57.51 -15.85 1134 0.3 1 NA "27"
60.4 -23.64 1984 0.91 1 NA "27"
61 -24 1650 -1.17 1 NA "27"
61 -21 2658 0.93 1 NA "27"
-40.94 9.89 4621 -0.4025 4 0.185180092522568 "27"
-44.15 -14.23 3783 0.31 1 NA "27"
5.91 -44.2 4056 1.1 1 NA "27"
-3.48 -7.6 4033 0.71 1 NA "27"
1.66 -10.98 4588 0.78 1 NA "27"
-5.78 -10.75 3125 0.68 1 NA "27"
-3.56 -16.43 4675 0.03 1 NA "27"
-23.43 11.7 2987 0.39 1 NA "27"
30.63 -12.4 2324 0.72 1 NA "27"
25.17 -16.85 2573 0.703333333333333 3 0.0351188458428424 "27"
5.67 -19.85 2862 0.84 1 NA "27"
49.88 -24.24 3883 0.594 5 0.224899977767896 "27"
-31.46 15.31 1372 0.23 1 NA "27"
-22.33 11.2 3204 0.51 1 NA "27"
40.05 -32 2475 0.870443333333333 3 0.185707516361975 "27"
44.07 -40.02 3645 0.94 1 NA "27"
41.75 -47.35 4100 0.386 5 0.272635287517959 "27"
-20.1 9.19 2209 0.45 1 NA "27"
-27.91 -45.88 2504 0.44 1 NA "27"
-29.51 -8.31 4546 0.14 1 NA "27"
6.13 -43.44 4503 -0.34 1 NA "27"
-1.34 -11.9733 3911 0.23 1 NA "27"
31.41415 -75.25807 3000 0.75 2 0.197989898732233 "27"
37.799833 -10.1665 3146 0.28 4 0.122474487139159 "27"
33.683333 -57.616667 4584 0.5835 2 0.311834090503267 "27"
49.87776 -24.23811 3871 0.592 10 0.311334047108389 "27"
56.16 -31.99 2295 0.9 1 NA "28"
53.54 -20.29 2196 0.88 1 NA "28"
53.18 -19.15 2472 0.8 1 NA "28"
57.51 -15.85 1134 0.3 1 NA "28"
60.4 -23.64 1984 0.91 1 NA "28"
61 -24 1650 -1.17 1 NA "28"
61 -21 2658 0.93 1 NA "28"
-40.94 9.89 4621 -0.4025 4 0.185180092522568 "28"
-44.15 -14.23 3783 0.31 1 NA "28"
5.91 -44.2 4056 1.1 1 NA "28"
-3.48 -7.6 4033 0.71 1 NA "28"
1.66 -10.98 4588 0.78 1 NA "28"
-5.78 -10.75 3125 0.68 1 NA "28"
-3.56 -16.43 4675 0.03 1 NA "28"
-23.43 11.7 2987 0.39 1 NA "28"
30.63 -12.4 2324 0.72 1 NA "28"
25.17 -16.85 2573 0.703333333333333 3 0.0351188458428424 "28"
5.67 -19.85 2862 0.84 1 NA "28"
49.88 -24.24 3883 0.594 5 0.224899977767896 "28"
-31.46 15.31 1372 0.23 1 NA "28"
-22.33 11.2 3204 0.51 1 NA "28"
40.05 -32 2475 0.870443333333333 3 0.185707516361975 "28"
44.07 -40.02 3645 0.94 1 NA "28"
41.75 -47.35 4100 0.386 5 0.272635287517959 "28"
-20.1 9.19 2209 0.45 1 NA "28"
-27.91 -45.88 2504 0.44 1 NA "28"
-29.51 -8.31 4546 0.14 1 NA "28"
6.13 -43.44 4503 -0.34 1 NA "28"
-1.34 -11.9733 3911 0.23 1 NA "28"
31.41415 -75.25807 3000 0.75 2 0.197989898732233 "28"
37.799833 -10.1665 3146 0.28 4 0.122474487139159 "28"
33.683333 -57.616667 4584 0.5835 2 0.311834090503267 "28"
49.87776 -24.23811 3871 0.592 10 0.311334047108389 "28"
56.16 -31.99 2295 0.9 1 NA "29"
53.54 -20.29 2196 0.88 1 NA "29"
53.18 -19.15 2472 0.8 1 NA "29"
57.51 -15.85 1134 0.3 1 NA "29"
60.4 -23.64 1984 0.91 1 NA "29"
61 -24 1650 -1.17 1 NA "29"
61 -21 2658 0.93 1 NA "29"
-40.94 9.89 4621 -0.4025 4 0.185180092522568 "29"
-44.15 -14.23 3783 0.31 1 NA "29"
5.91 -44.2 4056 1.1 1 NA "29"
-3.48 -7.6 4033 0.71 1 NA "29"
1.66 -10.98 4588 0.78 1 NA "29"
-5.78 -10.75 3125 0.68 1 NA "29"
-3.56 -16.43 4675 0.03 1 NA "29"
-23.43 11.7 2987 0.39 1 NA "29"
30.63 -12.4 2324 0.72 1 NA "29"
25.17 -16.85 2573 0.703333333333333 3 0.0351188458428424 "29"
5.67 -19.85 2862 0.84 1 NA "29"
49.88 -24.24 3883 0.594 5 0.224899977767896 "29"
-31.46 15.31 1372 0.23 1 NA "29"
-22.33 11.2 3204 0.51 1 NA "29"
40.05 -32 2475 0.870443333333333 3 0.185707516361975 "29"
44.07 -40.02 3645 0.94 1 NA "29"
41.75 -47.35 4100 0.386 5 0.272635287517959 "29"
-20.1 9.19 2209 0.45 1 NA "29"
-27.91 -45.88 2504 0.44 1 NA "29"
-29.51 -8.31 4546 0.14 1 NA "29"
6.13 -43.44 4503 -0.34 1 NA "29"
-1.34 -11.9733 3911 0.23 1 NA "29"
31.41415 -75.25807 3000 0.75 2 0.197989898732233 "29"
37.799833 -10.1665 3146 0.28 4 0.122474487139159 "29"
33.683333 -57.616667 4584 0.5835 2 0.311834090503267 "29"
49.87776 -24.23811 3871 0.592 10 0.311334047108389 "29"
56.16 -31.99 2295 0.9 1 NA "30"
53.54 -20.29 2196 0.88 1 NA "30"
53.18 -19.15 2472 0.8 1 NA "30"
57.51 -15.85 1134 0.3 1 NA "30"
60.4 -23.64 1984 0.91 1 NA "30"
61 -24 1650 -1.17 1 NA "30"
61 -21 2658 0.93 1 NA "30"
-40.94 9.89 4621 -0.4025 4 0.185180092522568 "30"
-44.15 -14.23 3783 0.31 1 NA "30"
5.91 -44.2 4056 1.1 1 NA "30"
-3.48 -7.6 4033 0.71 1 NA "30"
1.66 -10.98 4588 0.78 1 NA "30"
-5.78 -10.75 3125 0.68 1 NA "30"
-3.56 -16.43 4675 0.03 1 NA "30"
-23.43 11.7 2987 0.39 1 NA "30"
30.63 -12.4 2324 0.72 1 NA "30"
25.17 -16.85 2573 0.703333333333333 3 0.0351188458428424 "30"
5.67 -19.85 2862 0.84 1 NA "30"
49.88 -24.24 3883 0.594 5 0.224899977767896 "30"
-31.46 15.31 1372 0.23 1 NA "30"
-22.33 11.2 3204 0.51 1 NA "30"
40.05 -32 2475 0.870443333333333 3 0.185707516361975 "30"
44.07 -40.02 3645 0.94 1 NA "30"
41.75 -47.35 4100 0.386 5 0.272635287517959 "30"
-20.1 9.19 2209 0.45 1 NA "30"
-27.91 -45.88 2504 0.44 1 NA "30"
-29.51 -8.31 4546 0.14 1 NA "30"
6.13 -43.44 4503 -0.34 1 NA "30"
-1.34 -11.9733 3911 0.23 1 NA "30"
31.41415 -75.25807 3000 0.75 2 0.197989898732233 "30"
37.799833 -10.1665 3146 0.28 4 0.122474487139159 "30"
33.683333 -57.616667 4584 0.5835 2 0.311834090503267 "30"
49.87776 -24.23811 3871 0.592 10 0.311334047108389 "30"
56.16 -31.99 2295 0.9 1 NA "31"
53.54 -20.29 2196 0.88 1 NA "31"
53.18 -19.15 2472 0.8 1 NA "31"
57.51 -15.85 1134 0.3 1 NA "31"
60.4 -23.64 1984 0.91 1 NA "31"
61 -24 1650 -1.17 1 NA "31"
61 -21 2658 0.93 1 NA "31"
-40.94 9.89 4621 -0.4025 4 0.185180092522568 "31"
-44.15 -14.23 3783 0.31 1 NA "31"
5.91 -44.2 4056 1.1 1 NA "31"
-3.48 -7.6 4033 0.71 1 NA "31"
1.66 -10.98 4588 0.78 1 NA "31"
-5.78 -10.75 3125 0.68 1 NA "31"
-3.56 -16.43 4675 0.03 1 NA "31"
-23.43 11.7 2987 0.39 1 NA "31"
30.63 -12.4 2324 0.72 1 NA "31"
25.17 -16.85 2573 0.703333333333333 3 0.0351188458428424 "31"
5.67 -19.85 2862 0.84 1 NA "31"
49.88 -24.24 3883 0.594 5 0.224899977767896 "31"
-31.46 15.31 1372 0.23 1 NA "31"
-22.33 11.2 3204 0.51 1 NA "31"
40.05 -32 2475 0.870443333333333 3 0.185707516361975 "31"
44.07 -40.02 3645 0.94 1 NA "31"
41.75 -47.35 4100 0.386 5 0.272635287517959 "31"
-20.1 9.19 2209 0.45 1 NA "31"
-27.91 -45.88 2504 0.44 1 NA "31"
-29.51 -8.31 4546 0.14 1 NA "31"
6.13 -43.44 4503 -0.34 1 NA "31"
-1.34 -11.9733 3911 0.23 1 NA "31"
31.41415 -75.25807 3000 0.75 2 0.197989898732233 "31"
37.799833 -10.1665 3146 0.28 4 0.122474487139159 "31"
33.683333 -57.616667 4584 0.5835 2 0.311834090503267 "31"
49.87776 -24.23811 3871 0.592 10 0.311334047108389 "31"
56.16 -31.99 2295 0.9 1 NA "32"
53.54 -20.29 2196 0.88 1 NA "32"
53.18 -19.15 2472 0.8 1 NA "32"
57.51 -15.85 1134 0.3 1 NA "32"
60.4 -23.64 1984 0.91 1 NA "32"
61 -24 1650 -1.17 1 NA "32"
61 -21 2658 0.93 1 NA "32"
-40.94 9.89 4621 -0.4025 4 0.185180092522568 "32"
-44.15 -14.23 3783 0.31 1 NA "32"
5.91 -44.2 4056 1.1 1 NA "32"
-3.48 -7.6 4033 0.71 1 NA "32"
1.66 -10.98 4588 0.78 1 NA "32"
-5.78 -10.75 3125 0.68 1 NA "32"
-3.56 -16.43 4675 0.03 1 NA "32"
-23.43 11.7 2987 0.39 1 NA "32"
30.63 -12.4 2324 0.72 1 NA "32"
25.17 -16.85 2573 0.703333333333333 3 0.0351188458428424 "32"
5.67 -19.85 2862 0.84 1 NA "32"
49.88 -24.24 3883 0.594 5 0.224899977767896 "32"
-31.46 15.31 1372 0.23 1 NA "32"
-22.33 11.2 3204 0.51 1 NA "32"
40.05 -32 2475 0.870443333333333 3 0.185707516361975 "32"
44.07 -40.02 3645 0.94 1 NA "32"
41.75 -47.35 4100 0.386 5 0.272635287517959 "32"
-20.1 9.19 2209 0.45 1 NA "32"
-27.91 -45.88 2504 0.44 1 NA "32"
-29.51 -8.31 4546 0.14 1 NA "32"
6.13 -43.44 4503 -0.34 1 NA "32"
-1.34 -11.9733 3911 0.23 1 NA "32"
31.41415 -75.25807 3000 0.75 2 0.197989898732233 "32"
37.799833 -10.1665 3146 0.28 4 0.122474487139159 "32"
33.683333 -57.616667 4584 0.5835 2 0.311834090503267 "32"
49.87776 -24.23811 3871 0.592 10 0.311334047108389 "32"
56.16 -31.99 2295 0.9 1 NA "33"
53.54 -20.29 2196 0.88 1 NA "33"
53.18 -19.15 2472 0.8 1 NA "33"
57.51 -15.85 1134 0.3 1 NA "33"
60.4 -23.64 1984 0.91 1 NA "33"
61 -24 1650 -1.17 1 NA "33"
61 -21 2658 0.93 1 NA "33"
-40.94 9.89 4621 -0.4025 4 0.185180092522568 "33"
-44.15 -14.23 3783 0.31 1 NA "33"
5.91 -44.2 4056 1.1 1 NA "33"
-3.48 -7.6 4033 0.71 1 NA "33"
1.66 -10.98 4588 0.78 1 NA "33"
-5.78 -10.75 3125 0.68 1 NA "33"
-3.56 -16.43 4675 0.03 1 NA "33"
-23.43 11.7 2987 0.39 1 NA "33"
30.63 -12.4 2324 0.72 1 NA "33"
25.17 -16.85 2573 0.703333333333333 3 0.0351188458428424 "33"
5.67 -19.85 2862 0.84 1 NA "33"
49.88 -24.24 3883 0.594 5 0.224899977767896 "33"
-31.46 15.31 1372 0.23 1 NA "33"
-22.33 11.2 3204 0.51 1 NA "33"
40.05 -32 2475 0.870443333333333 3 0.185707516361975 "33"
44.07 -40.02 3645 0.94 1 NA "33"
41.75 -47.35 4100 0.386 5 0.272635287517959 "33"
-20.1 9.19 2209 0.45 1 NA "33"
-27.91 -45.88 2504 0.44 1 NA "33"
-29.51 -8.31 4546 0.14 1 NA "33"
6.13 -43.44 4503 -0.34 1 NA "33"
-1.34 -11.9733 3911 0.23 1 NA "33"
31.41415 -75.25807 3000 0.75 2 0.197989898732233 "33"
37.799833 -10.1665 3146 0.28 4 0.122474487139159 "33"
33.683333 -57.616667 4584 0.5835 2 0.311834090503267 "33"
49.87776 -24.23811 3871 0.592 10 0.311334047108389 "33"
56.16 -31.99 2295 0.9 1 NA "34"
53.54 -20.29 2196 0.88 1 NA "34"
53.18 -19.15 2472 0.8 1 NA "34"
57.51 -15.85 1134 0.3 1 NA "34"
60.4 -23.64 1984 0.91 1 NA "34"
61 -24 1650 -1.17 1 NA "34"
61 -21 2658 0.93 1 NA "34"
-40.94 9.89 4621 -0.4025 4 0.185180092522568 "34"
-44.15 -14.23 3783 0.31 1 NA "34"
5.91 -44.2 4056 1.1 1 NA "34"
-3.48 -7.6 4033 0.71 1 NA "34"
1.66 -10.98 4588 0.78 1 NA "34"
-5.78 -10.75 3125 0.68 1 NA "34"
-3.56 -16.43 4675 0.03 1 NA "34"
-23.43 11.7 2987 0.39 1 NA "34"
30.63 -12.4 2324 0.72 1 NA "34"
25.17 -16.85 2573 0.703333333333333 3 0.0351188458428424 "34"
5.67 -19.85 2862 0.84 1 NA "34"
49.88 -24.24 3883 0.594 5 0.224899977767896 "34"
-31.46 15.31 1372 0.23 1 NA "34"
-22.33 11.2 3204 0.51 1 NA "34"
40.05 -32 2475 0.870443333333333 3 0.185707516361975 "34"
44.07 -40.02 3645 0.94 1 NA "34"
41.75 -47.35 4100 0.386 5 0.272635287517959 "34"
-20.1 9.19 2209 0.45 1 NA "34"
-27.91 -45.88 2504 0.44 1 NA "34"
-29.51 -8.31 4546 0.14 1 NA "34"
6.13 -43.44 4503 -0.34 1 NA "34"
-1.34 -11.9733 3911 0.23 1 NA "34"
31.41415 -75.25807 3000 0.75 2 0.197989898732233 "34"
37.799833 -10.1665 3146 0.28 4 0.122474487139159 "34"
33.683333 -57.616667 4584 0.5835 2 0.311834090503267 "34"
49.87776 -24.23811 3871 0.592 10 0.311334047108389 "34"
56.16 -31.99 2295 0.9 1 NA "35"
53.54 -20.29 2196 0.88 1 NA "35"
53.18 -19.15 2472 0.8 1 NA "35"
57.51 -15.85 1134 0.3 1 NA "35"
60.4 -23.64 1984 0.91 1 NA "35"
61 -24 1650 -1.17 1 NA "35"
61 -21 2658 0.93 1 NA "35"
-40.94 9.89 4621 -0.4025 4 0.185180092522568 "35"
-44.15 -14.23 3783 0.31 1 NA "35"
5.91 -44.2 4056 1.1 1 NA "35"
-3.48 -7.6 4033 0.71 1 NA "35"
1.66 -10.98 4588 0.78 1 NA "35"
-5.78 -10.75 3125 0.68 1 NA "35"
-3.56 -16.43 4675 0.03 1 NA "35"
-23.43 11.7 2987 0.39 1 NA "35"
30.63 -12.4 2324 0.72 1 NA "35"
25.17 -16.85 2573 0.703333333333333 3 0.0351188458428424 "35"
5.67 -19.85 2862 0.84 1 NA "35"
49.88 -24.24 3883 0.594 5 0.224899977767896 "35"
-31.46 15.31 1372 0.23 1 NA "35"
-22.33 11.2 3204 0.51 1 NA "35"
40.05 -32 2475 0.870443333333333 3 0.185707516361975 "35"
44.07 -40.02 3645 0.94 1 NA "35"
41.75 -47.35 4100 0.386 5 0.272635287517959 "35"
-20.1 9.19 2209 0.45 1 NA "35"
-27.91 -45.88 2504 0.44 1 NA "35"
-29.51 -8.31 4546 0.14 1 NA "35"
6.13 -43.44 4503 -0.34 1 NA "35"
-1.34 -11.9733 3911 0.23 1 NA "35"
31.41415 -75.25807 3000 0.75 2 0.197989898732233 "35"
37.799833 -10.1665 3146 0.28 4 0.122474487139159 "35"
33.683333 -57.616667 4584 0.5835 2 0.311834090503267 "35"
49.87776 -24.23811 3871 0.592 10 0.311334047108389 "35"
56.16 -31.99 2295 0.9 1 NA "36"
53.54 -20.29 2196 0.88 1 NA "36"
53.18 -19.15 2472 0.8 1 NA "36"
57.51 -15.85 1134 0.3 1 NA "36"
60.4 -23.64 1984 0.91 1 NA "36"
61 -24 1650 -1.17 1 NA "36"
61 -21 2658 0.93 1 NA "36"
-40.94 9.89 4621 -0.4025 4 0.185180092522568 "36"
-44.15 -14.23 3783 0.31 1 NA "36"
5.91 -44.2 4056 1.1 1 NA "36"
-3.48 -7.6 4033 0.71 1 NA "36"
1.66 -10.98 4588 0.78 1 NA "36"
-5.78 -10.75 3125 0.68 1 NA "36"
-3.56 -16.43 4675 0.03 1 NA "36"
-23.43 11.7 2987 0.39 1 NA "36"
30.63 -12.4 2324 0.72 1 NA "36"
25.17 -16.85 2573 0.703333333333333 3 0.0351188458428424 "36"
5.67 -19.85 2862 0.84 1 NA "36"
49.88 -24.24 3883 0.594 5 0.224899977767896 "36"
-31.46 15.31 1372 0.23 1 NA "36"
-22.33 11.2 3204 0.51 1 NA "36"
40.05 -32 2475 0.870443333333333 3 0.185707516361975 "36"
44.07 -40.02 3645 0.94 1 NA "36"
41.75 -47.35 4100 0.386 5 0.272635287517959 "36"
-20.1 9.19 2209 0.45 1 NA "36"
-27.91 -45.88 2504 0.44 1 NA "36"
-29.51 -8.31 4546 0.14 1 NA "36"
6.13 -43.44 4503 -0.34 1 NA "36"
-1.34 -11.9733 3911 0.23 1 NA "36"
31.41415 -75.25807 3000 0.75 2 0.197989898732233 "36"
37.799833 -10.1665 3146 0.28 4 0.122474487139159 "36"
33.683333 -57.616667 4584 0.5835 2 0.311834090503267 "36"
49.87776 -24.23811 3871 0.592 10 0.311334047108389 "36"
56.16 -31.99 2295 0.9 1 NA "37"
53.54 -20.29 2196 0.88 1 NA "37"
53.18 -19.15 2472 0.8 1 NA "37"
57.51 -15.85 1134 0.3 1 NA "37"
60.4 -23.64 1984 0.91 1 NA "37"
61 -24 1650 -1.17 1 NA "37"
61 -21 2658 0.93 1 NA "37"
-40.94 9.89 4621 -0.4025 4 0.185180092522568 "37"
-44.15 -14.23 3783 0.31 1 NA "37"
5.91 -44.2 4056 1.1 1 NA "37"
-3.48 -7.6 4033 0.71 1 NA "37"
1.66 -10.98 4588 0.78 1 NA "37"
-5.78 -10.75 3125 0.68 1 NA "37"
-3.56 -16.43 4675 0.03 1 NA "37"
-23.43 11.7 2987 0.39 1 NA "37"
30.63 -12.4 2324 0.72 1 NA "37"
25.17 -16.85 2573 0.703333333333333 3 0.0351188458428424 "37"
5.67 -19.85 2862 0.84 1 NA "37"
49.88 -24.24 3883 0.594 5 0.224899977767896 "37"
-31.46 15.31 1372 0.23 1 NA "37"
-22.33 11.2 3204 0.51 1 NA "37"
40.05 -32 2475 0.870443333333333 3 0.185707516361975 "37"
44.07 -40.02 3645 0.94 1 NA "37"
41.75 -47.35 4100 0.386 5 0.272635287517959 "37"
-20.1 9.19 2209 0.45 1 NA "37"
-27.91 -45.88 2504 0.44 1 NA "37"
-29.51 -8.31 4546 0.14 1 NA "37"
6.13 -43.44 4503 -0.34 1 NA "37"
-1.34 -11.9733 3911 0.23 1 NA "37"
31.41415 -75.25807 3000 0.75 2 0.197989898732233 "37"
37.799833 -10.1665 3146 0.28 4 0.122474487139159 "37"
33.683333 -57.616667 4584 0.5835 2 0.311834090503267 "37"
49.87776 -24.23811 3871 0.592 10 0.311334047108389 "37"
56.16 -31.99 2295 0.9 1 NA "38"
53.54 -20.29 2196 0.88 1 NA "38"
53.18 -19.15 2472 0.8 1 NA "38"
57.51 -15.85 1134 0.3 1 NA "38"
60.4 -23.64 1984 0.91 1 NA "38"
61 -24 1650 -1.17 1 NA "38"
61 -21 2658 0.93 1 NA "38"
-40.94 9.89 4621 -0.4025 4 0.185180092522568 "38"
-44.15 -14.23 3783 0.31 1 NA "38"
5.91 -44.2 4056 1.1 1 NA "38"
-3.48 -7.6 4033 0.71 1 NA "38"
1.66 -10.98 4588 0.78 1 NA "38"
-5.78 -10.75 3125 0.68 1 NA "38"
-3.56 -16.43 4675 0.03 1 NA "38"
-23.43 11.7 2987 0.39 1 NA "38"
30.63 -12.4 2324 0.72 1 NA "38"
25.17 -16.85 2573 0.703333333333333 3 0.0351188458428424 "38"
5.67 -19.85 2862 0.84 1 NA "38"
49.88 -24.24 3883 0.594 5 0.224899977767896 "38"
-31.46 15.31 1372 0.23 1 NA "38"
-22.33 11.2 3204 0.51 1 NA "38"
40.05 -32 2475 0.870443333333333 3 0.185707516361975 "38"
44.07 -40.02 3645 0.94 1 NA "38"
41.75 -47.35 4100 0.386 5 0.272635287517959 "38"
-20.1 9.19 2209 0.45 1 NA "38"
-27.91 -45.88 2504 0.44 1 NA "38"
-29.51 -8.31 4546 0.14 1 NA "38"
6.13 -43.44 4503 -0.34 1 NA "38"
-1.34 -11.9733 3911 0.23 1 NA "38"
31.41415 -75.25807 3000 0.75 2 0.197989898732233 "38"
37.799833 -10.1665 3146 0.28 4 0.122474487139159 "38"
33.683333 -57.616667 4584 0.5835 2 0.311834090503267 "38"
49.87776 -24.23811 3871 0.592 10 0.311334047108389 "38"
56.16 -31.99 2295 0.9 1 NA "39"
53.54 -20.29 2196 0.88 1 NA "39"
53.18 -19.15 2472 0.8 1 NA "39"
57.51 -15.85 1134 0.3 1 NA "39"
60.4 -23.64 1984 0.91 1 NA "39"
61 -24 1650 -1.17 1 NA "39"
61 -21 2658 0.93 1 NA "39"
-40.94 9.89 4621 -0.4025 4 0.185180092522568 "39"
-44.15 -14.23 3783 0.31 1 NA "39"
5.91 -44.2 4056 1.1 1 NA "39"
-3.48 -7.6 4033 0.71 1 NA "39"
1.66 -10.98 4588 0.78 1 NA "39"
-5.78 -10.75 3125 0.68 1 NA "39"
-3.56 -16.43 4675 0.03 1 NA "39"
-23.43 11.7 2987 0.39 1 NA "39"
30.63 -12.4 2324 0.72 1 NA "39"
25.17 -16.85 2573 0.703333333333333 3 0.0351188458428424 "39"
5.67 -19.85 2862 0.84 1 NA "39"
49.88 -24.24 3883 0.594 5 0.224899977767896 "39"
-31.46 15.31 1372 0.23 1 NA "39"
-22.33 11.2 3204 0.51 1 NA "39"
40.05 -32 2475 0.870443333333333 3 0.185707516361975 "39"
44.07 -40.02 3645 0.94 1 NA "39"
41.75 -47.35 4100 0.386 5 0.272635287517959 "39"
-20.1 9.19 2209 0.45 1 NA "39"
-27.91 -45.88 2504 0.44 1 NA "39"
-29.51 -8.31 4546 0.14 1 NA "39"
6.13 -43.44 4503 -0.34 1 NA "39"
-1.34 -11.9733 3911 0.23 1 NA "39"
31.41415 -75.25807 3000 0.75 2 0.197989898732233 "39"
37.799833 -10.1665 3146 0.28 4 0.122474487139159 "39"
33.683333 -57.616667 4584 0.5835 2 0.311834090503267 "39"
49.87776 -24.23811 3871 0.592 10 0.311334047108389 "39"
56.16 -31.99 2295 0.9 1 NA "40"
53.54 -20.29 2196 0.88 1 NA "40"
53.18 -19.15 2472 0.8 1 NA "40"
57.51 -15.85 1134 0.3 1 NA "40"
60.4 -23.64 1984 0.91 1 NA "40"
61 -24 1650 -1.17 1 NA "40"
61 -21 2658 0.93 1 NA "40"
-40.94 9.89 4621 -0.4025 4 0.185180092522568 "40"
-44.15 -14.23 3783 0.31 1 NA "40"
5.91 -44.2 4056 1.1 1 NA "40"
-3.48 -7.6 4033 0.71 1 NA "40"
1.66 -10.98 4588 0.78 1 NA "40"
-5.78 -10.75 3125 0.68 1 NA "40"
-3.56 -16.43 4675 0.03 1 NA "40"
-23.43 11.7 2987 0.39 1 NA "40"
30.63 -12.4 2324 0.72 1 NA "40"
25.17 -16.85 2573 0.703333333333333 3 0.0351188458428424 "40"
5.67 -19.85 2862 0.84 1 NA "40"
49.88 -24.24 3883 0.594 5 0.224899977767896 "40"
-31.46 15.31 1372 0.23 1 NA "40"
-22.33 11.2 3204 0.51 1 NA "40"
40.05 -32 2475 0.870443333333333 3 0.185707516361975 "40"
44.07 -40.02 3645 0.94 1 NA "40"
41.75 -47.35 4100 0.386 5 0.272635287517959 "40"
-20.1 9.19 2209 0.45 1 NA "40"
-27.91 -45.88 2504 0.44 1 NA "40"
-29.51 -8.31 4546 0.14 1 NA "40"
6.13 -43.44 4503 -0.34 1 NA "40"
-1.34 -11.9733 3911 0.23 1 NA "40"
31.41415 -75.25807 3000 0.75 2 0.197989898732233 "40"
37.799833 -10.1665 3146 0.28 4 0.122474487139159 "40"
33.683333 -57.616667 4584 0.5835 2 0.311834090503267 "40"
49.87776 -24.23811 3871 0.592 10 0.311334047108389 "40"
56.16 -31.99 2295 0.9 1 NA "41"
53.54 -20.29 2196 0.88 1 NA "41"
53.18 -19.15 2472 0.8 1 NA "41"
57.51 -15.85 1134 0.3 1 NA "41"
60.4 -23.64 1984 0.91 1 NA "41"
61 -24 1650 -1.17 1 NA "41"
61 -21 2658 0.93 1 NA "41"
-40.94 9.89 4621 -0.4025 4 0.185180092522568 "41"
-44.15 -14.23 3783 0.31 1 NA "41"
5.91 -44.2 4056 1.1 1 NA "41"
-3.48 -7.6 4033 0.71 1 NA "41"
1.66 -10.98 4588 0.78 1 NA "41"
-5.78 -10.75 3125 0.68 1 NA "41"
-3.56 -16.43 4675 0.03 1 NA "41"
-23.43 11.7 2987 0.39 1 NA "41"
30.63 -12.4 2324 0.72 1 NA "41"
25.17 -16.85 2573 0.703333333333333 3 0.0351188458428424 "41"
5.67 -19.85 2862 0.84 1 NA "41"
49.88 -24.24 3883 0.594 5 0.224899977767896 "41"
-31.46 15.31 1372 0.23 1 NA "41"
-22.33 11.2 3204 0.51 1 NA "41"
40.05 -32 2475 0.870443333333333 3 0.185707516361975 "41"
44.07 -40.02 3645 0.94 1 NA "41"
41.75 -47.35 4100 0.386 5 0.272635287517959 "41"
-20.1 9.19 2209 0.45 1 NA "41"
-27.91 -45.88 2504 0.44 1 NA "41"
-29.51 -8.31 4546 0.14 1 NA "41"
6.13 -43.44 4503 -0.34 1 NA "41"
-1.34 -11.9733 3911 0.23 1 NA "41"
31.41415 -75.25807 3000 0.75 2 0.197989898732233 "41"
37.799833 -10.1665 3146 0.28 4 0.122474487139159 "41"
33.683333 -57.616667 4584 0.5835 2 0.311834090503267 "41"
49.87776 -24.23811 3871 0.592 10 0.311334047108389 "41"
56.16 -31.99 2295 0.9 1 NA "42"
53.54 -20.29 2196 0.88 1 NA "42"
53.18 -19.15 2472 0.8 1 NA "42"
57.51 -15.85 1134 0.3 1 NA "42"
60.4 -23.64 1984 0.91 1 NA "42"
61 -24 1650 -1.17 1 NA "42"
61 -21 2658 0.93 1 NA "42"
-40.94 9.89 4621 -0.4025 4 0.185180092522568 "42"
-44.15 -14.23 3783 0.31 1 NA "42"
5.91 -44.2 4056 1.1 1 NA "42"
-3.48 -7.6 4033 0.71 1 NA "42"
1.66 -10.98 4588 0.78 1 NA "42"
-5.78 -10.75 3125 0.68 1 NA "42"
-3.56 -16.43 4675 0.03 1 NA "42"
-23.43 11.7 2987 0.39 1 NA "42"
30.63 -12.4 2324 0.72 1 NA "42"
25.17 -16.85 2573 0.703333333333333 3 0.0351188458428424 "42"
5.67 -19.85 2862 0.84 1 NA "42"
49.88 -24.24 3883 0.594 5 0.224899977767896 "42"
-31.46 15.31 1372 0.23 1 NA "42"
-22.33 11.2 3204 0.51 1 NA "42"
40.05 -32 2475 0.870443333333333 3 0.185707516361975 "42"
44.07 -40.02 3645 0.94 1 NA "42"
41.75 -47.35 4100 0.386 5 0.272635287517959 "42"
-20.1 9.19 2209 0.45 1 NA "42"
-27.91 -45.88 2504 0.44 1 NA "42"
-29.51 -8.31 4546 0.14 1 NA "42"
6.13 -43.44 4503 -0.34 1 NA "42"
-1.34 -11.9733 3911 0.23 1 NA "42"
31.41415 -75.25807 3000 0.75 2 0.197989898732233 "42"
37.799833 -10.1665 3146 0.28 4 0.122474487139159 "42"
33.683333 -57.616667 4584 0.5835 2 0.311834090503267 "42"
49.87776 -24.23811 3871 0.592 10 0.311334047108389 "42"
56.16 -31.99 2295 0.9 1 NA "43"
53.54 -20.29 2196 0.88 1 NA "43"
53.18 -19.15 2472 0.8 1 NA "43"
57.51 -15.85 1134 0.3 1 NA "43"
60.4 -23.64 1984 0.91 1 NA "43"
61 -24 1650 -1.17 1 NA "43"
61 -21 2658 0.93 1 NA "43"
-40.94 9.89 4621 -0.4025 4 0.185180092522568 "43"
-44.15 -14.23 3783 0.31 1 NA "43"
5.91 -44.2 4056 1.1 1 NA "43"
-3.48 -7.6 4033 0.71 1 NA "43"
1.66 -10.98 4588 0.78 1 NA "43"
-5.78 -10.75 3125 0.68 1 NA "43"
-3.56 -16.43 4675 0.03 1 NA "43"
-23.43 11.7 2987 0.39 1 NA "43"
30.63 -12.4 2324 0.72 1 NA "43"
25.17 -16.85 2573 0.703333333333333 3 0.0351188458428424 "43"
5.67 -19.85 2862 0.84 1 NA "43"
49.88 -24.24 3883 0.594 5 0.224899977767896 "43"
-31.46 15.31 1372 0.23 1 NA "43"
-22.33 11.2 3204 0.51 1 NA "43"
40.05 -32 2475 0.870443333333333 3 0.185707516361975 "43"
44.07 -40.02 3645 0.94 1 NA "43"
41.75 -47.35 4100 0.386 5 0.272635287517959 "43"
-20.1 9.19 2209 0.45 1 NA "43"
-27.91 -45.88 2504 0.44 1 NA "43"
-29.51 -8.31 4546 0.14 1 NA "43"
6.13 -43.44 4503 -0.34 1 NA "43"
-1.34 -11.9733 3911 0.23 1 NA "43"
31.41415 -75.25807 3000 0.75 2 0.197989898732233 "43"
37.799833 -10.1665 3146 0.28 4 0.122474487139159 "43"
33.683333 -57.616667 4584 0.5835 2 0.311834090503267 "43"
49.87776 -24.23811 3871 0.592 10 0.311334047108389 "43"
56.16 -31.99 2295 0.9 1 NA "44"
53.54 -20.29 2196 0.88 1 NA "44"
53.18 -19.15 2472 0.8 1 NA "44"
57.51 -15.85 1134 0.3 1 NA "44"
60.4 -23.64 1984 0.91 1 NA "44"
61 -24 1650 -1.17 1 NA "44"
61 -21 2658 0.93 1 NA "44"
-40.94 9.89 4621 -0.4025 4 0.185180092522568 "44"
-44.15 -14.23 3783 0.31 1 NA "44"
5.91 -44.2 4056 1.1 1 NA "44"
-3.48 -7.6 4033 0.71 1 NA "44"
1.66 -10.98 4588 0.78 1 NA "44"
-5.78 -10.75 3125 0.68 1 NA "44"
-3.56 -16.43 4675 0.03 1 NA "44"
-23.43 11.7 2987 0.39 1 NA "44"
30.63 -12.4 2324 0.72 1 NA "44"
25.17 -16.85 2573 0.703333333333333 3 0.0351188458428424 "44"
5.67 -19.85 2862 0.84 1 NA "44"
49.88 -24.24 3883 0.594 5 0.224899977767896 "44"
-31.46 15.31 1372 0.23 1 NA "44"
-22.33 11.2 3204 0.51 1 NA "44"
40.05 -32 2475 0.870443333333333 3 0.185707516361975 "44"
44.07 -40.02 3645 0.94 1 NA "44"
41.75 -47.35 4100 0.386 5 0.272635287517959 "44"
-20.1 9.19 2209 0.45 1 NA "44"
-27.91 -45.88 2504 0.44 1 NA "44"
-29.51 -8.31 4546 0.14 1 NA "44"
6.13 -43.44 4503 -0.34 1 NA "44"
-1.34 -11.9733 3911 0.23 1 NA "44"
31.41415 -75.25807 3000 0.75 2 0.197989898732233 "44"
37.799833 -10.1665 3146 0.28 4 0.122474487139159 "44"
33.683333 -57.616667 4584 0.5835 2 0.311834090503267 "44"
49.87776 -24.23811 3871 0.592 10 0.311334047108389 "44"
56.16 -31.99 2295 0.9 1 NA "45"
53.54 -20.29 2196 0.88 1 NA "45"
53.18 -19.15 2472 0.8 1 NA "45"
57.51 -15.85 1134 0.3 1 NA "45"
60.4 -23.64 1984 0.91 1 NA "45"
61 -24 1650 -1.17 1 NA "45"
61 -21 2658 0.93 1 NA "45"
-40.94 9.89 4621 -0.4025 4 0.185180092522568 "45"
-44.15 -14.23 3783 0.31 1 NA "45"
5.91 -44.2 4056 1.1 1 NA "45"
-3.48 -7.6 4033 0.71 1 NA "45"
1.66 -10.98 4588 0.78 1 NA "45"
-5.78 -10.75 3125 0.68 1 NA "45"
-3.56 -16.43 4675 0.03 1 NA "45"
-23.43 11.7 2987 0.39 1 NA "45"
30.63 -12.4 2324 0.72 1 NA "45"
25.17 -16.85 2573 0.703333333333333 3 0.0351188458428424 "45"
5.67 -19.85 2862 0.84 1 NA "45"
49.88 -24.24 3883 0.594 5 0.224899977767896 "45"
-31.46 15.31 1372 0.23 1 NA "45"
-22.33 11.2 3204 0.51 1 NA "45"
40.05 -32 2475 0.870443333333333 3 0.185707516361975 "45"
44.07 -40.02 3645 0.94 1 NA "45"
41.75 -47.35 4100 0.386 5 0.272635287517959 "45"
-20.1 9.19 2209 0.45 1 NA "45"
-27.91 -45.88 2504 0.44 1 NA "45"
-29.51 -8.31 4546 0.14 1 NA "45"
6.13 -43.44 4503 -0.34 1 NA "45"
-1.34 -11.9733 3911 0.23 1 NA "45"
31.41415 -75.25807 3000 0.75 2 0.197989898732233 "45"
37.799833 -10.1665 3146 0.28 4 0.122474487139159 "45"
33.683333 -57.616667 4584 0.5835 2 0.311834090503267 "45"
49.87776 -24.23811 3871 0.592 10 0.311334047108389 "45"
56.16 -31.99 2295 0.9 1 NA "46"
53.54 -20.29 2196 0.88 1 NA "46"
53.18 -19.15 2472 0.8 1 NA "46"
57.51 -15.85 1134 0.3 1 NA "46"
60.4 -23.64 1984 0.91 1 NA "46"
61 -24 1650 -1.17 1 NA "46"
61 -21 2658 0.93 1 NA "46"
-40.94 9.89 4621 -0.4025 4 0.185180092522568 "46"
-44.15 -14.23 3783 0.31 1 NA "46"
5.91 -44.2 4056 1.1 1 NA "46"
-3.48 -7.6 4033 0.71 1 NA "46"
1.66 -10.98 4588 0.78 1 NA "46"
-5.78 -10.75 3125 0.68 1 NA "46"
-3.56 -16.43 4675 0.03 1 NA "46"
-23.43 11.7 2987 0.39 1 NA "46"
30.63 -12.4 2324 0.72 1 NA "46"
25.17 -16.85 2573 0.703333333333333 3 0.0351188458428424 "46"
5.67 -19.85 2862 0.84 1 NA "46"
49.88 -24.24 3883 0.594 5 0.224899977767896 "46"
-31.46 15.31 1372 0.23 1 NA "46"
-22.33 11.2 3204 0.51 1 NA "46"
40.05 -32 2475 0.870443333333333 3 0.185707516361975 "46"
44.07 -40.02 3645 0.94 1 NA "46"
41.75 -47.35 4100 0.386 5 0.272635287517959 "46"
-20.1 9.19 2209 0.45 1 NA "46"
-27.91 -45.88 2504 0.44 1 NA "46"
-29.51 -8.31 4546 0.14 1 NA "46"
6.13 -43.44 4503 -0.34 1 NA "46"
-1.34 -11.9733 3911 0.23 1 NA "46"
31.41415 -75.25807 3000 0.75 2 0.197989898732233 "46"
37.799833 -10.1665 3146 0.28 4 0.122474487139159 "46"
33.683333 -57.616667 4584 0.5835 2 0.311834090503267 "46"
49.87776 -24.23811 3871 0.592 10 0.311334047108389 "46"
